#1 rho_s 
#2 coeffs 
1
340.931 -123.881 0.02 0.014952 0.111011 -0.101643 1.61261 -0.0380403 0.00105417 0.0812164 0.0093916 0.00495769 0.0855511 -0.0968042 -0.0451337 -0.0184538 0.182916 0.0914557 0.39994 -0.0469415 -0.0697824 -0.174115 0.123422 0.255014 0.0235747 -0.0182964 0.0083429 0.0322651 
338.27 -239.631 0.02 0.014952 0.121011 -0.101643 1.61261 -0.0380403 0.00105417 0.0812164 0.0093916 0.00495769 0.0855511 -0.0968042 -0.0451337 -0.0184538 0.182916 0.0914557 0.39994 -0.0469415 -0.0697824 -0.174115 0.123422 0.255014 0.0235747 -0.0182964 0.0083429 0.0322651 
333.123 -632.349 0.02 0.014952 0.131011 -0.101643 1.61261 -0.0380403 0.00105417 0.0812164 0.0093916 0.00495769 0.0855511 -0.0968042 -0.0451337 -0.0184538 0.182916 0.0914557 0.39994 -0.0469415 -0.0697824 -0.174115 0.123422 0.255014 0.0235747 -0.0182964 0.0083429 0.0322651 
325.304 -1223.3 0.02 0.014952 0.141011 -0.101643 1.61261 -0.0380403 0.00105417 0.0812164 0.0093916 0.00495769 0.0855511 -0.0968042 -0.0451337 -0.0184538 0.182916 0.0914557 0.39994 -0.0469415 -0.0697824 -0.174115 0.123422 0.255014 0.0235747 -0.0182964 0.0083429 0.0322651 
318.286 -1404.34 0.02 0.014952 0.151011 -0.101643 1.61261 -0.0380403 0.00105417 0.0812164 0.0093916 0.00495769 0.0855511 -0.0968042 -0.0451337 -0.0184538 0.182916 0.0914557 0.39994 -0.0469415 -0.0697824 -0.174115 0.123422 0.255014 0.0235747 -0.0182964 0.0083429 0.0322651 
314.39 -1303.12 0.02 0.014952 0.161011 -0.101643 1.61261 -0.0380403 0.00105417 0.0812164 0.0093916 0.00495769 0.0855511 -0.0968042 -0.0451337 -0.0184538 0.182916 0.0914557 0.39994 -0.0469415 -0.0697824 -0.174115 0.123422 0.255014 0.0235747 -0.0182964 0.0083429 0.0322651 
313.595 -1131.43 0.02 0.014952 0.171011 -0.101643 1.61261 -0.0380403 0.00105417 0.0812164 0.0093916 0.00495769 0.0855511 -0.0968042 -0.0451337 -0.0184538 0.182916 0.0914557 0.39994 -0.0469415 -0.0697824 -0.174115 0.123422 0.255014 0.0235747 -0.0182964 0.0083429 0.0322651 
315.266 -854.26 0.02 0.014952 0.181011 -0.101643 1.61261 -0.0380403 0.00105417 0.0812164 0.0093916 0.00495769 0.0855511 -0.0968042 -0.0451337 -0.0184538 0.182916 0.0914557 0.39994 -0.0469415 -0.0697824 -0.174115 0.123422 0.255014 0.0235747 -0.0182964 0.0083429 0.0322651 
317.98 -508.066 0.02 0.014952 0.191011 -0.101643 1.61261 -0.0380403 0.00105417 0.0812164 0.0093916 0.00495769 0.0855511 -0.0968042 -0.0451337 -0.0184538 0.182916 0.0914557 0.39994 -0.0469415 -0.0697824 -0.174115 0.123422 0.255014 0.0235747 -0.0182964 0.0083429 0.0322651 
319.988 -241.518 0.02 0.014952 0.201011 -0.101643 1.61261 -0.0380403 0.00105417 0.0812164 0.0093916 0.00495769 0.0855511 -0.0968042 -0.0451337 -0.0184538 0.182916 0.0914557 0.39994 -0.0469415 -0.0697824 -0.174115 0.123422 0.255014 0.0235747 -0.0182964 0.0083429 0.0322651 
320.522 -104.867 0.02 0.014952 0.211011 -0.101643 1.61261 -0.0380403 0.00105417 0.0812164 0.0093916 0.00495769 0.0855511 -0.0968042 -0.0451337 -0.0184538 0.182916 0.0914557 0.39994 -0.0469415 -0.0697824 -0.174115 0.123422 0.255014 0.0235747 -0.0182964 0.0083429 0.0322651 
319.88 -35.2536 0.02 0.014952 0.221011 -0.101643 1.61261 -0.0380403 0.00105417 0.0812164 0.0093916 0.00495769 0.0855511 -0.0968042 -0.0451337 -0.0184538 0.182916 0.0914557 0.39994 -0.0469415 -0.0697824 -0.174115 0.123422 0.255014 0.0235747 -0.0182964 0.0083429 0.0322651 
318.486 21.9598 0.02 0.014952 0.231011 -0.101643 1.61261 -0.0380403 0.00105417 0.0812164 0.0093916 0.00495769 0.0855511 -0.0968042 -0.0451337 -0.0184538 0.182916 0.0914557 0.39994 -0.0469415 -0.0697824 -0.174115 0.123422 0.255014 0.0235747 -0.0182964 0.0083429 0.0322651 
316.566 79.8255 0.02 0.014952 0.241011 -0.101643 1.61261 -0.0380403 0.00105417 0.0812164 0.0093916 0.00495769 0.0855511 -0.0968042 -0.0451337 -0.0184538 0.182916 0.0914557 0.39994 -0.0469415 -0.0697824 -0.174115 0.123422 0.255014 0.0235747 -0.0182964 0.0083429 0.0322651 
314.184 137.892 0.02 0.014952 0.251011 -0.101643 1.61261 -0.0380403 0.00105417 0.0812164 0.0093916 0.00495769 0.0855511 -0.0968042 -0.0451337 -0.0184538 0.182916 0.0914557 0.39994 -0.0469415 -0.0697824 -0.174115 0.123422 0.255014 0.0235747 -0.0182964 0.0083429 0.0322651 
311.335 198.709 0.02 0.014952 0.261011 -0.101643 1.61261 -0.0380403 0.00105417 0.0812164 0.0093916 0.00495769 0.0855511 -0.0968042 -0.0451337 -0.0184538 0.182916 0.0914557 0.39994 -0.0469415 -0.0697824 -0.174115 0.123422 0.255014 0.0235747 -0.0182964 0.0083429 0.0322651 
308.016 260.518 0.02 0.014952 0.271011 -0.101643 1.61261 -0.0380403 0.00105417 0.0812164 0.0093916 0.00495769 0.0855511 -0.0968042 -0.0451337 -0.0184538 0.182916 0.0914557 0.39994 -0.0469415 -0.0697824 -0.174115 0.123422 0.255014 0.0235747 -0.0182964 0.0083429 0.0322651 
304.242 314.442 0.02 0.014952 0.281011 -0.101643 1.61261 -0.0380403 0.00105417 0.0812164 0.0093916 0.00495769 0.0855511 -0.0968042 -0.0451337 -0.0184538 0.182916 0.0914557 0.39994 -0.0469415 -0.0697824 -0.174115 0.123422 0.255014 0.0235747 -0.0182964 0.0083429 0.0322651 
300.086 356.885 0.02 0.014952 0.291011 -0.101643 1.61261 -0.0380403 0.00105417 0.0812164 0.0093916 0.00495769 0.0855511 -0.0968042 -0.0451337 -0.0184538 0.182916 0.0914557 0.39994 -0.0469415 -0.0697824 -0.174115 0.123422 0.255014 0.0235747 -0.0182964 0.0083429 0.0322651 
295.693 388.756 0.02 0.014952 0.301011 -0.101643 1.61261 -0.0380403 0.00105417 0.0812164 0.0093916 0.00495769 0.0855511 -0.0968042 -0.0451337 -0.0184538 0.182916 0.0914557 0.39994 -0.0469415 -0.0697824 -0.174115 0.123422 0.255014 0.0235747 -0.0182964 0.0083429 0.0322651 
step:0.01
rho_limit:8039.88
d_min:20
