#1 rho_s 
#2 coeffs 
400 20
for(int i=1;i<num_coeffs-1;++i)
    x[i] = 1.0/(double)(i);
double beta1 = 0.9;
  double beta2 = 0.999;
  double alpha = 0.01;
  double epsilon = 1e-8;
  
59.4222 0.02 0 1 0.5 0.333333 0.25 0.2 0.166667 0.142857 0.125 0.111111 0.1 0.0909091 0.0833333 0.0769231 0.0714286 0.0666667 0.0625 0.0588235 0.0555556 0.0526316 0.05 0.047619 0.0454545 0.0434783 0.0416667 
62.2182 0.02 -0.000277466 0.998018 0.498619 0.332385 0.249952 0.198275 0.164713 0.14255 0.122863 0.110138 0.0981812 0.0886501 0.0795765 0.0752356 0.0711308 0.0644244 0.059701 0.0584341 0.053709 0.0518928 0.0440256 0.0474663 0.0446036 0.0428869 0.040417 
64.8092 0.02 -0.000730626 0.996495 0.497648 0.331599 0.250258 0.196643 0.162593 0.142409 0.120745 0.10928 0.096475 0.0869338 0.0758518 0.0736922 0.0709588 0.0623547 0.0569644 0.0581193 0.052394 0.0517789 0.0376236 0.0475948 0.0438151 0.0422838 0.039512 
66.8684 0.02 -0.00118965 0.995549 0.497365 0.331025 0.251047 0.195094 0.160498 0.142494 0.118667 0.108685 0.0950101 0.0857127 0.0723324 0.0723712 0.0709148 0.0605235 0.0544873 0.0579356 0.0516915 0.0523206 0.0309871 0.0480071 0.0430557 0.0417409 0.0390556 
69.0024 0.02 -0.00147581 0.995186 0.497936 0.330671 0.252359 0.193616 0.158628 0.142796 0.116654 0.108427 0.0939153 0.0848658 0.0691405 0.0713125 0.0709511 0.0589513 0.0524077 0.0579108 0.051666 0.0533618 0.0242937 0.0486865 0.0422696 0.0412919 0.0390672 
71.5153 0.02 -0.00147607 0.995236 0.499361 0.33049 0.254114 0.192098 0.157125 0.143236 0.114703 0.108466 0.093227 0.0841552 0.0663142 0.0704611 0.0709883 0.0576124 0.0507363 0.0580089 0.0522969 0.0546117 0.017631 0.0495365 0.0413843 0.0409199 0.0394777 
74.4146 0.02 -0.00115644 0.995494 0.501524 0.330418 0.256187 0.190419 0.156033 0.143718 0.112793 0.108721 0.0929064 0.0833645 0.0638341 0.0697259 0.0709506 0.0564631 0.0494147 0.0581712 0.053493 0.0558168 0.0110387 0.0504399 0.0403374 0.0405858 0.0401886 
77.6481 0.02 -0.000549199 0.995801 0.504249 0.330399 0.258455 0.188511 0.155308 0.14417 0.110896 0.109108 0.0928698 0.0823705 0.0616398 0.0690256 0.0707827 0.0554579 0.0483607 0.0583498 0.0551217 0.0568358 0.00452776 0.0513057 0.0390897 0.0402473 0.0411093 
81.1895 0.02 0.000261764 0.996071 0.507331 0.330392 0.260821 0.186368 0.15483 0.144544 0.108976 0.10957 0.093 0.0811546 0.0596287 0.0683012 0.07045 0.0545529 0.0474872 0.0585278 0.0570244 0.0576556 -0.0019373 0.0520865 0.037618 0.0398685 0.0421762 
85.0071 0.02 0.00114375 0.996287 0.510544 0.330368 0.263203 0.184036 0.154403 0.144823 0.106989 0.110076 0.0931436 0.0797937 0.0576536 0.0675168 0.0699348 0.0537126 0.046711 0.0587281 0.0590096 0.0583815 -0.00843883 0.0527749 0.0359122 0.0394275 0.0433584 
89.0592 0.02 0.0019658 0.99645 0.51367 0.330301 0.265512 0.181573 0.153847 0.144987 0.104904 0.110604 0.0931519 0.0783734 0.0555962 0.0666486 0.0692234 0.052919 0.0459682 0.0589857 0.0608883 0.0591179 -0.0150118 0.0533641 0.033968 0.0389127 0.0446362 
93.3245 0.02 0.0026612 0.996534 0.516584 0.330165 0.267671 0.178987 0.153091 0.145008 0.102712 0.111122 0.0929391 0.0769046 0.0534221 0.0656706 0.0683001 0.0521641 0.0452179 0.0593076 0.0625479 0.0598716 -0.0216192 0.0538257 0.0317761 0.0383083 0.0459851 
97.6774 0.02 0.00320048 0.996519 0.51923 0.329951 0.269639 0.176268 0.152114 0.144882 0.100416 0.111595 0.0924769 0.0753735 0.0511383 0.0645749 0.0671752 0.0514424 0.0444332 0.0596694 0.0639511 0.0606204 -0.0282086 0.0541416 0.029353 0.0376034 0.047385 
101.876 0.02 0.0035564 0.996414 0.521581 0.329673 0.271414 0.173418 0.150907 0.144635 0.0980324 0.111992 0.0917645 0.0737897 0.0487622 0.0633834 0.0659026 0.0507501 0.0435918 0.0600284 0.0651024 0.0613695 -0.0347435 0.054321 0.0267647 0.0368035 0.0488296 
105.687 0.02 0.00370558 0.99625 0.523635 0.329361 0.273023 0.170453 0.149479 0.14432 0.0955816 0.112292 0.0908135 0.0721804 0.0463289 0.0621326 0.0645704 0.0500846 0.0426715 0.0603381 0.0660248 0.0621424 -0.0411985 0.0543818 0.0241141 0.0359303 0.0503241 
108.976 0.02 0.00364137 0.996074 0.525429 0.329054 0.274511 0.167393 0.147872 0.14399 0.0930907 0.112482 0.0896439 0.0705738 0.043899 0.0608571 0.0632811 0.0494444 0.0416511 0.0605594 0.0667479 0.0629581 -0.047549 0.0543321 0.0215163 0.0350161 0.0518792 
111.718 0.02 0.003379 0.995937 0.527024 0.328786 0.275928 0.164263 0.14616 0.143692 0.0905907 0.11256 0.0882846 0.0689945 0.0415502 0.0595849 0.0621348 0.0488295 0.0405134 0.0606685 0.0673033 0.0638237 -0.053769 0.0541688 0.019079 0.0340979 0.0535052 
113.972 0.02 0.00295155 0.995886 0.528489 0.32859 0.277326 0.161095 0.144426 0.143463 0.0881138 0.112533 0.0867721 0.0674647 0.0393603 0.0583402 0.061215 0.0482423 0.039248 0.0606609 0.0677215 0.0647374 -0.0598304 0.0538853 0.0168872 0.0332098 0.0552085 
115.827 0.02 0.00240236 0.995955 0.529886 0.328484 0.278746 0.15792 0.142739 0.143327 0.0856889 0.112411 0.085145 0.0660046 0.0373903 0.0571451 0.0605762 0.047689 0.037852 0.0605506 0.0680288 0.0656911 -0.0657015 0.0534792 0.0149901 0.0323755 0.0569888 
117.344 0.02 0.00177785 0.996156 0.531251 0.328474 0.280208 0.154767 0.141139 0.143291 0.0833363 0.1122 0.0834378 0.0646298 0.0356752 0.0560189 0.0602365 0.0471811 0.0363293 0.0603655 0.0682433 0.066671 -0.0713434 0.0529546 0.0133942 0.0316015 0.0588385 
118.526 0.02 0.00112356 0.996477 0.532594 0.328545 0.281708 0.151654 0.139622 0.143349 0.0810676 0.1119 0.0816781 0.0633487 0.0342244 0.0549784 0.0601789 0.046737 0.0346889 0.0601411 0.068375 0.0676565 -0.0767035 0.0523217 0.0120667 0.0308764 0.0607419 
119.34 0.02 0.000483961 0.996884 0.533901 0.328673 0.283216 0.148593 0.138153 0.143482 0.0788886 0.111501 0.0798878 0.0621641 0.0330299 0.0540396 0.0603586 0.0463829 0.032946 0.0599154 0.0684269 0.068618 -0.0817073 0.0515957 0.0109463 0.0301735 0.0626754 
119.776 0.02 -9.5423e-05 0.997325 0.53514 0.32882 0.284686 0.145597 0.136675 0.143665 0.0768046 0.110986 0.078089 0.0610777 0.0320765 0.0532212 0.0607133 0.0461509 0.0311237 0.0597269 0.0683994 0.0695172 -0.0862563 0.0507968 0.00995755 0.0294561 0.0646067 
119.896 0.02 -0.000566257 0.997747 0.536279 0.328946 0.28606 0.14269 0.135126 0.143873 0.0748245 0.11034 0.0763096 0.0600958 0.0313491 0.052547 0.061174 0.0460749 0.0292537 0.0596145 0.0682962 0.0703116 -0.0902391 0.0499511 0.00902525 0.0286857 0.0664972 
119.832 0.02 -0.000877949 0.998108 0.537296 0.329018 0.287292 0.139911 0.133459 0.14409 0.0729598 0.109557 0.0745857 0.0592313 0.0308348 0.0520437 0.0616768 0.0461833 0.0273747 0.0596177 0.0681292 0.0709623 -0.0935569 0.0490894 0.00808551 0.0278288 0.0683086 
119.734 0.02 -0.000981043 0.99839 0.538193 0.329014 0.288354 0.137309 0.131656 0.144308 0.0712215 0.108643 0.0729598 0.0585031 0.0305209 0.0517376 0.0621725 0.0464936 0.0255266 0.0597752 0.0679208 0.0714442 -0.0961523 0.0482443 0.00709281 0.0268635 0.0700106 
119.725 0.02 -0.000832398 0.998598 0.538996 0.328928 0.289245 0.134933 0.129727 0.144534 0.069616 0.107618 0.0714763 0.057931 0.0303934 0.05165 0.0626325 0.0470093 0.0237443 0.0601235 0.0677018 0.0717509 -0.0980224 0.0474461 0.00602133 0.0257807 0.071587 
119.877 0.02 -0.00040057 0.998758 0.53975 0.328765 0.289987 0.132827 0.12771 0.144782 0.0681433 0.106505 0.0701747 0.0575309 0.0304356 0.0517934 0.0630476 0.0477211 0.0220535 0.0606939 0.0675056 0.0718933 -0.0992147 0.0467191 0.00486263 0.0245838 0.0730355 
120.221 0.02 0.000329699 0.998906 0.540501 0.328538 0.290613 0.131021 0.125657 0.145074 0.0667979 0.105331 0.0690852 0.0573095 0.0306287 0.0521694 0.0634243 0.0486099 0.0204691 0.0615085 0.0673619 0.0718946 -0.099809 0.0460791 0.00362191 0.0232849 0.0743646 
120.755 0.02 0.0013549 0.999077 0.541288 0.328267 0.291158 0.129524 0.123621 0.145428 0.0655701 0.104116 0.0682238 0.0572614 0.0309528 0.0527681 0.0637794 0.0496505 0.0189945 0.062577 0.0672907 0.0717829 -0.099898 0.0455319 0.00231419 0.0219022 0.0755888 
121.454 0.02 0.00265252 0.999297 0.542136 0.327965 0.291652 0.128328 0.121652 0.145861 0.0644476 0.102872 0.0675907 0.0573679 0.0313879 0.0535682 0.0641345 0.0508144 0.0176222 0.063894 0.0672996 0.0715854 -0.0995704 0.0450726 0.000960904 0.0204564 0.0767253 
122.273 0.02 0.00418322 0.999578 0.543049 0.327648 0.292111 0.127403 0.119784 0.146381 0.0634175 0.101598 0.0671703 0.0575976 0.0319151 0.0545393 0.0645123 0.0520724 0.0163353 0.0654391 0.0673828 0.0713241 -0.0989 0.0446866 -0.00041327 0.018969 0.0777906 
123.152 0.02 0.00589468 0.999919 0.544014 0.327325 0.292539 0.126707 0.118038 0.146989 0.0624672 0.100287 0.0669337 0.0579098 0.0325173 0.0556444 0.0649337 0.0533954 0.0151102 0.0671789 0.0675226 0.071014 -0.0979401 0.0443517 -0.00178301 0.0174599 0.0787998 
124.033 0.02 0.0077262 1.0003 0.545 0.327 0.292929 0.126185 0.11642 0.147681 0.0615855 0.0989226 0.066843 0.0582579 0.0331794 0.0568423 0.0654153 0.0547539 0.01392 0.0690694 0.0676925 0.070663 -0.0967239 0.0440404 -0.00312424 0.0159472 0.0797655 
124.875 0.02 0.00961389 1.00071 0.545971 0.326677 0.293268 0.125782 0.114925 0.148444 0.0607628 0.0974863 0.0668554 0.0585945 0.0338884 0.0580911 0.0659695 0.0561184 0.0127381 0.0710598 0.0678616 0.070274 -0.0952701 0.0437232 -0.00441513 0.0144468 0.0806992 
125.661 0.02 0.0114964 1.00111 0.546885 0.32636 0.29354 0.125444 0.113546 0.149266 0.0599911 0.0959629 0.0669293 0.0588768 0.0346332 0.05935 0.0666033 0.0574583 0.0115419 0.0730976 0.0679992 0.0698476 -0.0935908 0.0433719 -0.0056367 0.0129731 0.0816117 
126.392 0.02 0.013321 1.00149 0.547711 0.326053 0.293738 0.12513 0.112276 0.150132 0.059263 0.0943443 0.0670291 0.059072 0.0354056 0.060583 0.0673196 0.0587434 0.0103153 0.0751331 0.0680804 0.0693849 -0.0917 0.0429632 -0.00677303 0.0115392 0.0825149 
127.078 0.02 0.015049 1.00183 0.548431 0.325765 0.29386 0.124812 0.11111 0.15103 0.058571 0.092633 0.0671294 0.0591612 0.0361999 0.0617611 0.0681173 0.0599447 0.00905108 0.0771246 0.0680897 0.0688899 -0.0896201 0.0424806 -0.00781152 0.0101571 0.0834225 
127.722 0.02 0.0166589 1.00212 0.549042 0.32551 0.293915 0.124479 0.110053 0.151949 0.0579081 0.0908424 0.0672168 0.0591406 0.0370142 0.0628633 0.068992 0.0610351 0.0077507 0.0790413 0.0680226 0.0683704 -0.0873833 0.0419165 -0.00874313 0.00883852 0.0843502 
128.314 0.02 0.018146 1.00238 0.549558 0.325301 0.293923 0.124134 0.109109 0.152884 0.0572673 0.088995 0.0672901 0.0590193 0.0378495 0.0638771 0.0699356 0.06199 0.00642444 0.0808636 0.0678855 0.0678374 -0.0850296 0.0412713 -0.00956275 0.00759496 0.0853138 
128.842 0.02 0.0195209 1.00262 0.550002 0.325155 0.293902 0.123795 0.108289 0.153829 0.0566429 0.0871194 0.067358 0.058816 0.0387092 0.0647967 0.0709359 0.0627866 0.00509014 0.0825815 0.0676928 0.0673039 -0.0826021 0.0405533 -0.0102696 0.00643813 0.0863284 
129.294 0.02 0.0208052 1.00285 0.550399 0.325086 0.293872 0.123484 0.107599 0.154776 0.0560314 0.0852465 0.0674364 0.0585536 0.0395974 0.0656212 0.0719754 0.0634032 0.00377192 0.0841917 0.0674639 0.0667829 -0.0801404 0.039777 -0.0108679 0.00538004 0.0874053 
129.667 0.02 0.0220274 1.00309 0.550771 0.325105 0.293844 0.123228 0.107041 0.155716 0.0554313 0.0834051 0.0675442 0.0582548 0.0405173 0.0663523 0.0730313 0.0638192 0.00249858 0.0856939 0.0672199 0.0662851 -0.0776761 0.0389608 -0.0113666 0.00443269 0.0885506 
129.968 0.02 0.0232181 1.00334 0.551131 0.325219 0.29382 0.123052 0.106609 0.156636 0.0548426 0.0816201 0.0677 0.0579385 0.0414689 0.0669929 0.0740758 0.0640154 0.00130168 0.0870879 0.0669797 0.0658182 -0.0752296 0.0381255 -0.0117791 0.00360737 0.0897645 
130.213 0.02 0.0244061 1.0036 0.551481 0.325428 0.29379 0.122974 0.106291 0.15752 0.0542666 0.0799103 0.0679182 0.0576178 0.0424483 0.0675448 0.0750782 0.0639759 0.000212874 0.0883725 0.0667588 0.065386 -0.0728105 0.037292 -0.0121221 0.00291349 0.0910404 
130.423 0.02 0.0256148 1.00386 0.551815 0.325727 0.293739 0.123008 0.106067 0.158348 0.0537043 0.0782888 0.0682061 0.0572995 0.0434466 0.0680094 0.0760068 0.0636896 -0.000739222 0.0895443 0.0665672 0.0649895 -0.0704205 0.0364791 -0.0124142 0.00235698 0.0923668 
130.622 0.02 0.0268602 1.0041 0.552121 0.326104 0.293646 0.123157 0.105915 0.159104 0.0531558 0.0767631 0.0685629 0.0569851 0.0444502 0.0683872 0.0768325 0.0631527 -0.00153225 0.0905986 0.0664104 0.0646278 -0.0680581 0.0357016 -0.0126742 0.00193898 0.0937281 
130.829 0.02 0.02815 1.00432 0.552384 0.326546 0.293493 0.123418 0.10581 0.159773 0.0526201 0.0753368 0.0689788 0.0566722 0.0454416 0.0686792 0.0775312 0.0623703 -0.00215305 0.0915305 0.0662894 0.0642996 -0.0657226 0.03497 -0.01292 0.00165465 0.0951069 
131.057 0.02 0.0294846 1.0045 0.552594 0.327035 0.29327 0.123782 0.105729 0.160344 0.0520946 0.0740097 0.0694366 0.0563567 0.0464017 0.068888 0.0780864 0.0613567 -0.00259918 0.0923371 0.0662027 0.0640052 -0.0634186 0.0342895 -0.0131676 0.00149322 0.0964856 
131.307 0.02 0.0308584 1.00463 0.552748 0.327553 0.29297 0.124236 0.10565 0.160815 0.0515751 0.0727793 0.069914 0.0560339 0.0473115 0.0690183 0.078491 0.0601343 -0.002879 0.0930189 0.0661469 0.0637471 -0.0611577 0.0336611 -0.0134301 0.00143907 0.0978493 
131.573 0.02 0.0322621 1.0047 0.552848 0.328083 0.292598 0.124763 0.105554 0.161187 0.0510562 0.0716406 0.0703863 0.0556999 0.0481548 0.0690776 0.0787479 0.0587319 -0.00301022 0.0935811 0.0661184 0.0635303 -0.0589594 0.0330828 -0.0137173 0.00147363 0.0991872 
131.842 0.02 0.033685 1.00472 0.552905 0.328614 0.292165 0.125344 0.105429 0.161468 0.0505314 0.0705862 0.0708298 0.0553521 0.0489202 0.0690752 0.0788698 0.0571818 -0.00301753 0.0940339 0.0661138 0.063363 -0.0568502 0.0325508 -0.0140351 0.00157764 0.100494 
132.102 0.02 0.0351166 1.0047 0.552936 0.329138 0.291686 0.125961 0.10526 0.161667 0.0499933 0.0696069 0.071223 0.0549887 0.0496013 0.069022 0.0788778 0.0555168 -0.00292952 0.0943922 0.0661306 0.0632549 -0.0548605 0.0320602 -0.0143854 0.00173313 0.10177 
132.341 0.02 0.0365473 1.00466 0.552962 0.329654 0.291177 0.126594 0.105041 0.161799 0.0494343 0.0686913 0.0715486 0.0546088 0.0501972 0.0689289 0.0787992 0.0537689 -0.00277584 0.0946736 0.0661671 0.0632162 -0.0530215 0.0316062 -0.0147666 0.00192482 0.103019 
132.557 0.02 0.0379685 1.0046 0.553002 0.330162 0.290653 0.127225 0.104764 0.161877 0.0488473 0.0678266 0.0717928 0.0542111 0.0507111 0.0688064 0.0786644 0.0519669 -0.00258469 0.094897 0.0662217 0.0632565 -0.051362 0.031184 -0.0151734 0.00214073 0.10425 
132.749 0.02 0.0393724 1.00455 0.553073 0.330668 0.290126 0.127835 0.104423 0.161913 0.0482261 0.0669993 0.071946 0.0537941 0.0511483 0.0686633 0.0785038 0.0501364 -0.00238073 0.0950801 0.0662928 0.0633825 -0.0499048 0.0307888 -0.0155987 0.00237205 0.105472 
132.922 0.02 0.0407522 1.00452 0.55319 0.331177 0.289601 0.12841 0.104014 0.16192 0.0475663 0.066196 0.0720012 0.0533552 0.0515147 0.0685066 0.0783456 0.048299 -0.00218371 0.0952379 0.0663778 0.0635977 -0.0486648 0.0304158 -0.0160334 0.00261274 0.106691 
133.083 0.02 0.0421015 1.00451 0.553359 0.331692 0.289081 0.128935 0.103535 0.161906 0.0468653 0.065404 0.0719542 0.0528911 0.0518154 0.068341 0.0782127 0.0464724 -0.00200751 0.0953817 0.0664735 0.0639012 -0.0476474 0.0300602 -0.0164681 0.00285883 0.107913 
