#1 rho_s 
#2 coeffs 
new mesh
x0[2] = 1.1;
  //x0[0] = 0.0;
  //x0[8] = 1.0;
  double rhos = myfunc(x0,grad0);
  double ng = 0;
  double step = rhos/100;
88.242 0.02 0 0 1.1 0 0 0 0 0 0 0 0 0 0 0 0 0 0 0 0 0 0 0 0 0 0 
89.1093 0.0200001 1.65329e-06 1.33543e-06 1.10064 2.36769e-06 3.30072e-06 1.4356e-06 -3.70191e-06 -6.10112e-07 1.6098e-06 8.62447e-07 1.28829e-07 -1.12607e-06 0.000159387 -1.73679e-06 -2.19566e-07 6.43278e-06 -1.29662e-05 1.99117e-06 -1.74199e-06 -2.06776e-06 2.80594e-06 6.47125e-07 -2.74038e-06 -4.72411e-08 1.00332e-06 
89.978 0.0200001 3.30658e-06 2.67086e-06 1.10128 4.73539e-06 6.60143e-06 2.87119e-06 -7.40382e-06 -1.22022e-06 3.2196e-06 1.72489e-06 2.57658e-07 -2.25215e-06 0.000318773 -3.47359e-06 -4.39132e-07 1.28656e-05 -2.59324e-05 3.98233e-06 -3.48398e-06 -4.13551e-06 5.61188e-06 1.29425e-06 -5.48076e-06 -9.44822e-08 2.00664e-06 
90.8481 0.0200002 4.95986e-06 4.00628e-06 1.10191 7.10308e-06 9.90215e-06 4.30679e-06 -1.11057e-05 -1.83034e-06 4.8294e-06 2.58734e-06 3.86488e-07 -3.37822e-06 0.00047816 -5.21038e-06 -6.58698e-07 1.92983e-05 -3.88986e-05 5.9735e-06 -5.22597e-06 -6.20327e-06 8.41782e-06 1.94137e-06 -8.22114e-06 -1.41723e-07 3.00997e-06 
91.7186 0.0200003 6.61315e-06 5.34171e-06 1.10255 9.47077e-06 1.32029e-05 5.74239e-06 -1.48076e-05 -2.44045e-06 6.43921e-06 3.44979e-06 5.15317e-07 -4.5043e-06 0.000637546 -6.94717e-06 -8.78264e-07 2.57311e-05 -5.18648e-05 7.96466e-06 -6.96796e-06 -8.27103e-06 1.12238e-05 2.5885e-06 -1.09615e-05 -1.88964e-07 4.01329e-06 
92.5896 0.0200003 8.26644e-06 6.67714e-06 1.10319 1.18385e-05 1.65036e-05 7.17799e-06 -1.85095e-05 -3.05056e-06 8.04901e-06 4.31224e-06 6.44146e-07 -5.63037e-06 0.000796933 -8.68396e-06 -1.09783e-06 3.21639e-05 -6.4831e-05 9.95583e-06 -8.70995e-06 -1.03388e-05 1.40297e-05 3.23562e-06 -1.37019e-05 -2.36205e-07 5.01661e-06 
93.4606 0.0200004 9.91973e-06 8.01257e-06 1.10383 1.42062e-05 1.98043e-05 8.61358e-06 -2.22115e-05 -3.66067e-06 9.65881e-06 5.17468e-06 7.72975e-07 -6.75644e-06 0.00095632 -1.04208e-05 -1.3174e-06 3.85967e-05 -7.77972e-05 1.1947e-05 -1.04519e-05 -1.24065e-05 1.68356e-05 3.88275e-06 -1.64423e-05 -2.83447e-07 6.01993e-06 
94.3324 0.0200004 1.1573e-05 9.348e-06 1.10446 1.65738e-05 2.3105e-05 1.00492e-05 -2.59134e-05 -4.27079e-06 1.12686e-05 6.03713e-06 9.01804e-07 -7.88252e-06 0.00111571 -1.21575e-05 -1.53696e-06 4.50294e-05 -9.07634e-05 1.39382e-05 -1.21939e-05 -1.44743e-05 1.96416e-05 4.52987e-06 -1.91827e-05 -3.30688e-07 7.02325e-06 
95.2025 0.0200005 1.32263e-05 1.06834e-05 1.1051 1.89415e-05 2.64057e-05 1.14848e-05 -2.96153e-05 -4.8809e-06 1.28784e-05 6.89958e-06 1.03063e-06 -9.00859e-06 0.00127509 -1.38943e-05 -1.75653e-06 5.14622e-05 -0.00010373 1.59293e-05 -1.39359e-05 -1.65421e-05 2.24475e-05 5.177e-06 -2.1923e-05 -3.77929e-07 8.02657e-06 
96.0718 0.0200005 1.48796e-05 1.20189e-05 1.10574 2.13092e-05 2.97064e-05 1.29204e-05 -3.33172e-05 -5.49101e-06 1.44882e-05 7.76202e-06 1.15946e-06 -1.01347e-05 0.00143448 -1.56311e-05 -1.97609e-06 5.7895e-05 -0.000116696 1.79205e-05 -1.56779e-05 -1.86098e-05 2.52534e-05 5.82412e-06 -2.46634e-05 -4.2517e-07 9.0299e-06 
96.9398 0.0200006 1.65329e-05 1.33543e-05 1.10638 2.36769e-05 3.30072e-05 1.4356e-05 -3.70191e-05 -6.10112e-06 1.6098e-05 8.62447e-06 1.28829e-06 -1.12607e-05 0.00159387 -1.73679e-05 -2.19566e-06 6.43278e-05 -0.000129662 1.99117e-05 -1.74199e-05 -2.06776e-05 2.80594e-05 6.47125e-06 -2.74038e-05 -4.72411e-07 1.00332e-05 
97.8062 0.0200006 1.81862e-05 1.46897e-05 1.10701 2.60446e-05 3.63079e-05 1.57916e-05 -4.0721e-05 -6.71124e-06 1.77078e-05 9.48692e-06 1.41712e-06 -1.23868e-05 0.00175325 -1.91047e-05 -2.41523e-06 7.07605e-05 -0.000142628 2.19028e-05 -1.91619e-05 -2.27453e-05 3.08653e-05 7.11837e-06 -3.01442e-05 -5.19652e-07 1.10365e-05 
98.6708 0.0200007 1.98395e-05 1.60251e-05 1.10765 2.84123e-05 3.96086e-05 1.72272e-05 -4.44229e-05 -7.32135e-06 1.93176e-05 1.03494e-05 1.54595e-06 -1.35129e-05 0.00191264 -2.08415e-05 -2.63479e-06 7.71933e-05 -0.000155594 2.3894e-05 -2.09039e-05 -2.48131e-05 3.36713e-05 7.7655e-06 -3.28846e-05 -5.66893e-07 1.20399e-05 
99.5332 0.0200007 2.14927e-05 1.73606e-05 1.10829 3.078e-05 4.29093e-05 1.86628e-05 -4.81248e-05 -7.93146e-06 2.09274e-05 1.12118e-05 1.67478e-06 -1.4639e-05 0.00207203 -2.25783e-05 -2.85436e-06 8.36261e-05 -0.000168561 2.58852e-05 -2.26459e-05 -2.68808e-05 3.64772e-05 8.41262e-06 -3.56249e-05 -6.14134e-07 1.30432e-05 
100.393 0.0200007 2.3146e-05 1.8696e-05 1.10893 3.31477e-05 4.621e-05 2.00984e-05 -5.18267e-05 -8.54157e-06 2.25372e-05 1.20743e-05 1.80361e-06 -1.5765e-05 0.00223141 -2.43151e-05 -3.07392e-06 9.00589e-05 -0.000181527 2.78763e-05 -2.43879e-05 -2.89486e-05 3.92831e-05 9.05975e-06 -3.83653e-05 -6.61375e-07 1.40465e-05 
101.251 0.0200008 2.47993e-05 2.00314e-05 1.10957 3.55154e-05 4.95107e-05 2.1534e-05 -5.55286e-05 -9.15169e-06 2.4147e-05 1.29367e-05 1.93244e-06 -1.68911e-05 0.0023908 -2.60519e-05 -3.29349e-06 9.64916e-05 -0.000194493 2.98675e-05 -2.61298e-05 -3.10163e-05 4.20891e-05 9.70687e-06 -4.11057e-05 -7.08616e-07 1.50498e-05 
102.105 0.0200008 2.64526e-05 2.13668e-05 1.1102 3.78831e-05 5.28114e-05 2.29696e-05 -5.92306e-05 -9.7618e-06 2.57568e-05 1.37992e-05 2.06127e-06 -1.80172e-05 0.00255019 -2.77887e-05 -3.51306e-06 0.000102924 -0.000207459 3.18587e-05 -2.78718e-05 -3.30841e-05 4.4895e-05 1.0354e-05 -4.38461e-05 -7.55858e-07 1.60531e-05 
102.955 0.0200008 2.81059e-05 2.27023e-05 1.11084 4.02508e-05 5.61122e-05 2.44052e-05 -6.29325e-05 -1.03719e-05 2.73666e-05 1.46616e-05 2.1901e-06 -1.91433e-05 0.00270957 -2.95255e-05 -3.73262e-06 0.000109357 -0.000220425 3.38498e-05 -2.96138e-05 -3.51519e-05 4.7701e-05 1.10011e-05 -4.65865e-05 -8.03099e-07 1.70565e-05 
103.802 0.0200008 2.97592e-05 2.40377e-05 1.11148 4.26185e-05 5.94129e-05 2.58407e-05 -6.66344e-05 -1.0982e-05 2.89764e-05 1.5524e-05 2.31893e-06 -2.02693e-05 0.00286896 -3.12623e-05 -3.95219e-06 0.00011579 -0.000233392 3.5841e-05 -3.13558e-05 -3.72196e-05 5.05069e-05 1.16482e-05 -4.93269e-05 -8.5034e-07 1.80598e-05 
104.645 0.0200009 3.14125e-05 2.53731e-05 1.11212 4.49862e-05 6.27136e-05 2.72763e-05 -7.03363e-05 -1.15921e-05 3.05862e-05 1.63865e-05 2.44775e-06 -2.13954e-05 0.00302835 -3.29991e-05 -4.17175e-06 0.000122223 -0.000246358 3.78322e-05 -3.30978e-05 -3.92874e-05 5.33128e-05 1.22954e-05 -5.20672e-05 -8.97581e-07 1.90631e-05 
105.484 0.0200009 3.30658e-05 2.67086e-05 1.11275 4.73539e-05 6.60143e-05 2.87119e-05 -7.40382e-05 -1.22022e-05 3.2196e-05 1.72489e-05 2.57658e-06 -2.25215e-05 0.00318773 -3.47359e-05 -4.39132e-06 0.000128656 -0.000259324 3.98233e-05 -3.48398e-05 -4.13551e-05 5.61188e-05 1.29425e-05 -5.48076e-05 -9.44822e-07 2.00664e-05 
ng:1.80092e+06
step:0.88242
rho_limit:1225.03
d_min:20.0009
