#1 rho_s 
#2 coeffs 
400 20 
double beta1 = 0.9;
  double beta2 = 0.999;
  double alpha = 0.01;
  double epsilon = 1e-8;
  
106.723 0.02 0 0 1.2 0 0 0 0 0 0 0 0 0 0 0 0 0 0 0 0 0 0 0 0 0 0 
117.528 0.0200001 -2.29231e-05 -3.85335e-05 1.19012 -5.84009e-05 1.16769e-05 -1.44544e-05 3.24064e-05 1.05861e-05 1.43509e-05 -1.28206e-05 4.38058e-05 2.61023e-05 0.001544 4.58328e-05 -3.56805e-05 -3.69776e-05 0.000113531 -3.43934e-05 -7.47864e-06 2.64882e-05 -6.0967e-05 -1.14515e-05 -5.65237e-06 -2.67493e-05 3.14111e-05 
126.999 0.0200003 -4.45148e-05 -7.82822e-05 1.1803 -0.000118002 2.29138e-05 -2.91139e-05 6.40113e-05 2.16918e-05 2.87884e-05 -2.40682e-05 8.08264e-05 5.30287e-05 0.00326242 9.21495e-05 -6.72499e-05 -7.25848e-05 0.000222935 -6.97035e-05 -1.49048e-05 5.29088e-05 -0.000120299 -2.36235e-05 -1.13473e-05 -5.44402e-05 6.38605e-05 
134.084 0.0200004 -6.39003e-05 -0.000119016 1.17064 -0.000178383 3.47988e-05 -4.35219e-05 9.38889e-05 3.31424e-05 4.3852e-05 -3.31197e-05 0.000109262 8.07193e-05 0.00513485 0.000138555 -9.38653e-05 -0.000104573 0.000323638 -0.000106016 -2.30427e-05 7.82495e-05 -0.000176522 -3.61372e-05 -1.76181e-05 -8.32567e-05 9.80974e-05 
137.953 0.0200006 -7.96484e-05 -0.000160083 1.1614 -0.000238398 4.91452e-05 -5.68614e-05 0.000120885 4.46426e-05 6.04347e-05 -3.92185e-05 0.000127198 0.000108879 0.00711705 0.000184086 -0.000114549 -0.000129189 0.0004082 -0.000142878 -3.31795e-05 0.000100427 -0.000227096 -4.83056e-05 -2.54535e-05 -0.000113182 0.000135073 
138.545 0.0200006 -8.96882e-05 -0.0002 1.15305 -0.00029563 6.84226e-05 -6.78702e-05 0.000143624 5.55483e-05 7.96592e-05 -4.1616e-05 0.000133024 0.00013671 0.00912235 0.000226781 -0.000128417 -0.000141184 0.000466064 -0.000178907 -4.70223e-05 0.000115815 -0.000268056 -5.86654e-05 -3.625e-05 -0.000143718 0.000175605 
136.914 0.0200007 -9.20113e-05 -0.000236438 1.14628 -0.00034649 9.49977e-05 -7.50511e-05 0.000160949 6.49626e-05 0.000102504 -3.99525e-05 0.000126385 0.000162821 0.0110213 0.000263833 -0.000135118 -0.000135163 0.00048634 -0.000211779 -6.61009e-05 0.000119983 -0.000294994 -6.52187e-05 -5.14301e-05 -0.000173708 0.000219859 
134.727 0.0200007 -8.58507e-05 -0.000267289 1.14162 -0.000387902 0.000130005 -7.74017e-05 0.00017221 7.21156e-05 0.000129276 -3.46004e-05 0.000108843 0.000185851 0.0126918 0.000293189 -0.000135254 -0.000108376 0.000463483 -0.000239257 -9.09638e-05 0.000110883 -0.000305349 -6.66992e-05 -7.16629e-05 -0.000201809 0.000267212 
133.261 0.0200008 -7.2098e-05 -0.000291814 1.13917 -0.00041896 0.000173121 -7.49067e-05 0.000177494 7.67642e-05 0.000159711 -2.63946e-05 8.30222e-05 0.000205295 0.014075 0.000314785 -0.000130094 -6.16994e-05 0.000399462 -0.000260418 -0.00012112 9.03043e-05 -0.000299825 -6.34632e-05 -9.66841e-05 -0.000227269 0.000316848 
132.964 0.0200008 -5.24135e-05 -0.000310569 1.1387 -0.000440671 0.000223342 -6.82662e-05 0.000177114 7.91462e-05 0.00019338 -1.61471e-05 5.12319e-05 0.000221481 0.0151725 0.000329808 -0.000120874 2.11344e-06 0.000300234 -0.000275646 -0.000155694 6.12741e-05 -0.000281181 -5.6577e-05 -0.000125741 -0.000250092 0.000368401 
133.708 0.020001 -2.84411e-05 -0.000324649 1.13982 -0.000454796 0.00027967 -5.83908e-05 0.000171238 7.96955e-05 0.000229908 -4.43103e-06 1.49463e-05 0.000235065 0.0160145 0.00033962 -0.000108421 8.01695e-05 0.000171996 -0.000285933 -0.000193928 2.62245e-05 -0.000252497 -4.6956e-05 -0.000158015 -0.000270699 0.000421902 
135.115 0.0200011 -1.48203e-06 -0.000335236 1.14215 -0.000463165 0.000341259 -4.6146e-05 0.000159939 7.88656e-05 0.000269002 8.43009e-06 -2.50445e-05 0.000246726 0.0166383 0.000345397 -9.31823e-05 0.000170021 1.99124e-05 -0.000292372 -0.000235252 -1.30386e-05 -0.000216404 -3.52679e-05 -0.00019281 -0.000289626 0.000477588 
136.737 0.0200011 2.75357e-05 -0.000343438 1.14536 -0.000467456 0.000407376 -3.23043e-05 0.000143394 7.70715e-05 0.000310411 2.22768e-05 -6.83202e-05 0.000257075 0.0170822 0.000348116 -7.53528e-05 0.00026962 -0.000151766 -0.000295966 -0.00027922 -5.48954e-05 -0.00017501 -2.20922e-05 -0.000229551 -0.000307401 0.000535698 
138.159 0.0200011 5.79605e-05 -0.00035024 1.14912 -0.000469188 0.00047727 -1.75736e-05 0.000122008 7.4681e-05 0.000353822 3.70289e-05 -0.000114525 0.000266624 0.0173857 0.000348694 -5.50487e-05 0.000377037 -0.000339108 -0.000297605 -0.000325388 -9.76581e-05 -0.000130073 -8.04139e-06 -0.000267696 -0.000324494 0.000596265 
139.086 0.0200011 8.92261e-05 -0.000356542 1.15313 -0.000469778 0.000550019 -2.63629e-06 9.64601e-05 7.20292e-05 0.000398792 5.25858e-05 -0.000163115 0.000275825 0.0175903 0.00034807 -3.24352e-05 0.000490128 -0.000537824 -0.000298062 -0.000373186 -0.000139615 -8.32524e-05 6.23126e-06 -0.00030666 -0.000341304 0.000659042 
139.386 0.0200011 0.000120694 -0.00036313 1.15707 -0.000470553 0.000624441 1.1832e-05 6.77069e-05 6.94088e-05 0.000444685 6.87665e-05 -0.00021317 0.000285036 0.0177393 0.000347188 -7.86427e-06 0.000606319 -0.000742809 -0.000298005 -0.000421841 -0.000179179 -3.62888e-05 2.0137e-05 -0.000345742 -0.000358124 0.000723366 
139.124 0.0200012 0.000151637 -0.000370654 1.16066 -0.000472707 0.000699097 2.51893e-05 3.69159e-05 6.70737e-05 0.000490679 8.52985e-05 -0.000263337 0.000294505 0.0178735 0.0003469 1.80346e-05 0.000722602 -0.000948109 -0.000297985 -0.000470379 -0.000214973 8.96441e-06 3.31895e-05 -0.000384121 -0.000375133 0.000788138 
138.523 0.0200012 0.000181292 -0.000379573 1.16364 -0.000477199 0.00077244 3.68947e-05 5.33827e-06 6.52132e-05 0.000535852 0.000101838 -0.000311978 0.000304337 0.0180265 0.000347875 4.44206e-05 0.000835825 -0.00114749 -0.000298413 -0.000517725 -0.00024591 5.0673e-05 4.50388e-05 -0.000420938 -0.00039238 0.000851962 
137.87 0.0200012 0.000208972 -0.000390125 1.16582 -0.00048466 0.000843077 4.65839e-05 -2.58846e-05 6.39413e-05 0.000579354 0.000118037 -0.000357478 0.000314521 0.0182209 0.000350542 7.03708e-05 0.000943211 -0.00133545 -0.000299544 -0.000562903 -0.000271287 8.72958e-05 5.54727e-05 -0.000455438 -0.000409807 0.000913433 
137.411 0.0200012 0.000234231 -0.000402344 1.1671 -0.000495363 0.000910035 5.40984e-05 -5.59471e-05 6.32884e-05 0.000620573 0.000133618 -0.000398574 0.00032496 0.0184667 0.00035508 9.50949e-05 0.00104285 -0.00150818 -0.000301478 -0.000605224 -0.00029083 0.000117873 6.44251e-05 -0.00048711 -0.0004273 0.000971453 
137.282 0.0200013 0.000256888 -0.0004161 1.16746 -0.00050926 0.000972905 5.947e-05 -8.44192e-05 6.32176e-05 0.000659217 0.00014843 -0.000434584 0.000335526 0.0187636 0.000361456 0.000118099 0.00113396 -0.00166415 -0.000304186 -0.000644386 -0.000304664 0.000142078 7.1949e-05 -0.000515742 -0.000444727 0.00102544 
137.492 0.0200015 0.000277108 -0.000431193 1.16698 -0.000526051 0.00103185 6.29026e-05 -0.000111339 6.36336e-05 0.000695346 0.000162458 -0.000465408 0.000346113 0.0191035 0.000369474 0.000139224 0.00121691 -0.001804 -0.000307552 -0.000680501 -0.000313268 0.000160304 7.8203e-05 -0.000541443 -0.000461987 0.00107539 
137.953 0.0200016 0.000295292 -0.000447361 1.16578 -0.000545286 0.00108753 6.46913e-05 -0.00013708 6.44306e-05 0.000729302 0.000175793 -0.000491443 0.000356632 0.0194726 0.000378848 0.000158618 0.00129299 -0.00193028 -0.000311393 -0.000714026 -0.00031731 0.000173446 8.33667e-05 -0.000564557 -0.000479012 0.00112182 
138.515 0.0200017 0.000312037 -0.000464322 1.16401 -0.000566409 0.00114098 6.51967e-05 -0.000162315 6.5481e-05 0.000761667 0.000188609 -0.000513439 0.000367026 0.019853 0.00038923 0.000176656 0.00136423 -0.00204697 -0.000315481 -0.000745677 -0.000317582 0.000182817 8.76527e-05 -0.000585622 -0.000495758 0.00116569 
139.024 0.0200017 0.000328075 -0.000481786 1.16188 -0.000588791 0.00119351 6.48164e-05 -0.000187947 6.66446e-05 0.000793202 0.00020113 -0.00053235 0.000377266 0.0202232 0.000400229 0.000193851 0.00143317 -0.00215906 -0.00031956 -0.000776356 -0.000314923 0.000190029 9.12847e-05 -0.000605319 -0.000512203 0.0012083 
139.363 0.0200017 0.000344194 -0.000499469 1.15957 -0.000611767 0.00124664 6.39734e-05 -0.000215001 6.77858e-05 0.000824782 0.000213594 -0.000549217 0.000387343 0.020559 0.000411441 0.000210755 0.00150267 -0.00227218 -0.00032335 -0.000807081 -0.000310196 0.000196845 9.44631e-05 -0.000624404 -0.000528334 0.00125114 
139.485 0.0200017 0.000361178 -0.000517076 1.1573 -0.000634676 0.00130192 6.31011e-05 -0.000244537 6.87649e-05 0.000857315 0.00022622 -0.000565052 0.000397245 0.0208351 0.000422467 0.000227888 0.00157566 -0.00239209 -0.000326562 -0.000838882 -0.00030425 0.000205068 9.73779e-05 -0.000643645 -0.000544141 0.00129578 
139.416 0.0200017 0.000379756 -0.000534345 1.15524 -0.000656904 0.00136081 6.25953e-05 -0.000277537 6.94499e-05 0.000891675 0.000239187 -0.000580732 0.000406975 0.0210283 0.00043294 0.000245675 0.00165486 -0.00252418 -0.00032892 -0.000872707 -0.000297855 0.000216414 0.000100194 -0.000663764 -0.000559607 0.00134373 
139.236 0.0200017 0.000400566 -0.000551045 1.15357 -0.000677926 0.00142457 6.27996e-05 -0.000314816 6.97348e-05 0.000928596 0.000252618 -0.000596931 0.000416522 0.0211199 0.000442553 0.000264402 0.00174256 -0.00267298 -0.000330202 -0.000909331 -0.000291684 0.00023237 0.00010303 -0.000685353 -0.00057472 0.00139632 
139.046 0.0200018 0.000424104 -0.000567012 1.15238 -0.00069738 0.0014941 6.39752e-05 -0.000356931 6.95426e-05 0.000968627 0.000266591 -0.000614095 0.000425884 0.021099 0.000451098 0.000284224 0.0018404 -0.00284176 -0.000330257 -0.000949286 -0.000286273 0.000254074 0.000105971 -0.000708836 -0.000589474 0.00145453 
138.928 0.0200018 0.000450687 -0.000582178 1.15175 -0.000715086 0.00156992 6.62804e-05 -0.000404125 6.88239e-05 0.00101205 0.000281133 -0.000632412 0.000435073 0.0209632 0.000458478 0.00030516 0.00194929 -0.00303234 -0.000329035 -0.000992825 -0.000281984 0.000282231 0.000109072 -0.000734413 -0.000603882 0.00151893 
138.923 0.0200019 0.00048047 -0.000596548 1.15167 -0.000731063 0.00165211 6.97773e-05 -0.000456384 6.75575e-05 0.00105889 0.00029623 -0.000651837 0.000444095 0.0207189 0.000464707 0.000327114 0.00206934 -0.00324505 -0.000326585 -0.00103994 -0.00027901 0.000317113 0.000112365 -0.000762064 -0.000617968 0.00158968 
139.023 0.0200021 0.000513432 -0.000610192 1.1521 -0.000745512 0.0017404 7.44474e-05 -0.000513452 6.57379e-05 0.00110892 0.000311829 -0.000672105 0.000452945 0.02038 0.000469901 0.000349871 0.00219999 -0.00347881 -0.000323053 -0.00109036 -0.000277392 0.000358563 0.000115873 -0.000791565 -0.000631771 0.00166654 
139.185 0.0200023 0.000549348 -0.00062322 1.15296 -0.000758781 0.00183413 8.02111e-05 -0.000574808 6.33554e-05 0.00116169 0.00032784 -0.00069279 0.000461599 0.0199663 0.000474259 0.000373108 0.00234 -0.00373127 -0.000318667 -0.00114362 -0.000277043 0.000406022 0.00011964 -0.000822519 -0.000645334 0.00174886 
139.346 0.0200027 0.000587853 -0.000635756 1.15414 -0.000771317 0.00193234 8.6947e-05 -0.00063977 6.04094e-05 0.00121656 0.000344132 -0.000713295 0.000469996 0.019502 0.000478034 0.000396385 0.00248757 -0.00399892 -0.000313717 -0.00119905 -0.000277791 0.00045859 0.000123706 -0.000854383 -0.000658702 0.00183564 
139.453 0.0200032 0.000628403 -0.000647919 1.15549 -0.000783632 0.00203381 9.45276e-05 -0.000707414 5.68762e-05 0.00127268 0.000360527 -0.000732901 0.00047805 0.0190139 0.000481513 0.000419165 0.0026404 -0.00427726 -0.000308539 -0.00125582 -0.00027944 0.000515036 0.000128154 -0.000886473 -0.000671914 0.0019255 
139.477 0.0200038 0.000670355 -0.000659784 1.15688 -0.000796263 0.00213715 0.000102819 -0.000776669 5.27227e-05 0.00132913 0.000376809 -0.000750819 0.000485621 0.0185294 0.000485012 0.000440823 0.00279587 -0.00456111 -0.000303483 -0.00131301 -0.000281776 0.000573907 0.000133083 -0.00091803 -0.000684998 0.00201685 
139.422 0.0200043 0.000713007 -0.000671388 1.15817 -0.00080971 0.00224088 0.000111708 -0.000846377 4.79031e-05 0.00138489 0.000392736 -0.000766263 0.000492543 0.0180749 0.00048882 0.000460696 0.0029512 -0.00484497 -0.000298895 -0.00136962 -0.000284615 0.000633644 0.00013861 -0.000948267 -0.000697971 0.00210791 
139.319 0.0200048 0.00075565 -0.000682716 1.15923 -0.0008244 0.0023436 0.000121107 -0.000915368 4.23652e-05 0.00143902 0.000408068 -0.000778537 0.000498633 0.0176731 0.000493188 0.000478148 0.00310377 -0.00512358 -0.000295082 -0.00142474 -0.000287815 0.000692726 0.000144853 -0.000976444 -0.000710836 0.00219697 
139.211 0.0200053 0.000797686 -0.000693715 1.15999 -0.000840643 0.00244414 0.000130955 -0.00098266 3.60629e-05 0.00149071 0.000422592 -0.000787123 0.000503713 0.0173414 0.000498293 0.000492659 0.00325136 -0.00539252 -0.000292284 -0.00147757 -0.000291275 0.000749877 0.000151901 -0.00100194 -0.000723589 0.00228256 
139.139 0.0200057 0.000838691 -0.000704307 1.16039 -0.000858609 0.00254168 0.000141226 -0.00104757 2.89677e-05 0.00153939 0.00043615 -0.000791749 0.000507637 0.017091 0.000504232 0.000503896 0.00339244 -0.00564876 -0.000290652 -0.00152758 -0.000294953 0.000804224 0.000159797 -0.00102434 -0.000736232 0.00236363 
139.124 0.020006 0.000878447 -0.000714403 1.16041 -0.00087835 0.00263589 0.000151922 -0.00110976 2.10502e-05 0.00158479 0.000448664 -0.000792424 0.000510305 0.0169258 0.000511029 0.000511761 0.00352638 -0.00589099 -0.000290247 -0.00157451 -0.000298851 0.000855379 0.000168562 -0.00104343 -0.000748756 0.00243969 
139.167 0.0200063 0.000916985 -0.000723928 1.16009 -0.00089978 0.00272691 0.000163074 -0.00116936 1.23097e-05 0.00162694 0.000460135 -0.000789423 0.000511683 0.0168435 0.000518625 0.000516405 0.00365344 -0.00611981 -0.000291039 -0.00161846 -0.000303017 0.000903501 0.000178143 -0.00105926 -0.000761163 0.00251087 
139.246 0.0200065 0.000954605 -0.000732819 1.15947 -0.000922707 0.00281535 0.000174726 -0.00122693 2.77051e-06 0.00166618 0.000470645 -0.000783257 0.000511795 0.0168357 0.000526897 0.000518196 0.00377478 -0.00633755 -0.000292907 -0.00165977 -0.000307508 0.000949303 0.000188423 -0.00107209 -0.000773463 0.00257787 
139.333 0.0200067 0.000991801 -0.000741022 1.15865 -0.000946871 0.0029022 0.000186941 -0.0012834 -7.53529e-06 0.00170309 0.000480331 -0.000774611 0.000510711 0.0168899 0.000535684 0.00051768 0.00389223 -0.006548 -0.000295672 -0.00169908 -0.000312401 0.000993923 0.000199242 -0.00108238 -0.00078567 0.0026419 
139.402 0.0200069 0.00102921 -0.000748506 1.15771 -0.000971965 0.00298872 0.000199785 -0.00133996 -1.85612e-05 0.00173839 0.000489367 -0.000764256 0.000508542 0.0169905 0.0005448 0.000515503 0.00400816 -0.00675594 -0.000299105 -0.00173715 -0.000317764 0.0010388 0.000210395 -0.00109071 -0.000797806 0.0027045 
139.439 0.020007 0.00106754 -0.000755263 1.15677 -0.000997664 0.00307627 0.000213317 -0.00139795 -3.02456e-05 0.0017729 0.00049794 -0.000752981 0.000505423 0.0171205 0.00055405 0.000512353 0.00412509 -0.00696662 -0.000302955 -0.00177484 -0.000323638 0.00108551 0.000221632 -0.00109772 -0.00080989 0.00276736 
139.445 0.0200071 0.00110751 -0.000761294 1.15592 -0.00102367 0.00316622 0.000227579 -0.00145873 -4.25281e-05 0.00180741 0.000506222 -0.000741525 0.000501495 0.0172634 0.000563259 0.000508878 0.00424553 -0.00718514 -0.000306977 -0.001813 -0.000330025 0.00113563 0.000232703 -0.00110403 -0.000821937 0.00283216 
139.431 0.0200071 0.00114972 -0.000766599 1.15523 -0.00104975 0.00325972 0.0002426 -0.00152344 -5.53513e-05 0.00184259 0.000514345 -0.000730501 0.000496879 0.0174046 0.000572289 0.000505634 0.00437163 -0.00741596 -0.000310955 -0.00185235 -0.000336894 0.00119046 0.00024337 -0.00111022 -0.000833958 0.00290035 
139.416 0.0200072 0.00119461 -0.000771179 1.15478 -0.00107572 0.00335764 0.000258381 -0.00159301 -6.8663e-05 0.00187895 0.000522389 -0.000720369 0.000491663 0.0175328 0.000581049 0.000503045 0.00450497 -0.00766241 -0.000314723 -0.00189347 -0.000344177 0.00125098 0.000253432 -0.00111669 -0.000845956 0.00297301 
139.414 0.0200072 0.00124244 -0.00077503 1.15457 -0.0011015 0.00346048 0.000274894 -0.00166801 -8.24344e-05 0.00191669 0.000530386 -0.000711408 0.000485899 0.017641 0.000589509 0.000501389 0.00464645 -0.00792641 -0.000318173 -0.00193668 -0.000351768 0.00131776 0.000262766 -0.00112367 -0.000857924 0.00305075 
139.43 0.0200072 0.00129323 -0.000778128 1.15462 -0.00112712 0.00356829 0.000292094 -0.00174865 -9.6655e-05 0.0019558 0.000538304 -0.000703715 0.00047958 0.0177262 0.000597687 0.000500772 0.00479619 -0.00820831 -0.000321266 -0.00198207 -0.000359549 0.0013909 0.000271328 -0.0011312 -0.000869842 0.00313366 
139.46 0.0200072 0.00134678 -0.000780423 1.1549 -0.00115267 0.00368076 0.000309913 -0.00183475 -0.000111339 0.00199598 0.000546057 -0.000697223 0.000472642 0.0177899 0.000605646 0.000501151 0.00495357 -0.00850695 -0.00032403 -0.00202948 -0.000367389 0.00147 0.000279163 -0.00113912 -0.000881681 0.0032213 
139.495 0.0200072 0.00140268 -0.000781845 1.15535 -0.00117831 0.00379717 0.000328276 -0.00192579 -0.000126525 0.00203672 0.000553509 -0.000691725 0.000464975 0.0178367 0.000613483 0.000502339 0.0051173 -0.00881978 -0.00032654 -0.00207854 -0.000375168 0.00155432 0.000286399 -0.00114709 -0.000893398 0.00331276 
139.523 0.0200072 0.0014604 -0.000782297 1.15591 -0.00120422 0.00391657 0.000347098 -0.00202097 -0.000142265 0.00207734 0.000560489 -0.000686929 0.000456427 0.017874 0.000621305 0.000504056 0.00528559 -0.00914316 -0.000328906 -0.00212869 -0.000382779 0.00164276 0.000293225 -0.00115464 -0.000904944 0.00340677 
139.537 0.0200072 0.00151928 -0.000781662 1.1565 -0.00123061 0.00403781 0.000366286 -0.00211924 -0.000158621 0.00211707 0.000566814 -0.000682485 0.000446819 0.0179102 0.000629219 0.000505949 0.00545633 -0.00947282 -0.000331252 -0.00217927 -0.00039012 0.00173402 0.000299863 -0.00116123 -0.000916256 0.00350182 
139.538 0.0200073 0.00157866 -0.000779819 1.15706 -0.00125766 0.00415972 0.000385749 -0.00221952 -0.000175656 0.00215512 0.0005723 -0.000678045 0.000435976 0.0179535 0.00063732 0.00050766 0.00562738 -0.00980432 -0.000333699 -0.00222962 -0.0003971 0.00182676 0.000306541 -0.00116631 -0.000927266 0.00359638 
139.531 0.0200073 0.00163795 -0.000776651 1.15751 -0.00128553 0.00428125 0.000405394 -0.00232076 -0.000193426 0.0021908 0.000576785 -0.000673301 0.000423737 0.018011 0.00064568 0.000508862 0.00579676 -0.0101336 -0.000336347 -0.0022791 -0.000403632 0.00191975 0.000313468 -0.00116937 -0.000937907 0.00368904 
139.524 0.0200073 0.00169667 -0.000772053 1.15782 -0.00131432 0.00440156 0.000425143 -0.00242211 -0.000211967 0.00222354 0.00058014 -0.00066803 0.000409974 0.0180874 0.000654343 0.000509312 0.00596293 -0.0104574 -0.000339256 -0.00232725 -0.000409647 0.00201202 0.000320795 -0.00117004 -0.000948123 0.00377868 
139.527 0.0200073 0.00175455 -0.00076594 1.15795 -0.00134407 0.00452015 0.000444934 -0.00252307 -0.000231304 0.00225301 0.00058229 -0.000662127 0.000394613 0.0181846 0.000663326 0.000508878 0.00612496 -0.0107738 -0.00034245 -0.00237378 -0.000415088 0.00210299 0.000328615 -0.00116811 -0.000957869 0.00386462 
139.541 0.0200073 0.00181151 -0.000758275 1.15791 -0.00137478 0.00463691 0.000464709 -0.00262346 -0.000251431 0.00227909 0.0005832 -0.000655604 0.000377644 0.0183012 0.000672626 0.000507583 0.00628264 -0.0110824 -0.000345899 -0.00241866 -0.000419892 0.00219254 0.000336937 -0.00116352 -0.000967113 0.00394671 
139.565 0.0200073 0.00186771 -0.000749045 1.15771 -0.00140642 0.00475211 0.000484428 -0.00272359 -0.000272323 0.00230191 0.00058288 -0.00064859 0.00035911 0.018433 0.000682221 0.000505573 0.00643646 -0.0113843 -0.000349534 -0.00246212 -0.000424001 0.00228103 0.000345692 -0.00115644 -0.000975842 0.00402527 
139.594 0.0200074 0.00192351 -0.000738267 1.15739 -0.00143892 0.00486636 0.000504072 -0.0028241 -0.000293944 0.00232178 0.000581384 -0.000641314 0.000339095 0.0185737 0.000692082 0.000503092 0.00658753 -0.0116818 -0.000353259 -0.00250456 -0.000427379 0.00236927 0.000354755 -0.00114716 -0.000984063 0.00410113 
139.62 0.0200075 0.00197941 -0.000725975 1.15698 -0.00147219 0.00498052 0.000523633 -0.00292593 -0.000316247 0.00233913 0.000578788 -0.00063406 0.000317715 0.0187151 0.000702186 0.000500463 0.00673743 -0.0119784 -0.000356956 -0.00254656 -0.00042999 0.00245838 0.000363952 -0.00113609 -0.000991798 0.00417539 
139.641 0.0200077 0.00203599 -0.00071221 1.15656 -0.00150617 0.00509558 0.000543117 -0.00303013 -0.000339173 0.00235449 0.000575173 -0.00062713 0.000295096 0.0188487 0.000712525 0.000498037 0.00688797 -0.0122782 -0.000360497 -0.00258878 -0.000431814 0.00254961 0.000373072 -0.00112369 -0.000999078 0.00424938 
139.654 0.0200079 0.00209381 -0.000697006 1.15615 -0.00154083 0.00521254 0.000562522 -0.00313778 -0.000362666 0.00236835 0.000570616 -0.000620805 0.000271356 0.0189664 0.00072311 0.000496133 0.00704094 -0.0125851 -0.000363763 -0.00263188 -0.000432822 0.00264427 0.000381904 -0.00111043 -0.00100594 0.00432439 
