#1 rho_s 
#2 coeffs 
  x0[0] = 1;
  //x0[0] = 0.0;
  //x0[8] = 1.0;
  double rhos = myfunc(x0,grad0);
  double ng = 0;
  double step = rhos/20;
  
0.86173 0.02 1 0 0 0 0 0 0 0 0 0 0 0 0 0 0 0 0 0 0 0 0 0 0 0 0 
0.907341 0.02 1.00664 7.14991e-07 8.67381e-08 -4.93159e-07 -2.78369e-07 1.33487e-06 6.38609e-06 4.92963e-06 3.3719e-07 -4.93138e-06 1.35072e-06 -5.39748e-06 -2.02153e-06 -6.60483e-06 3.77067e-06 1.30616e-06 -4.32187e-07 3.3276e-06 4.58715e-06 9.7025e-07 -5.62253e-06 -3.11144e-06 -7.87647e-07 4.86328e-06 3.1233e-06 
0.958752 0.02 1.01329 1.42998e-06 1.73476e-07 -9.86319e-07 -5.56738e-07 2.66973e-06 1.27722e-05 9.85926e-06 6.7438e-07 -9.86277e-06 2.70145e-06 -1.0795e-05 -4.04306e-06 -1.32097e-05 7.54134e-06 2.61231e-06 -8.64373e-07 6.6552e-06 9.1743e-06 1.9405e-06 -1.12451e-05 -6.22288e-06 -1.57529e-06 9.72655e-06 6.24659e-06 
1.01718 0.02 1.01993 2.14497e-06 2.60214e-07 -1.47948e-06 -8.35106e-07 4.0046e-06 1.91583e-05 1.47889e-05 1.01157e-06 -1.47942e-05 4.05217e-06 -1.61924e-05 -6.06459e-06 -1.98145e-05 1.1312e-05 3.91847e-06 -1.29656e-06 9.9828e-06 1.37614e-05 2.91075e-06 -1.68676e-05 -9.33432e-06 -2.36294e-06 1.45898e-05 9.36989e-06 
1.08295 0.02 1.02657 2.85996e-06 3.46952e-07 -1.97264e-06 -1.11348e-06 5.33946e-06 2.55443e-05 1.97185e-05 1.34876e-06 -1.97255e-05 5.4029e-06 -2.15899e-05 -8.08612e-06 -2.64193e-05 1.50827e-05 5.22463e-06 -1.72875e-06 1.33104e-05 1.83486e-05 3.881e-06 -2.24901e-05 -1.24458e-05 -3.15059e-06 1.94531e-05 1.24932e-05 
1.15886 0.02 1.03322 3.57495e-06 4.3369e-07 -2.4658e-06 -1.39184e-06 6.67433e-06 3.19304e-05 2.46481e-05 1.68595e-06 -2.46569e-05 6.75362e-06 -2.69874e-05 -1.01076e-05 -3.30241e-05 1.88533e-05 6.53079e-06 -2.16093e-06 1.6638e-05 2.29357e-05 4.85125e-06 -2.81127e-05 -1.55572e-05 -3.93824e-06 2.43164e-05 1.56165e-05 
1.2459 0.02 1.03986 4.28994e-06 5.20429e-07 -2.95896e-06 -1.67021e-06 8.0092e-06 3.83165e-05 2.95778e-05 2.02314e-06 -2.95883e-05 8.10435e-06 -3.23849e-05 -1.21292e-05 -3.9629e-05 2.2624e-05 7.83694e-06 -2.59312e-06 1.99656e-05 2.75229e-05 5.8215e-06 -3.37352e-05 -1.86686e-05 -4.72588e-06 2.91797e-05 1.87398e-05 
1.3464 0.02 1.0465 5.00493e-06 6.07167e-07 -3.45212e-06 -1.94858e-06 9.34406e-06 4.47026e-05 3.45074e-05 2.36033e-06 -3.45197e-05 9.45507e-06 -3.77824e-05 -1.41507e-05 -4.62338e-05 2.63947e-05 9.1431e-06 -3.02531e-06 2.32932e-05 3.211e-05 6.79175e-06 -3.93577e-05 -2.17801e-05 -5.51353e-06 3.40429e-05 2.18631e-05 
1.46316 0.02 1.05315 5.71992e-06 6.93905e-07 -3.94528e-06 -2.22695e-06 1.06789e-05 5.10887e-05 3.9437e-05 2.69752e-06 -3.94511e-05 1.08058e-05 -4.31798e-05 -1.61722e-05 -5.28386e-05 3.01653e-05 1.04493e-05 -3.45749e-06 2.66208e-05 3.66972e-05 7.762e-06 -4.49803e-05 -2.48915e-05 -6.30118e-06 3.89062e-05 2.49864e-05 
1.60106 0.02 1.05979 6.43491e-06 7.80643e-07 -4.43844e-06 -2.50532e-06 1.20138e-05 5.74748e-05 4.43667e-05 3.03471e-06 -4.43825e-05 1.21565e-05 -4.85773e-05 -1.81938e-05 -5.94434e-05 3.3936e-05 1.17554e-05 -3.88968e-06 2.99484e-05 4.12843e-05 8.73225e-06 -5.06028e-05 -2.80029e-05 -7.08883e-06 4.37695e-05 2.81097e-05 
1.76436 0.02 1.06643 7.14991e-06 8.67381e-07 -4.93159e-06 -2.78369e-06 1.33487e-05 6.38609e-05 4.92963e-05 3.3719e-06 -4.93138e-05 1.35072e-05 -5.39748e-05 -2.02153e-05 -6.60483e-05 3.77067e-05 1.30616e-05 -4.32187e-06 3.3276e-05 4.58715e-05 9.7025e-06 -5.62253e-05 -3.11144e-05 -7.87647e-06 4.86328e-05 3.1233e-05 
1.95859 0.02 1.07308 7.8649e-06 9.54119e-07 -5.42475e-06 -3.06206e-06 1.46835e-05 7.02469e-05 5.42259e-05 3.70909e-06 -5.42452e-05 1.4858e-05 -5.93723e-05 -2.22368e-05 -7.26531e-05 4.14773e-05 1.43677e-05 -4.75405e-06 3.66036e-05 5.04586e-05 1.06727e-05 -6.18479e-05 -3.42258e-05 -8.66412e-06 5.3496e-05 3.43563e-05 
2.19339 0.02 1.07972 8.57989e-06 1.04086e-06 -5.91791e-06 -3.34043e-06 1.60184e-05 7.6633e-05 5.91555e-05 4.04628e-06 -5.91766e-05 1.62087e-05 -6.47698e-05 -2.42583e-05 -7.92579e-05 4.5248e-05 1.56739e-05 -5.18624e-06 3.99312e-05 5.50458e-05 1.1643e-05 -6.74704e-05 -3.73373e-05 -9.45177e-06 5.83593e-05 3.74796e-05 
2.48096 0.02 1.08636 9.29488e-06 1.1276e-06 -6.41107e-06 -3.61879e-06 1.73533e-05 8.30191e-05 6.40852e-05 4.38347e-06 -6.4108e-05 1.75594e-05 -7.01672e-05 -2.62799e-05 -8.58628e-05 4.90187e-05 1.698e-05 -5.61843e-06 4.32588e-05 5.96329e-05 1.26132e-05 -7.30929e-05 -4.04487e-05 -1.02394e-05 6.32226e-05 4.06029e-05 
2.83787 0.02 1.09301 1.00099e-05 1.21433e-06 -6.90423e-06 -3.89716e-06 1.86881e-05 8.94052e-05 6.90148e-05 4.72066e-06 -6.90394e-05 1.89101e-05 -7.55647e-05 -2.83014e-05 -9.24676e-05 5.27893e-05 1.82862e-05 -6.05061e-06 4.65864e-05 6.42201e-05 1.35835e-05 -7.87155e-05 -4.35601e-05 -1.10271e-05 6.80859e-05 4.37262e-05 
3.28414 0.02 1.09965 1.07249e-05 1.30107e-06 -7.39739e-06 -4.17553e-06 2.0023e-05 9.57913e-05 7.39444e-05 5.05785e-06 -7.39708e-05 2.02609e-05 -8.09622e-05 -3.03229e-05 -9.90724e-05 5.656e-05 1.95924e-05 -6.4828e-06 4.9914e-05 6.88072e-05 1.45537e-05 -8.4338e-05 -4.66716e-05 -1.18147e-05 7.29491e-05 4.68495e-05 
3.85913 0.02 1.10629 1.14398e-05 1.38781e-06 -7.89055e-06 -4.4539e-06 2.13579e-05 0.000102177 7.88741e-05 5.39504e-06 -7.89021e-05 2.16116e-05 -8.63597e-05 -3.23445e-05 -0.000105677 6.03307e-05 2.08985e-05 -6.91499e-06 5.32416e-05 7.33944e-05 1.5524e-05 -8.99605e-05 -4.9783e-05 -1.26024e-05 7.78124e-05 4.99728e-05 
4.60648 0.02 1.11294 1.21548e-05 1.47455e-06 -8.38371e-06 -4.73227e-06 2.26927e-05 0.000108563 8.38037e-05 5.73223e-06 -8.38335e-05 2.29623e-05 -9.17572e-05 -3.4366e-05 -0.000112282 6.41014e-05 2.22047e-05 -7.34717e-06 5.65692e-05 7.79815e-05 1.64942e-05 -9.55831e-05 -5.28945e-05 -1.339e-05 8.26757e-05 5.3096e-05 
5.59586 0.02 1.11958 1.28698e-05 1.56129e-06 -8.87687e-06 -5.01064e-06 2.40276e-05 0.00011495 8.87333e-05 6.06942e-06 -8.87649e-05 2.4313e-05 -9.71546e-05 -3.63875e-05 -0.000118887 6.7872e-05 2.35108e-05 -7.77936e-06 5.98968e-05 8.25687e-05 1.74645e-05 -0.000101206 -5.60059e-05 -1.41777e-05 8.7539e-05 5.62193e-05 
6.93797 0.02 1.12622 1.35848e-05 1.64802e-06 -9.37003e-06 -5.28901e-06 2.53625e-05 0.000121336 9.3663e-05 6.40661e-06 -9.36963e-05 2.56638e-05 -0.000102552 -3.84091e-05 -0.000125492 7.16427e-05 2.4817e-05 -8.21155e-06 6.32244e-05 8.71558e-05 1.84347e-05 -0.000106828 -5.91173e-05 -1.49653e-05 9.24022e-05 5.93426e-05 
8.79187 0.02 1.13287 1.42998e-05 1.73476e-06 -9.86319e-06 -5.56738e-06 2.66973e-05 0.000127722 9.85926e-05 6.7438e-06 -9.86277e-05 2.70145e-05 -0.00010795 -4.04306e-05 -0.000132097 7.54134e-05 2.61231e-05 -8.64373e-06 6.6552e-05 9.1743e-05 1.9405e-05 -0.000112451 -6.22288e-05 -1.57529e-05 9.72655e-05 6.24659e-05 
ng:42.0636
step:0.0430865
rho_limit:1225.19
d_min:20