#1 rho_s 
#2 coeffs 
500 20
4.84091 0.02 0 0 0 1.5 0 0 0 0 0 0 0 0 0 0 0 0 0 0 0 0 0 0 0 0 0 
0.834379 0.02 -1.6605 0.935428 -2.41373 5 -2.4261 2.1201 2.81467 0.643076 -1.52936 1.81645 -2.47573 -2.61466 2.06508 4.24919 -0.765313 4.32496 -2.33412 -0.482257 -2.45282 2.78379 3.405 -0.780268 -1.92802 1.48491 -1.67068 
1.00889 0.02 -0.325366 0.134064 -0.675014 4.60202 -0.682606 0.514346 0.961326 0.0819389 -0.282557 0.382185 -0.713797 -0.807659 0.488056 3.00377 -0.102369 3.1719 -0.627825 -0.0577153 -0.699254 0.936066 1.57242 -0.104998 -0.427205 0.268988 -0.32887 
1.52635 0.02 -0.063813 0.0246534 -0.149346 3.17477 -0.151427 0.10762 0.235345 0.0148087 -0.0546187 0.0764208 -0.160086 -0.187222 0.101198 1.56468 -0.018627 1.7564 -0.136636 -0.0103473 -0.156027 0.227105 0.480803 -0.0191221 -0.0867482 0.0517579 -0.0645771 
2.98281 0.02 -0.0181609 0.0069374 -0.0435676 2.2606 -0.0442014 0.0310184 0.0703883 0.0041553 -0.015503 0.0218284 -0.0468463 -0.0552193 0.0291134 0.688594 -0.00523249 0.816399 -0.0397136 -0.0028997 -0.0456048 0.0677615 0.154442 -0.00537232 -0.0248523 0.0146789 -0.0183824 
82.3441 0.02 -0.00637138 0.00242674 -0.0153862 1.82321 -0.0156126 0.0109187 0.0250322 0.0014525 -0.00543516 0.00766536 -0.0165582 -0.0195603 0.010243 0.287284 -0.00182954 0.351883 -0.0140111 -0.00101327 -0.0161142 0.0240815 0.0561374 -0.00187851 -0.00873412 0.00514512 -0.00644947 
0.999777 0.02 -2.88205 -1.44704 -1.9167 5 -2.79916 2.32107 3.68527 -2.08699 -0.935322 1.82299 -3.33587 -3.10007 2.08878 4.60452 -1.45022 4.7332 2.67071 -1.00177 -2.8383 3.50265 4.27341 -2.16108 -2.44367 -2.18812 -2.477 
1.13601 0.02 -1.01935 -0.25607 -0.431462 5 -0.951482 0.625087 1.95143 -0.497631 -0.138403 0.389415 -1.48343 -1.22403 0.504627 3.44172 -0.260012 3.65352 0.84486 -0.148358 -0.983681 1.6923 2.9912 -0.535591 -0.696803 -0.545918 -0.716939 
0.950826 0.02 -0.254279 -0.0461362 -0.0978771 3.77952 -0.23838 0.14135 0.686322 -0.100374 -0.0293797 0.0824634 -0.440473 -0.335571 0.110946 2.00555 -0.0503282 2.24963 0.18487 -0.027675 -0.249065 0.543761 1.5303 -0.112086 -0.158701 -0.109335 -0.162532 
1.11798 0.02 -0.0835047 -0.0118485 -0.0398699 2.80951 -0.0844282 0.0501636 0.256614 -0.0289368 -0.0124247 0.0298173 -0.155259 -0.119815 0.0402875 1.09878 -0.0160857 1.29351 0.0470085 -0.00880196 -0.0882851 0.198841 0.706569 -0.034848 -0.0541089 -0.029144 -0.0537569 
12.4479 0.02 -0.0346901 -0.00273069 -0.0242549 2.27842 -0.0408239 0.0251881 0.113474 -0.00957205 -0.00795565 0.0156846 -0.0682884 -0.0565859 0.0211415 0.645969 -0.00698003 0.781715 0.0082996 -0.00382253 -0.0425775 0.0898629 0.332298 -0.013847 -0.0252583 -0.0073066 -0.023686 
12.7687 0.02 -0.0174277 0.000424552 -0.0188323 2.02032 -0.0254482 0.0164707 0.0600729 -0.00283355 -0.00641302 0.0107807 -0.0368708 -0.0340467 0.0144799 0.439033 -0.00382904 0.536875 -0.00531328 -0.00210324 -0.0264413 0.0500004 0.170665 -0.0065326 -0.0151669 0.000302536 -0.0131608 
14.844 0.02 -0.0105017 0.00168047 -0.0166711 1.90036 -0.0192858 0.0129899 0.0382016 -0.000145955 -0.00579954 0.00882688 -0.0241642 -0.0249767 0.0118231 0.346007 -0.00257481 0.424067 -0.0107637 -0.00141944 -0.0199715 0.0338004 0.100046 -0.00361438 -0.0111345 0.00333886 -0.00895392 
78.3085 0.02 -0.0076621 0.00219375 -0.0157874 1.84781 -0.0167603 0.0115655 0.0291578 0.000953335 -0.00554891 0.00802803 -0.0189373 -0.0212535 0.0107364 0.305912 -0.00206222 0.374867 -0.0129965 -0.00114006 -0.0173195 0.0271233 0.0700096 -0.0024206 -0.00948386 0.00458104 -0.00723175 
86.0554 0.02 -0.00691176 0.00232922 -0.0155541 1.83356 -0.0160931 0.0111894 0.0267606 0.00124355 -0.00548277 0.00781716 -0.0175545 -0.0202692 0.0104495 0.295114 -0.00192693 0.361554 -0.0135863 -0.00106634 -0.0166188 0.0253556 0.0619622 -0.00210542 -0.00904797 0.004909 -0.00677694 
91.6008 0.02 -0.00598706 0.00139292 -0.013035 1.83553 -0.0157081 0.010598 0.0269887 0.00228671 -0.00578497 0.00774247 -0.01668 -0.0219399 0.0123396 0.296167 -0.0013408 0.363115 -0.0134906 -0.0017931 -0.0157215 0.0252924 0.0595056 -0.000357172 -0.00967594 0.00591726 -0.00669636 
89.1169 0.02 -0.00133792 -0.00263374 -0.0021222 1.85796 -0.0105668 0.0075846 0.0335058 0.0129304 -0.00848005 0.00705858 -0.00629905 -0.042966 0.0324503 0.310458 0.000729788 0.381014 -0.0133591 -0.00976263 -0.0118956 0.0206966 0.0337081 0.00583584 -0.0131705 0.0174411 -0.00594106 
98.2473 0.02 -0.00402771 -0.000303745 -0.00842633 1.84501 -0.0135425 0.00932871 0.0297345 0.00677477 -0.00691964 0.00745465 -0.012303 -0.0308236 0.020835 0.302198 -0.000468905 0.370673 -0.0134352 -0.00515182 -0.0141095 0.0233568 0.0485959 0.00225417 -0.0111474 0.0107773 -0.00637848 
88.0592 0.02 -0.00293547 -0.000309965 -0.00798262 1.83285 -0.0141963 0.00940558 0.0313377 0.00899444 -0.00915623 0.00845883 -0.0129471 -0.0323191 0.0190246 0.292166 0.000704983 0.360493 -0.0142244 -0.00559577 -0.0154383 0.0211893 0.0439506 0.003666 -0.0143686 0.012753 -0.00896137 
99.858 0.02 -0.00377889 -0.000305161 -0.00832528 1.84223 -0.0136914 0.00934621 0.0300997 0.00728046 -0.00742919 0.00768335 -0.0124496 -0.0311643 0.0204226 0.299908 -0.000201483 0.368349 -0.013615 -0.00525291 -0.0144123 0.022863 0.0475369 0.00257583 -0.0118815 0.0112273 -0.00696697 
99.791 0.02 -0.000133025 -0.00295776 -0.000880409 1.84665 -0.0128106 0.00847193 0.0379155 0.0115365 -0.00910121 0.00845492 -0.0120412 -0.0474407 0.028371 0.303892 0.00112536 0.372515 -0.0139368 -0.00671493 -0.0128488 0.0209196 0.0428878 0.00595224 -0.0109983 0.0168199 -0.009661 
99.94 0.02 -0.00214057 -0.00149683 -0.00497649 1.84422 -0.0132959 0.00895363 0.0336127 0.00919238 -0.00818001 0.00802981 -0.0122663 -0.0384896 0.0239953 0.301697 0.00039439 0.37022 -0.0137595 -0.00590941 -0.0137101 0.0219901 0.0454472 0.00409296 -0.0114849 0.0137402 -0.00817691 
100.005 0.02 -0.0018023 -0.00176534 -0.00411192 1.8443 -0.0133322 0.00932714 0.0342252 0.00995259 -0.00859289 0.00829378 -0.0126141 -0.0403297 0.0245521 0.301882 0.000710953 0.370404 -0.0138496 -0.00551912 -0.0139418 0.0221361 0.0448364 0.00477181 -0.0114029 0.0145461 -0.00903049 
100.018 0.02 -0.00168783 -0.00191253 -0.00363517 1.84498 -0.0133547 0.00957836 0.0344187 0.0102884 -0.00872381 0.00844274 -0.0128286 -0.0412997 0.0249795 0.302509 0.000841347 0.371035 -0.0138925 -0.00522156 -0.0140469 0.022298 0.0445479 0.00510636 -0.0111809 0.0149173 -0.00941889 
100.043 0.02 -0.0016361 -0.00196494 -0.00345816 1.8449 -0.0133761 0.00970667 0.0345085 0.0104664 -0.00883193 0.00851259 -0.0129397 -0.0416925 0.0250257 0.302482 0.000922789 0.371002 -0.0139137 -0.0051005 -0.01413 0.0223707 0.0444191 0.00526972 -0.0111738 0.0150798 -0.00966331 
100.052 0.02 -0.00160818 -0.00200029 -0.00334003 1.84495 -0.0133884 0.00978903 0.0345569 0.0105705 -0.00888798 0.00855681 -0.0130096 -0.0419484 0.0250822 0.302538 0.000968779 0.371056 -0.0139264 -0.0050174 -0.0141762 0.0224219 0.0443405 0.00536916 -0.0111459 0.0151781 -0.00980477 
100.055 0.02 -0.00159445 -0.00201882 -0.00327814 1.84497 -0.0133949 0.00983286 0.0345809 0.0106243 -0.0089166 0.00858006 -0.0130466 -0.0420828 0.0251121 0.30257 0.000992552 0.371087 -0.013933 -0.00497319 -0.0142002 0.0224497 0.0442999 0.0054209 -0.0111299 0.0152286 -0.00987865 
100.057 0.02 -0.0015876 -0.00202835 -0.00324627 1.84499 -0.0133983 0.00985565 0.0345929 0.0106518 -0.00893124 0.00859208 -0.0130657 -0.0421521 0.0251274 0.302588 0.00100476 0.371104 -0.0139363 -0.00495024 -0.0142126 0.0224642 0.0442791 0.00544752 -0.0111215 0.0152543 -0.0099168 
100.058 0.02 -0.00158414 -0.00203324 -0.00322993 1.84499 -0.0134001 0.0098674 0.0345991 0.0106659 -0.00893872 0.00859825 -0.0130756 -0.0421877 0.0251352 0.302597 0.00101102 0.371113 -0.013938 -0.00493844 -0.014219 0.0224718 0.0442685 0.00546116 -0.0111171 0.0152675 -0.0099364 
100.059 0.02 -0.00158238 -0.00203574 -0.00322156 1.845 -0.013401 0.00987343 0.0346022 0.0106731 -0.00894255 0.00860141 -0.0130807 -0.0422059 0.0251392 0.302602 0.00101422 0.371117 -0.0139389 -0.00493238 -0.0142222 0.0224756 0.0442631 0.00546814 -0.0111148 0.0152742 -0.00994644 
100.059 0.02 -0.00158148 -0.00203702 -0.00321729 1.845 -0.0134014 0.00987651 0.0346038 0.0106768 -0.00894451 0.00860302 -0.0130832 -0.0422152 0.0251413 0.302604 0.00101586 0.371119 -0.0139394 -0.00492929 -0.0142239 0.0224776 0.0442603 0.00547171 -0.0111136 0.0152776 -0.00995157 
100.059 0.02 -0.00158103 -0.00203768 -0.0032151 1.845 -0.0134017 0.00987809 0.0346046 0.0106787 -0.00894551 0.00860385 -0.0130846 -0.04222 0.0251423 0.302605 0.0010167 0.37112 -0.0139396 -0.0049277 -0.0142248 0.0224786 0.0442589 0.00547353 -0.011113 0.0152794 -0.0099542 
100.059 0.02 -0.00158079 -0.00203801 -0.00321398 1.845 -0.0134018 0.0098789 0.034605 0.0106797 -0.00894602 0.00860427 -0.0130852 -0.0422224 0.0251428 0.302606 0.00101712 0.371121 -0.0139397 -0.00492689 -0.0142252 0.0224792 0.0442581 0.00547447 -0.0111127 0.0152803 -0.00995554 
100.059 0.02 -0.00158068 -0.00203818 -0.00321341 1.845 -0.0134019 0.00987931 0.0346052 0.0106802 -0.00894628 0.00860449 -0.0130856 -0.0422237 0.0251431 0.302606 0.00101734 0.371121 -0.0139398 -0.00492648 -0.0142254 0.0224794 0.0442578 0.00547494 -0.0111126 0.0152807 -0.00995622 
100.059 0.02 -0.00158061 -0.00203827 -0.00321312 1.845 -0.0134019 0.00987952 0.0346053 0.0106804 -0.00894641 0.0086046 -0.0130858 -0.0422243 0.0251432 0.302606 0.00101745 0.371122 -0.0139398 -0.00492627 -0.0142255 0.0224796 0.0442576 0.00547519 -0.0111125 0.015281 -0.00995657 
100.059 0.02 -0.00158058 -0.00203831 -0.00321297 1.845 -0.0134019 0.00987963 0.0346053 0.0106806 -0.00894648 0.00860465 -0.0130859 -0.0422246 0.0251433 0.302606 0.00101751 0.371122 -0.0139398 -0.00492616 -0.0142256 0.0224796 0.0442575 0.00547531 -0.0111125 0.0152811 -0.00995675 
100.059 0.02 -0.00158057 -0.00203834 -0.0032129 1.845 -0.0134019 0.00987968 0.0346054 0.0106806 -0.00894651 0.00860468 -0.0130859 -0.0422248 0.0251433 0.302606 0.00101754 0.371122 -0.0139398 -0.0049261 -0.0142256 0.0224797 0.0442574 0.00547537 -0.0111124 0.0152811 -0.00995685 
100.059 0.02 -0.00158056 -0.00203835 -0.00321286 1.845 -0.0134019 0.00987971 0.0346054 0.0106807 -0.00894653 0.0086047 -0.0130859 -0.0422249 0.0251434 0.302606 0.00101755 0.371122 -0.0139398 -0.00492607 -0.0142256 0.0224797 0.0442574 0.00547541 -0.0111124 0.0152812 -0.00995689 
100.059 0.02 -0.00158056 -0.00203835 -0.00321284 1.845 -0.0134019 0.00987972 0.0346054 0.0106807 -0.00894654 0.00860471 -0.0130859 -0.0422249 0.0251434 0.302606 0.00101756 0.371122 -0.0139398 -0.00492606 -0.0142257 0.0224797 0.0442574 0.00547542 -0.0111124 0.0152812 -0.00995692 
100.059 0.02 -0.00158055 -0.00203836 -0.00321283 1.845 -0.0134019 0.00987973 0.0346054 0.0106807 -0.00894654 0.00860471 -0.0130859 -0.0422249 0.0251434 0.302606 0.00101757 0.371122 -0.0139398 -0.00492605 -0.0142257 0.0224797 0.0442574 0.00547543 -0.0111124 0.0152812 -0.00995693 
100.059 0.02 -0.00158055 -0.00203836 -0.00321282 1.845 -0.0134019 0.00987974 0.0346054 0.0106807 -0.00894655 0.00860471 -0.013086 -0.0422249 0.0251434 0.302606 0.00101757 0.371122 -0.0139398 -0.00492605 -0.0142257 0.0224797 0.0442574 0.00547544 -0.0111124 0.0152812 -0.00995693 
100.059 0.02 -0.00158055 -0.00203836 -0.00321282 1.845 -0.0134019 0.00987974 0.0346054 0.0106807 -0.00894655 0.00860471 -0.013086 -0.0422249 0.0251434 0.302606 0.00101757 0.371122 -0.0139398 -0.00492605 -0.0142257 0.0224797 0.0442574 0.00547544 -0.0111124 0.0152812 -0.00995694 
100.059 0.02 -0.00158055 -0.00203836 -0.00321282 1.845 -0.0134019 0.00987974 0.0346054 0.0106807 -0.00894655 0.00860471 -0.013086 -0.042225 0.0251434 0.302606 0.00101757 0.371122 -0.0139398 -0.00492605 -0.0142257 0.0224797 0.0442574 0.00547544 -0.0111124 0.0152812 -0.00995694 
100.059 0.02 -0.00158055 -0.00203836 -0.00321282 1.845 -0.0134019 0.00987974 0.0346054 0.0106807 -0.00894655 0.00860471 -0.013086 -0.042225 0.0251434 0.302606 0.00101757 0.371122 -0.0139398 -0.00492605 -0.0142257 0.0224797 0.0442574 0.00547544 -0.0111124 0.0152812 -0.00995694 
100.059 0.02 -0.00158055 -0.00203837 -0.0032128 1.845 -0.0134019 0.00987974 0.0346054 0.0106807 -0.00894656 0.00860472 -0.013086 -0.042225 0.0251434 0.302606 0.00101757 0.371122 -0.0139398 -0.00492604 -0.0142257 0.0224797 0.0442574 0.00547545 -0.0111124 0.0152812 -0.00995696 
