#1 rho_s 
#2 coeffs 
500 20
231.412 0.02 0.00323427 -0.0036511 -0.00328862 1.86859 -0.0151025 0.00869677 0.0392888 0.0108651 -0.00974756 0.00951588 -0.0155885 -0.0462425 0.0253224 0.320578 -0.000565778 0.393577 -0.0193007 -0.00627945 -0.0216111 0.0228098 0.046964 0.00675911 -0.0132726 0.017624 -0.0106915 
247.223 0.02 0.00347173 -0.00353276 -0.00339537 1.87464 -0.0153021 0.00863162 0.0402685 0.0108132 -0.00962533 0.00980767 -0.0159895 -0.0466892 0.0253819 0.325127 -0.000495187 0.399447 -0.0204066 -0.00653843 -0.0219797 0.0236563 0.0490153 0.00717793 -0.0133724 0.0179332 -0.0110059 
239.324 0.02 0.00385961 -0.00340832 -0.00355971 1.87877 -0.0155549 0.00853387 0.0411348 0.0107696 -0.00956792 0.0101804 -0.0163702 -0.0470374 0.0253497 0.32829 -0.000404856 0.403631 -0.0211833 -0.00687156 -0.0224796 0.0244756 0.0504791 0.00743444 -0.0133726 0.0180578 -0.0111281 
239.927 0.02 0.00414785 -0.00332942 -0.00372089 1.87854 -0.0157377 0.00844139 0.0414237 0.0107591 -0.00961662 0.010463 -0.0165725 -0.0471176 0.0252416 0.328179 -0.000319968 0.403687 -0.0210221 -0.00714148 -0.0228784 0.024876 0.0504872 0.00737739 -0.0132488 0.017905 -0.0109289 
246.138 0.02 0.00437131 -0.00326749 -0.00388296 1.87639 -0.0158905 0.00834977 0.0414623 0.0107631 -0.00971029 0.0107062 -0.0166979 -0.0470824 0.0250994 0.326641 -0.000236661 0.401939 -0.0204301 -0.00738445 -0.0232154 0.0250968 0.0498843 0.00718595 -0.0130715 0.017631 -0.0105916 
248.525 0.02 0.00459576 -0.00319726 -0.00406329 1.87371 -0.0160535 0.00824717 0.0414645 0.0107698 -0.00981821 0.0109665 -0.0168157 -0.0470219 0.0249314 0.324712 -0.000148079 0.399707 -0.0197124 -0.00764675 -0.0235557 0.0253097 0.0491553 0.00695418 -0.0128697 0.0173088 -0.0102055 
246.584 0.02 0.00484956 -0.00309936 -0.00427001 1.87154 -0.0162449 0.0081277 0.0415754 0.0107707 -0.00991378 0.0112712 -0.0169701 -0.0470029 0.0247488 0.323177 -5.30214e-05 0.397982 -0.019098 -0.00795406 -0.0239335 0.0256288 0.0486656 0.00675689 -0.0126714 0.017003 -0.00984294 
245.249 0.02 0.00512979 -0.00296606 -0.00449889 1.8705 -0.0164614 0.00799286 0.0418602 0.0107618 -0.00997844 0.0116189 -0.0171774 -0.0470623 0.0245659 0.322498 4.488e-05 0.397343 -0.0187244 -0.00830716 -0.024351 0.026098 0.0486205 0.00664158 -0.0125008 0.0167625 -0.00955449 
246.698 0.02 0.00542781 -0.00279803 -0.00474612 1.87057 -0.0166961 0.00784425 0.0423072 0.0107436 -0.0100114 0.0120017 -0.0174314 -0.0471979 0.0243844 0.32266 0.000143399 0.397762 -0.0185887 -0.00870024 -0.0248008 0.0267054 0.0490105 0.00660807 -0.0123607 0.0165909 -0.00934204 
249.574 0.02 0.00573903 -0.00259663 -0.00501353 1.87144 -0.0169478 0.00768035 0.0428797 0.0107185 -0.0100214 0.0124183 -0.01772 -0.0473899 0.0241952 0.323413 0.000243245 0.39893 -0.0186175 -0.00913256 -0.0252783 0.0274259 0.0497335 0.00663218 -0.0122403 0.0164649 -0.00918019 
251.498 0.02 0.00605712 -0.00236326 -0.00530497 1.87266 -0.0172173 0.00749849 0.0435336 0.0106894 -0.0100201 0.0128696 -0.0180292 -0.0476134 0.0239861 0.324437 0.000346606 0.400443 -0.0187115 -0.00960462 -0.0257777 0.02823 0.0506604 0.00668299 -0.0121244 0.0163527 -0.00903579 
251.443 0.02 0.006366 -0.00210358 -0.00562026 1.87373 -0.0175013 0.00729853 0.0442093 0.0106601 -0.0100204 0.0133492 -0.0183408 -0.0478384 0.0237493 0.325364 0.000455434 0.401838 -0.0187536 -0.0101087 -0.0262832 0.0290727 0.0516319 0.00672694 -0.0119984 0.0162218 -0.00887528 
250.847 0.02 0.00664126 -0.00183012 -0.00595099 1.8742 -0.0177893 0.00708568 0.0448355 0.0106346 -0.0100334 0.0138386 -0.0186327 -0.0480344 0.0234869 0.325852 0.000569836 0.40268 -0.0186367 -0.0106238 -0.0267691 0.029892 0.0524779 0.00673511 -0.0118532 0.0160486 -0.0086742 
251.643 0.02 0.00686932 -0.00155362 -0.00628739 1.87387 -0.0180717 0.00686592 0.0453693 0.0106152 -0.0100637 0.0143213 -0.0188913 -0.048185 0.0232062 0.325746 0.000688781 0.402767 -0.018317 -0.0111313 -0.0272198 0.0306462 0.0531018 0.00669561 -0.0116882 0.0158267 -0.00842606 
253.875 0.02 0.00705909 -0.00127275 -0.00662834 1.87282 -0.0183492 0.00663894 0.0458214 0.0106012 -0.0101092 0.0147995 -0.0191186 -0.0482953 0.0229097 0.325112 0.000812108 0.402186 -0.0178232 -0.0116323 -0.0276441 0.031342 0.0535264 0.00661484 -0.0115067 0.0155628 -0.00813862 
256.192 0.02 0.00723303 -0.000974681 -0.006981 1.87133 -0.0186317 0.00639784 0.0462417 0.0105899 -0.0101638 0.015291 -0.0193272 -0.0483839 0.0225918 0.32415 0.000940452 0.401191 -0.0172238 -0.0121458 -0.0280677 0.0320237 0.0538609 0.00650933 -0.0113137 0.0152697 -0.00782587 
257.607 0.02 0.00741443 -0.000641283 -0.00735452 1.86972 -0.0189315 0.00613294 0.0466944 0.0105778 -0.0102193 0.0158192 -0.0195318 -0.0484747 0.022244 0.323111 0.0010739 0.400105 -0.0166014 -0.0126976 -0.0285189 0.0327488 0.0542549 0.00639948 -0.011115 0.014963 -0.00750475 
258.436 0.02 0.00761938 -0.000256064 -0.00775396 1.86833 -0.0192578 0.00583575 0.0472374 0.0105618 -0.0102679 0.0164025 -0.019744 -0.0485889 0.0218599 0.322237 0.00121117 0.399232 -0.0160326 -0.0133101 -0.0290196 0.0335677 0.0548533 0.0063043 -0.0109174 0.0146594 -0.00719239 
259.647 0.02 0.00785442 0.000191266 -0.00817763 1.86736 -0.0196157 0.00550067 0.0479042 0.0105393 -0.0103042 0.0170506 -0.0199691 -0.0487379 0.0214395 0.321682 0.00135029 0.398766 -0.0155671 -0.0139962 -0.0295818 0.034508 0.0557498 0.0062349 -0.010726 0.0143708 -0.00690066 
261.713 0.02 0.00811984 0.000704714 -0.00861824 1.86685 -0.0200071 0.00512416 0.0486996 0.0105092 -0.0103275 0.0177663 -0.0202061 -0.0489205 0.0209895 0.321474 0.00149002 0.398742 -0.0152164 -0.0147604 -0.030211 0.0355725 0.0569653 0.00619114 -0.0105419 0.0140995 -0.00663225 
264.265 0.02 0.00841505 0.00128347 -0.00906572 1.8667 -0.0204329 0.00470404 0.0496053 0.0104711 -0.0103407 0.0185481 -0.0204502 -0.0491251 0.020522 0.321536 0.00163045 0.399059 -0.0149605 -0.0156005 -0.0309115 0.0367436 0.0584551 0.00616338 -0.0103625 0.0138385 -0.00638173 
266.601 0.02 0.00874288 0.00192163 -0.00951046 1.86669 -0.0208913 0.00424093 0.050587 0.0104258 -0.0103498 0.0193906 -0.0206945 -0.0493342 0.0200512 0.321713 0.00177294 0.399524 -0.014761 -0.0165073 -0.0316877 0.0379885 0.0601236 0.00613704 -0.0101834 0.0135761 -0.00613946 
268.429 0.02 0.00911018 0.00260704 -0.00994538 1.86658 -0.0213762 0.00374052 0.0516003 0.0103754 -0.0103615 0.0202821 -0.020931 -0.0495298 0.0195896 0.32182 0.00191944 0.399904 -0.0145741 -0.0174633 -0.0325418 0.0392631 0.0618408 0.00609725 -0.0100016 0.0133003 -0.00589582 
270.155 0.02 0.00952464 0.00332385 -0.0103667 1.86615 -0.0218783 0.00321262 0.0526016 0.0103227 -0.0103815 0.0212065 -0.0211524 -0.0496978 0.0191461 0.321695 0.00207163 0.399998 -0.0143636 -0.018446 -0.0334721 0.0405232 0.063477 0.00603332 -0.00981624 0.013003 -0.00564457 
272.314 0.02 0.00999238 0.00406045 -0.0107745 1.86529 -0.0223901 0.00266574 0.0535659 0.0102694 -0.0104126 0.0221517 -0.0213555 -0.0498323 0.0187236 0.321257 0.00223043 0.399701 -0.0141115 -0.0194388 -0.0344753 0.0417413 0.0649556 0.00594142 -0.00962848 0.0126816 -0.00538425 
274.97 0.02 0.0105187 0.00481661 -0.0111727 1.86402 -0.02291 0.00210143 0.0545 0.0102157 -0.010454 0.0231169 -0.0215433 -0.0499359 0.0183207 0.32052 0.00239571 0.399034 -0.0138204 -0.0204405 -0.0355523 0.0429186 0.0662898 0.00582419 -0.00943993 0.012338 -0.00511725 
277.749 0.02 0.0111105 0.00560346 -0.0115672 1.86247 -0.0234422 0.00151387 0.0554417 0.0101599 -0.0105021 0.0241128 -0.0217249 -0.0500173 0.0179347 0.319578 0.00256637 0.398115 -0.0135078 -0.0214652 -0.0367086 0.0440802 0.0675768 0.00568843 -0.00925226 0.0119763 -0.00484821 
280.358 0.02 0.0117775 0.00643728 -0.0119646 1.86082 -0.0239918 0.000894345 0.0564475 0.0100997 -0.0105524 0.0251548 -0.0219142 -0.0500885 0.0175649 0.318566 0.00274028 0.397114 -0.0131981 -0.022534 -0.037951 0.0452622 0.068963 0.00554283 -0.00906769 0.0116032 -0.00458291 
282.885 0.02 0.0125325 0.00733157 -0.0123721 1.85924 -0.0245607 0.000237139 0.057576 0.0100332 -0.0106005 0.026255 -0.0221273 -0.0501629 0.0172145 0.31761 0.00291487 0.39619 -0.0129137 -0.0236644 -0.0392817 0.046497 0.0705946 0.00539572 -0.00888917 0.011226 -0.00432701 
285.601 0.02 0.0133901 0.00829148 -0.0127978 1.85785 -0.0251461 -0.000456433 0.0588718 0.00995981 -0.010644 0.0274176 -0.0223795 -0.0502531 0.0168897 0.31679 0.00308795 0.395444 -0.0126659 -0.0248631 -0.040696 0.0478032 0.0725708 0.00525287 -0.00871961 0.0108502 -0.00408455 
288.591 0.02 0.0143655 0.00931256 -0.0132518 1.85666 -0.0257414 -0.0011774 0.060354 0.00988 -0.0106824 0.0286387 -0.0226845 -0.0503699 0.0165982 0.316116 0.00325863 0.394893 -0.0124505 -0.0261231 -0.042183 0.0491815 0.0749163 0.00511625 -0.00856076 0.0104777 -0.00385681 
291.672 0.02 0.0154694 0.0103826 -0.0137454 1.8556 -0.0263382 -0.0019112 0.0620124 0.00979501 -0.0107171 0.0299077 -0.0230522 -0.0505208 0.0163478 0.31554 0.00342778 0.394475 -0.0122497 -0.0274264 -0.0437288 0.0506178 0.0775788 0.0049846 -0.00841254 0.010106 -0.00364252 
294.611 0.02 0.0167021 0.0114844 -0.0142897 1.85456 -0.0269281 -0.00264171 0.0638095 0.00970628 -0.01075 0.0312089 -0.0234874 -0.0507095 0.0161452 0.314972 0.00359808 0.394078 -0.0120378 -0.0287479 -0.0453171 0.0520882 0.0804454 0.00485491 -0.00827315 0.00973058 -0.00343887 
297.348 0.02 0.0180485 0.0126001 -0.0148908 1.85339 -0.0275049 -0.00335611 0.0656906 0.00961488 -0.0107821 0.0325237 -0.0239892 -0.0509356 0.0159964 0.314323 0.00377376 0.393585 -0.0117897 -0.0300623 -0.0469297 0.0535666 0.0833778 0.00472396 -0.00813967 0.00934744 -0.00324299 
299.954 0.02 0.0194828 0.0137156 -0.0155531 1.852 -0.0280649 -0.00404915 0.0676085 0.00952176 -0.0108132 0.0338351 -0.0245527 -0.0511961 0.0159024 0.313526 0.00395975 0.392911 -0.0114876 -0.0313509 -0.0485472 0.0550323 0.0862666 0.00459128 -0.00800882 0.00895579 -0.00305296 
302.47 0.02 0.0209781 0.0148244 -0.0162889 1.85035 -0.0286071 -0.00472447 0.0695494 0.00942866 -0.0108414 0.035132 -0.0251746 -0.0514895 0.0158494 0.312562 0.00416048 0.392033 -0.0111242 -0.0326068 -0.0501505 0.0564781 0.0890818 0.00446285 -0.00787756 0.00855824 -0.00286805 
304.779 0.02 0.0225087 0.0159277 -0.0171225 1.84849 -0.0291333 -0.00539305 0.0715306 0.00933833 -0.0108633 0.0364099 -0.0258576 -0.0518187 0.0158091 0.311462 0.00437921 0.390993 -0.0107031 -0.0338357 -0.0517228 0.0579129 0.0918731 0.00435092 -0.00774348 0.00816006 -0.00268859 
306.74 0.02 0.0240462 0.0170307 -0.0180843 1.8465 -0.0296471 -0.00607019 0.0735805 0.00925365 -0.0108754 0.0376685 -0.0266109 -0.0521925 0.0157486 0.310289 0.00461793 0.389875 -0.0102365 -0.0350529 -0.0532503 0.0593574 0.0947337 0.00427033 -0.00760529 0.00776801 -0.00251556 
308.344 0.02 0.0255556 0.0181381 -0.0191966 1.84448 -0.0301531 -0.00677174 0.0757186 0.00917575 -0.0108738 0.0389079 -0.0274467 -0.0526235 0.0156483 0.309116 0.00487784 0.388775 -0.00974126 -0.0362765 -0.0547218 0.0608346 0.0977559 0.00423184 -0.00746253 0.00738902 -0.00235003 
309.724 0.02 0.0269984 0.0192526 -0.020462 1.84251 -0.0306551 -0.00751038 0.0779462 0.00910246 -0.0108548 0.0401263 -0.0283753 -0.0531204 0.0155115 0.307998 0.00516021 0.387765 -0.00923279 -0.0375207 -0.0561297 0.0623619 0.101 0.00423741 -0.00731368 0.00702837 -0.0021924 
310.975 0.02 0.0283349 0.0203754 -0.021865 1.84062 -0.0311545 -0.00829335 0.0802391 0.00902871 -0.0108144 0.0413201 -0.0293998 -0.0536852 0.0153581 0.306954 0.00546702 0.386875 -0.00872065 -0.0387913 -0.0574718 0.0639448 0.104474 0.0042808 -0.00715533 0.0066882 -0.00204193 
312.013 0.02 0.0295311 0.0215037 -0.0233876 1.83878 -0.0316495 -0.00911953 0.0825569 0.00895021 -0.0107487 0.0424838 -0.0305135 -0.0543171 0.0151991 0.305965 0.00580207 0.386085 -0.00820832 -0.0400838 -0.0587496 0.0655779 0.108135 0.00435633 -0.00698484 0.0063674 -0.00189723 
312.761 0.02 0.0305632 0.0226328 -0.0250141 1.8369 -0.0321344 -0.00998274 0.0848548 0.00886403 -0.0106535 0.0436098 -0.0317009 -0.0550099 0.0150293 0.304985 0.00617039 0.385349 -0.00769735 -0.0413853 -0.0599651 0.0672408 0.11191 0.00446054 -0.00680029 0.0060631 -0.00175742 
313.308 0.02 0.0314156 0.0237586 -0.0267195 1.83493 -0.0326018 -0.0108747 0.0870832 0.0087657 -0.0105244 0.0446893 -0.0329414 -0.0557478 0.014846 0.303963 0.00657712 0.384608 -0.00719191 -0.0426789 -0.061119 0.0689002 0.115699 0.00458523 -0.00659839 0.00577201 -0.00162331 
313.811 0.02 0.0320858 0.0248784 -0.0284797 1.83278 -0.0330443 -0.011784 0.0891992 0.00865193 -0.0103573 0.045715 -0.0342123 -0.0565107 0.0146378 0.302856 0.00702725 0.383814 -0.00670213 -0.0439488 -0.0622142 0.0705224 0.119409 0.00472334 -0.00637595 0.00549106 -0.00149792 
314.37 0.02 0.0325805 0.0259929 -0.0302717 1.83042 -0.0334581 -0.0126969 0.0911691 0.00852068 -0.01015 0.0466829 -0.0354938 -0.0572814 0.0143893 0.301643 0.00752471 0.382943 -0.00624454 -0.0451853 -0.0632589 0.0720822 0.122963 0.00486907 -0.00613182 0.00521749 -0.0013862 
315.028 0.02 0.0329152 0.0271053 -0.0320766 1.82785 -0.0338445 -0.0136002 0.0929779 0.00837127 -0.00990207 0.047593 -0.0367744 -0.0580499 0.0140861 0.300327 0.00807183 0.382002 -0.00584086 -0.0463876 -0.0642667 0.073568 0.126333 0.00501817 -0.00586775 0.00494883 -0.00129389 
315.79 0.02 0.0331141 0.0282216 -0.0338874 1.82512 -0.034211 -0.0144791 0.094638 0.00820599 -0.0096152 0.0484489 -0.0380528 -0.0588136 0.0137089 0.298936 0.00866964 0.381027 -0.00551477 -0.0475626 -0.0652533 0.0749861 0.129548 0.00517169 -0.00558843 0.00468293 -0.00122636 
316.596 0.02 0.0332034 0.0293492 -0.0356968 1.82229 -0.0345667 -0.0153148 0.0961711 0.00802742 -0.00929314 0.049256 -0.0393341 -0.0595727 0.013246 0.297512 0.00931762 0.380066 -0.0052871 -0.0487187 -0.0662329 0.0763553 0.132659 0.00532961 -0.00530049 0.00441785 -0.00118804 
317.392 0.02 0.0332075 0.030497 -0.0374896 1.81943 -0.0349185 -0.0160837 0.0975929 0.00783663 -0.0089408 0.0500203 -0.0406252 -0.0603252 0.0127006 0.2961 0.0100136 0.37917 -0.005172 -0.0498594 -0.0672146 0.0776969 0.135712 0.00548702 -0.00501088 0.00415193 -0.00118211 
318.188 0.02 0.0331529 0.0316705 -0.0392566 1.81659 -0.0352695 -0.0167631 0.0989213 0.00763557 -0.00856294 0.0507457 -0.0419329 -0.0610663 0.0120741 0.294734 0.010755 0.378374 -0.00517652 -0.0509832 -0.068204 0.0790242 0.138745 0.00564072 -0.00472505 0.00388294 -0.00121004 
318.999 0.02 0.0330677 0.0328698 -0.0410003 1.81381 -0.0356206 -0.0173374 0.100177 0.00742745 -0.00816282 0.0514315 -0.0432637 -0.061788 0.0113606 0.293428 0.0115406 0.377697 -0.0053028 -0.0520864 -0.0692068 0.080338 0.141784 0.00579134 -0.00444512 0.003607 -0.00127134 
319.832 0.02 0.0329743 0.034089 -0.0427246 1.81108 -0.0359713 -0.0178009 0.10137 0.00721405 -0.00774139 0.0520735 -0.0446218 -0.0624795 0.0105583 0.292175 0.0123706 0.37713 -0.00555021 -0.053166 -0.0702296 0.0816265 0.144827 0.00593795 -0.00416924 0.00331866 -0.00136393 
320.681 0.02 0.0328909 0.0353186 -0.0444355 1.80836 -0.0363196 -0.0181543 0.102504 0.00699709 -0.00729833 0.0526667 -0.0460077 -0.0631313 0.00966542 0.29095 0.0132481 0.376648 -0.00591629 -0.0542203 -0.0712784 0.0828746 0.147847 0.00607994 -0.00389472 0.00301268 -0.00148508 
321.534 0.02 0.0328341 0.0365476 -0.0461412 1.80562 -0.0366621 -0.018399 0.103581 0.00677972 -0.00683344 0.0532082 -0.0474174 -0.0637401 0.008677 0.289723 0.0141771 0.376219 -0.00639635 -0.0552482 -0.0723566 0.0840723 0.150809 0.00621926 -0.00362095 0.00268583 -0.00163221 
322.406 0.02 0.0328146 0.0377667 -0.0478483 1.80283 -0.0369941 -0.0185365 0.104602 0.00656551 -0.0063473 0.0536988 -0.0488452 -0.0643079 0.00759075 0.288467 0.0151612 0.375814 -0.00698292 -0.0562497 -0.0734653 0.0852178 0.153676 0.00635822 -0.00334933 0.00233727 -0.00180293 
323.363 0.02 0.0328266 0.0389699 -0.0495488 1.79996 -0.0373121 -0.0185711 0.105549 0.0063537 -0.00584097 0.0541431 -0.0502884 -0.0648392 0.00642671 0.287174 0.0162004 0.375419 -0.00766621 -0.0572264 -0.0746027 0.0863153 0.156416 0.00649001 -0.00308078 0.00196774 -0.00199454 
324.457 0.02 0.032854 0.0401547 -0.0512311 1.79704 -0.0376142 -0.0185117 0.106406 0.0061414 -0.00531609 0.0545475 -0.05175 -0.0653389 0.00521607 0.285857 0.017291 0.375035 -0.00843508 -0.0581833 -0.0757648 0.0873728 0.159017 0.00660405 -0.00281476 0.00157903 -0.00220348 
325.668 0.02 0.0328896 0.0413198 -0.0529036 1.79408 -0.0379006 -0.0183708 0.107183 0.00593105 -0.00477565 0.0549193 -0.0532362 -0.0658122 0.00396833 0.28453 0.0184263 0.374676 -0.00927752 -0.0591282 -0.0769463 0.0884023 0.161513 0.00670214 -0.00255117 0.0011742 -0.00242537 
326.95 0.02 0.0329329 0.0424644 -0.0545819 1.79112 -0.0381713 -0.0181613 0.10791 0.00572781 -0.00422382 0.0552656 -0.0547518 -0.0662646 0.00268106 0.28321 0.0195983 0.374359 -0.0101807 -0.0600694 -0.0781391 0.0894183 0.163954 0.00679245 -0.00229126 0.000757582 -0.00265571 
328.259 0.02 0.0329829 0.043586 -0.0562684 1.78818 -0.038424 -0.0178937 0.108602 0.00553422 -0.00366532 0.0555926 -0.0562958 -0.0667027 0.00136135 0.281914 0.0207993 0.374099 -0.0111309 -0.0610135 -0.0793311 0.0904373 0.166367 0.00687768 -0.00203805 0.000334718 -0.00289062 
329.546 0.02 0.0330377 0.0446803 -0.0579529 1.78527 -0.0386533 -0.0175766 0.109262 0.00535016 -0.00310456 0.0559052 -0.0578603 -0.0671334 2.41873e-05 0.280654 0.0220236 0.373902 -0.0121138 -0.0619641 -0.0805069 0.0914733 0.168746 0.00695518 -0.00179543 -8.79231e-05 -0.00312732 
330.746 0.02 0.033098 0.0457414 -0.0596274 1.78239 -0.0388526 -0.0172193 0.109894 0.00517586 -0.00254477 0.0562072 -0.0594329 -0.0675622 -0.00132126 0.279429 0.0232661 0.373765 -0.0131155 -0.0629221 -0.0816524 0.0925336 0.171071 0.00702489 -0.00156566 -0.000503988 -0.00336391 
331.861 0.02 0.0331631 0.0467635 -0.0612904 1.77954 -0.0390169 -0.0168358 0.1105 0.00501188 -0.00198759 0.0565009 -0.0610015 -0.0679916 -0.0026723 0.278234 0.0245218 0.373681 -0.014123 -0.0638867 -0.0827573 0.093616 0.173328 0.00709009 -0.00134755 -0.000908064 -0.00359913 
332.902 0.02 0.0332248 0.0477433 -0.0629383 1.77669 -0.0391432 -0.0164451 0.111076 0.00485544 -0.00143313 0.0567891 -0.0625566 -0.0684185 -0.00401973 0.277064 0.0257837 0.373645 -0.0151254 -0.0648559 -0.0838146 0.0947085 0.1755 0.00714958 -0.0011356 -0.00129581 -0.00383233 
302.53 0.02 0.033268 0.0486803 -0.0645623 1.77385 -0.0392302 -0.0160698 0.111611 0.00470051 -0.000880868 0.0570749 -0.0640912 -0.0688363 -0.00534609 0.27592 0.0270434 0.373653 -0.016113 -0.065827 -0.0848193 0.0957937 0.17757 0.00719705 -0.000922008 -0.00166352 -0.00406335 
301.406 0.02 0.0326287 0.0495509 -0.0659539 1.77113 -0.039023 -0.015846 0.111761 0.00452042 -0.000207822 0.0573793 -0.0654657 -0.0692077 -0.00639532 0.274739 0.0282331 0.373921 -0.0168744 -0.0665259 -0.0853513 0.0968205 0.179771 0.00728264 -0.000693912 -0.0019437 -0.00432787 
304.068 0.02 0.0314082 0.050354 -0.0671387 1.76839 -0.0385427 -0.0157147 0.111525 0.00434219 0.000594969 0.0577003 -0.0666849 -0.0695281 -0.00721683 0.273422 0.0293847 0.374325 -0.0174473 -0.0669738 -0.0854616 0.097762 0.181972 0.00741495 -0.00044194 -0.00213937 -0.00463705 
307.348 0.02 0.02973 0.0510919 -0.0681552 1.7656 -0.0378399 -0.0156507 0.110972 0.00417566 0.00151615 0.0580401 -0.0677639 -0.0698008 -0.00785234 0.271965 0.0305061 0.374823 -0.0178754 -0.0672096 -0.085225 0.0986271 0.184159 0.00759685 -0.000168925 -0.00226081 -0.00498275 
310.793 0.02 0.0277267 0.0517677 -0.0690337 1.76279 -0.0369726 -0.0156289 0.110176 0.00402993 0.00253788 0.0583991 -0.0687211 -0.0700339 -0.00833929 0.270379 0.0316048 0.375381 -0.0182073 -0.0672809 -0.0847325 0.0994304 0.186327 0.00782866 0.000120534 -0.00232027 -0.00535341 
314.014 0.02 0.0255344 0.052387 -0.0697967 1.75996 -0.0360019 -0.0156263 0.109216 0.0039132 0.00363481 0.0587754 -0.0695776 -0.0702394 -0.00871047 0.268688 0.0326885 0.37598 -0.0184927 -0.0672414 -0.0840887 0.100191 0.188479 0.00810758 0.000419591 -0.00233149 -0.00573349 
316.741 0.02 0.0232895 0.0529582 -0.0704604 1.75716 -0.0349894 -0.0156225 0.108171 0.00383249 0.00477371 0.0591642 -0.070356 -0.0704311 -0.00899407 0.266924 0.0337662 0.376605 -0.0187788 -0.0671477 -0.0834092 0.100931 0.190616 0.00842674 0.000718782 -0.00230894 -0.00610343 
318.862 0.02 0.0211245 0.0534934 -0.071035 1.75441 -0.0339925 -0.0155997 0.107117 0.00379321 0.00591449 0.0595577 -0.0710794 -0.0706214 -0.00921419 0.265118 0.0348482 0.377245 -0.0191078 -0.067055 -0.0828156 0.101669 0.19272 0.00877438 0.00100587 -0.00226706 -0.00644048 
320.444 0.02 0.019163 0.0540081 -0.0715265 1.75172 -0.033061 -0.0155428 0.106123 0.00379881 0.00701276 0.0599455 -0.0717685 -0.0708198 -0.00939139 0.263298 0.0359462 0.377885 -0.0195156 -0.0670131 -0.0824284 0.102418 0.194751 0.00913378 0.00126622 -0.00221944 -0.00672057 
321.71 0.02 0.0175113 0.0545204 -0.0719381 1.74909 -0.0322341 -0.0154402 0.105244 0.00385057 0.00802384 0.0603156 -0.0724408 -0.0710312 -0.00954305 0.261485 0.0370716 0.378511 -0.0200307 -0.0670636 -0.0823569 0.103189 0.196654 0.00948488 0.00148368 -0.00217829 -0.00692066 
322.972 0.02 0.0162479 0.0550495 -0.0722723 1.74653 -0.0315392 -0.0152847 0.10452 0.00394749 0.00890767 0.0606575 -0.07311 -0.0712567 -0.00968352 0.259696 0.0382333 0.379114 -0.0206726 -0.0672374 -0.082689 0.103987 0.198376 0.00980754 0.00164217 -0.00215393 -0.0070214 
324.527 0.02 0.0154142 0.0556137 -0.0725327 1.74403 -0.0309914 -0.0150748 0.103979 0.00408631 0.00963398 0.0609641 -0.0737846 -0.0714951 -0.00982407 0.25795 0.039436 0.379691 -0.0214499 -0.0675525 -0.0834813 0.104818 0.199887 0.0100855 0.00172773 -0.00215409 -0.00700937 
326.559 0.02 0.0150111 0.0562277 -0.0727257 1.74159 -0.0305947 -0.0148141 0.103629 0.00426164 0.0101869 0.0612343 -0.0744676 -0.0717436 -0.00997269 0.256262 0.0406795 0.380247 -0.0223599 -0.0680137 -0.0847533 0.105689 0.20119 0.0103098 0.00173098 -0.00218277 -0.00687904 
329.076 0.02 0.0150042 0.0569002 -0.0728598 1.73922 -0.0303431 -0.0145088 0.103462 0.00446614 0.0105675 0.0614736 -0.075155 -0.0719977 -0.0101339 0.254642 0.0419589 0.380789 -0.0233898 -0.0686121 -0.0864882 0.106607 0.202315 0.0104799 0.00164907 -0.00223908 -0.00663369 
331.968 0.02 0.0153337 0.0576323 -0.0729459 1.73692 -0.0302226 -0.0141662 0.103458 0.00469063 0.0107929 0.0616936 -0.0758363 -0.0722509 -0.0103087 0.253085 0.0432662 0.381318 -0.0245188 -0.0693262 -0.0886373 0.107574 0.203299 0.0106028 0.00148606 -0.00231674 -0.00628495 
335.04 0.02 0.0159271 0.058417 -0.0729956 1.73464 -0.030213 -0.0137925 0.10358 0.00492469 0.0108937 0.0619087 -0.0764941 -0.0724938 -0.0104956 0.251572 0.0445914 0.381825 -0.0257217 -0.0701241 -0.0911271 0.108583 0.204165 0.010691 0.0012523 -0.00240435 -0.00585145 
338.091 0.02 0.0167071 0.0592414 -0.0730216 1.73236 -0.0302903 -0.0133922 0.103784 0.00515747 0.0109082 0.0621329 -0.0771078 -0.072715 -0.010692 0.250071 0.0459245 0.382292 -0.0269714 -0.0709659 -0.093868 0.109622 0.20492 0.0107599 0.000962212 -0.00248713 -0.00535613 
340.987 0.02 0.0175976 0.0600888 -0.0730374 1.73003 -0.0304295 -0.0129694 0.104023 0.00537854 0.0108763 0.0623772 -0.0776572 -0.0729028 -0.0108951 0.248547 0.0472552 0.382699 -0.0282408 -0.0718087 -0.0967641 0.110673 0.205558 0.0108257 0.000631201 -0.0025496 -0.00482284 
343.678 0.02 0.0185268 0.060943 -0.0730579 1.72762 -0.0306087 -0.012529 0.104259 0.00557883 0.0108336 0.0626476 -0.0781259 -0.0730478 -0.0111032 0.246967 0.0485745 0.383033 -0.029505 -0.0726115 -0.0997254 0.111721 0.206081 0.0109043 0.000272634 -0.00257845 -0.00427301 
346.171 0.02 0.0194308 0.0617907 -0.0730996 1.72511 -0.0308111 -0.0120774 0.104466 0.00575166 0.0108076 0.0629462 -0.0785042 -0.073145 -0.0113172 0.245314 0.0498746 0.383294 -0.0307429 -0.07334 -0.102678 0.112759 0.206511 0.0110105 -0.000104273 -0.00256473 -0.00372321 
348.508 0.02 0.0202576 0.0626233 -0.0731805 1.7225 -0.0310268 -0.0116222 0.104638 0.00589338 0.0108157 0.0632719 -0.0787896 -0.0731938 -0.0115414 0.24358 0.0511493 0.383493 -0.0319389 -0.0739702 -0.105571 0.113793 0.206899 0.0111579 -0.000495035 -0.00250442 -0.0031842 
350.737 0.02 0.0209694 0.0634365 -0.0733185 1.71982 -0.0312515 -0.0111719 0.104781 0.00600346 0.0108669 0.0636223 -0.0789851 -0.0731975 -0.0117837 0.241769 0.0523948 0.383653 -0.033083 -0.0744887 -0.108374 0.114835 0.207312 0.0113583 -0.000898815 -0.00239764 -0.00266151 
352.913 0.02 0.0215445 0.0642286 -0.0735292 1.71709 -0.0314847 -0.010734 0.10491 0.00608386 0.0109643 0.0639938 -0.0790974 -0.0731607 -0.0120536 0.23989 0.0536094 0.383796 -0.0341701 -0.0748909 -0.111076 0.115896 0.207811 0.0116208 -0.00131634 -0.00224694 -0.00215691 
355.076 0.02 0.0219749 0.0649988 -0.0738226 1.71433 -0.0317271 -0.0103142 0.105038 0.00613795 0.0111075 0.0643825 -0.079135 -0.0730873 -0.0123592 0.23795 0.0547937 0.383937 -0.0351991 -0.0751783 -0.113671 0.116985 0.208441 0.0119499 -0.00174778 -0.00205557 -0.00166994 
357.238 0.02 0.0222638 0.0657468 -0.0742012 1.71155 -0.031979 -0.00991549 0.105173 0.00616944 0.0112954 0.0647839 -0.0791068 -0.0729789 -0.0127047 0.235955 0.0559496 0.384084 -0.0361709 -0.0753558 -0.116156 0.118099 0.209209 0.012345 -0.00219148 -0.00182663 -0.00119918 
359.385 0.02 0.0224211 0.0664727 -0.0746605 1.70875 -0.0322401 -0.00953688 0.105311 0.00618156 0.0115261 0.0651936 -0.0790226 -0.0728344 -0.0130887 0.233908 0.0570798 0.384232 -0.0370878 -0.07543 -0.118529 0.119227 0.2101 0.0128002 -0.00264403 -0.00156327 -0.00074279 
361.494 0.02 0.0224602 0.0671777 -0.0751904 1.70592 -0.0325106 -0.00917405 0.105443 0.00617684 0.0117963 0.0656076 -0.078894 -0.07265 -0.0135049 0.231815 0.0581868 0.384376 -0.0379528 -0.0754084 -0.120788 0.120356 0.211078 0.0133049 -0.00310138 -0.00126945 -0.000298387 
363.54 0.02 0.0223959 0.0678656 -0.0757776 1.70306 -0.0327913 -0.00882009 0.105555 0.00615708 0.0121005 0.066023 -0.0787351 -0.0724205 -0.0139422 0.229686 0.0592719 0.384507 -0.0387704 -0.0753001 -0.122938 0.121468 0.212107 0.0138449 -0.00355978 -0.000950769 0.00013747 
365.509 0.02 0.0222428 0.0685424 -0.0764063 1.70016 -0.0330846 -0.00846707 0.105633 0.0061232 0.0124301 0.066438 -0.0785627 -0.0721404 -0.0143855 0.227539 0.0603352 0.384624 -0.0395458 -0.0751158 -0.124991 0.122552 0.213161 0.0144031 -0.00401644 -0.000614759 0.000569913 
367.378 0.02 0.0220148 0.0692159 -0.0770592 1.69726 -0.033394 -0.00810722 0.105665 0.00607532 0.0127733 0.0668516 -0.0783958 -0.071805 -0.014816 0.225398 0.0613761 0.384728 -0.0402851 -0.0748681 -0.126964 0.123598 0.214222 0.0149597 -0.00446972 -0.000270573 0.00100597 
369.133 0.02 0.0217269 0.069895 -0.0777206 1.69436 -0.0337234 -0.00773337 0.105643 0.0060141 0.0131161 0.0672636 -0.0782544 -0.0714113 -0.0152146 0.223293 0.0623931 0.384829 -0.0409945 -0.0745706 -0.128882 0.124599 0.215287 0.0154961 -0.00491957 7.17056e-05 0.00145434 
370.754 0.02 0.0213974 0.0705878 -0.0783803 1.69149 -0.0340762 -0.00733911 0.105569 0.00594271 0.013443 0.0676741 -0.078157 -0.0709597 -0.0155676 0.22125 0.0633857 0.384933 -0.0416795 -0.0742369 -0.130767 0.12555 0.216359 0.0159995 -0.0053677 0.000402018 0.00192455 
372.24 0.02 0.0210475 0.0713008 -0.0790345 1.68866 -0.0344543 -0.00691964 0.105451 0.00586722 0.0137391 0.0680836 -0.0781187 -0.0704537 -0.0158686 0.219289 0.0643544 0.385052 -0.0423446 -0.0738802 -0.132644 0.126448 0.217448 0.0164642 -0.00581708 0.00071125 0.00242603 
373.598 0.02 0.0206984 0.0720378 -0.0796815 1.6859 -0.0348571 -0.00647285 0.105303 0.00579486 0.013992 0.0684925 -0.0781494 -0.0698993 -0.0161159 0.217423 0.0653009 0.385191 -0.0429923 -0.0735121 -0.134525 0.127288 0.21856 0.0168889 -0.00627007 0.000992496 0.00296687 
374.846 0.02 0.0203686 0.0728002 -0.0803184 1.6832 -0.035281 -0.006 0.105132 0.00573266 0.0141938 0.0689008 -0.0782534 -0.0693035 -0.0163109 0.215659 0.066228 0.385354 -0.0436232 -0.073142 -0.136413 0.12806 0.219691 0.0172743 -0.00672711 0.00124202 0.00355297 
375.998 0.02 0.020073 0.0735861 -0.0809401 1.68056 -0.0357192 -0.00550574 0.104942 0.00568649 0.014341 0.0693087 -0.0784283 -0.0686739 -0.016457 0.213999 0.0671393 0.385541 -0.0442357 -0.072777 -0.1383 0.128753 0.22082 0.017622 -0.00718588 0.0014597 0.00418779 
377.079 0.02 0.0198219 0.074392 -0.0815399 1.67797 -0.0361637 -0.00499724 0.104733 0.00566088 0.0144342 0.0697161 -0.078667 -0.068018 -0.0165589 0.212439 0.0680388 0.385749 -0.0448266 -0.0724222 -0.140168 0.129354 0.221923 0.0179336 -0.00764204 0.00164814 0.00487255 
378.107 0.02 0.0196204 0.075214 -0.0821124 1.67542 -0.0366062 -0.00448239 0.104502 0.00565894 0.0144761 0.0701237 -0.0789604 -0.0673422 -0.016623 0.210974 0.0689296 0.385974 -0.0453923 -0.0720803 -0.142001 0.129854 0.222978 0.0182118 -0.00809082 0.00181108 0.00560661 
379.106 0.02 0.0194683 0.0760493 -0.0826564 1.67291 -0.0370406 -0.00396834 0.104246 0.0056828 0.0144698 0.0705335 -0.0792998 -0.066651 -0.0166565 0.209596 0.0698138 0.386214 -0.0459291 -0.0717527 -0.143784 0.130246 0.223973 0.0184598 -0.00852866 0.00195182 0.00638823 
380.093 0.02 0.0193613 0.0768964 -0.0831752 1.67043 -0.0374625 -0.00346173 0.103965 0.00573407 0.0144181 0.0709486 -0.079678 -0.0659478 -0.0166681 0.2083 0.0706919 0.386472 -0.0464342 -0.0714405 -0.14551 0.130533 0.224915 0.0186821 -0.00895353 0.00207287 0.0072152 
381.074 0.02 0.0192926 0.0777547 -0.0836748 1.66798 -0.0378694 -0.0029692 0.103661 0.00581424 0.0143232 0.0713732 -0.0800884 -0.0652355 -0.0166663 0.20708 0.0715644 0.38675 -0.0469052 -0.0711447 -0.147177 0.13072 0.22582 0.018884 -0.00936445 0.00217629 0.00808504 
382.047 0.02 0.0192545 0.078623 -0.084162 1.66556 -0.0382591 -0.00249766 0.103337 0.00592444 0.0141875 0.0718112 -0.0805254 -0.0645167 -0.0166597 0.205928 0.0724309 0.387051 -0.0473395 -0.0708672 -0.148784 0.130818 0.226713 0.0190713 -0.00976093 0.00226435 0.00899496 
383.01 0.02 0.0192385 0.0795003 -0.0846434 1.66319 -0.0386297 -0.00205391 0.102995 0.00606502 0.0140138 0.0722664 -0.0809832 -0.0637928 -0.0166555 0.204837 0.0732912 0.38738 -0.0477345 -0.0706096 -0.150333 0.130834 0.227614 0.0192494 -0.0101425 0.00233992 0.00994148 
383.958 0.02 0.0192359 0.0803849 -0.085124 1.66085 -0.0389789 -0.00164378 0.102633 0.00623506 0.0138057 0.0727413 -0.0814562 -0.0630638 -0.0166603 0.203797 0.0741445 0.387737 -0.0480875 -0.0703729 -0.151823 0.130778 0.228538 0.0194225 -0.0105088 0.00240672 0.01092 
384.892 0.02 0.0192374 0.0812751 -0.0856079 1.65854 -0.039304 -0.00127173 0.102245 0.00643222 0.0135675 0.0732375 -0.0819398 -0.0623278 -0.0166788 0.202798 0.0749899 0.388119 -0.0483956 -0.0701568 -0.15325 0.130658 0.229489 0.0195936 -0.0108591 0.00246921 0.0119249 
385.803 0.02 0.0192338 0.0821699 -0.0860978 1.65625 -0.0396028 -0.000940469 0.101824 0.00665282 0.0133038 0.0737555 -0.0824306 -0.0615815 -0.0167144 0.201827 0.075826 0.388524 -0.0486567 -0.0699599 -0.154612 0.130478 0.230465 0.0197645 -0.0111935 0.00253207 0.0129494 
386.695 0.02 0.0192159 0.083069 -0.0865964 1.65397 -0.0398734 -0.000651422 0.10136 0.00689232 0.0130185 0.0742951 -0.0829273 -0.0608211 -0.0167688 0.200875 0.0766513 0.388948 -0.0488698 -0.0697803 -0.155906 0.130245 0.231462 0.0199361 -0.0115123 0.00259967 0.0139865 
387.56 0.02 0.0191752 0.083973 -0.0871061 1.6517 -0.040115 -0.000405203 0.100846 0.0071458 0.0127146 0.0748553 -0.083431 -0.0600432 -0.0168428 0.199933 0.0774643 0.389387 -0.0490357 -0.0696158 -0.157133 0.129965 0.232479 0.0201086 -0.0118167 0.00267581 0.0150298 
388.401 0.02 0.0191047 0.0848829 -0.0876291 1.64944 -0.0403278 -0.000202215 0.100279 0.00740856 0.0123938 0.0754347 -0.0839445 -0.0592454 -0.0169364 0.198995 0.0782637 0.38984 -0.0491565 -0.0694657 -0.158298 0.129646 0.233518 0.0202823 -0.0121086 0.0027636 0.0160736 
389.212 0.02 0.0189996 0.0858001 -0.0881668 1.64719 -0.040512 -4.29906e-05 0.0996561 0.00767615 0.0120568 0.0760312 -0.0844712 -0.0584272 -0.0170493 0.198059 0.079049 0.390307 -0.0492351 -0.0693299 -0.159408 0.129294 0.234583 0.0204571 -0.0123903 0.00286592 0.0171137 
389.992 0.02 0.0188571 0.0867256 -0.0887198 1.64494 -0.0406675 7.21433e-05 0.0989776 0.0079446 0.0117041 0.0766416 -0.0850153 -0.0575893 -0.0171809 0.197123 0.0798205 0.390788 -0.0492755 -0.0692095 -0.160471 0.128917 0.235682 0.0206326 -0.0126646 0.0029855 0.0181467 
390.738 0.02 0.0186768 0.0876597 -0.0892875 1.64271 -0.0407939 0.000143635 0.0982433 0.00821031 0.0113359 0.0772617 -0.0855802 -0.0567341 -0.0173303 0.196187 0.0805791 0.391286 -0.0492816 -0.069106 -0.161494 0.128522 0.236815 0.0208082 -0.0129344 0.00312511 0.0191702 
391.451 0.02 0.0184604 0.0886022 -0.0898684 1.6405 -0.0408891 0.000173433 0.0974517 0.00847002 0.0109527 0.0778864 -0.0861687 -0.0558649 -0.0174959 0.195253 0.0813266 0.391798 -0.0492569 -0.069021 -0.162483 0.128115 0.237981 0.0209821 -0.0132029 0.00328756 0.0201824 
392.129 0.02 0.0182116 0.0895521 -0.0904607 1.63831 -0.0409506 0.000165478 0.0966003 0.00872075 0.0105553 0.0785097 -0.0867828 -0.054986 -0.0176753 0.194321 0.082065 0.392324 -0.0492046 -0.0689559 -0.16344 0.1277 0.23917 0.0211518 -0.0134738 0.00347542 0.0211821 
392.775 0.02 0.0179355 0.090508 -0.0910639 1.63614 -0.040975 0.000126 0.0956861 0.00895983 0.0101445 0.0791254 -0.0874244 -0.0541023 -0.0178651 0.193391 0.0827966 0.392862 -0.0491275 -0.0689117 -0.164368 0.127282 0.240372 0.021315 -0.0137512 0.0036905 0.0221684 
393.391 0.02 0.0176382 0.0914681 -0.0916795 1.634 -0.040959 6.36102e-05 0.0947072 0.00918474 0.00972044 0.0797276 -0.0880956 -0.053219 -0.018061 0.192464 0.0835233 0.393412 -0.0490278 -0.0688887 -0.165268 0.126866 0.24158 0.0214694 -0.0140397 0.00393346 0.0231411 
393.977 0.02 0.0173268 0.0924307 -0.0923121 1.63187 -0.0409003 -1.10782e-05 0.093664 0.00939301 0.00928331 0.0803116 -0.0887984 -0.0523419 -0.0182582 0.191542 0.0842467 0.39397 -0.0489078 -0.0688867 -0.166145 0.126458 0.242787 0.0216139 -0.0143442 0.00420381 0.0241001 
394.536 0.02 0.017009 0.0933934 -0.0929691 1.62978 -0.0407969 -8.62038e-05 0.0925602 0.00958192 0.00883308 0.0808741 -0.0895344 -0.0514768 -0.0184509 0.190627 0.0849679 0.394538 -0.0487694 -0.068905 -0.167003 0.126061 0.243994 0.0217495 -0.014669 0.00450011 0.0250452 
395.071 0.02 0.0166931 0.0943525 -0.0936597 1.62772 -0.0406481 -0.000149356 0.0914022 0.00974815 0.00837031 0.0814131 -0.090304 -0.0506304 -0.0186321 0.189721 0.0856878 0.395115 -0.0486141 -0.0689421 -0.167845 0.125682 0.245205 0.0218788 -0.0150173 0.00482074 0.0259758 
395.587 0.02 0.0163873 0.0953034 -0.0943943 1.6257 -0.0404542 -0.000188346 0.090199 0.0098874 0.00789677 0.0819292 -0.0911048 -0.0498094 -0.0187936 0.188827 0.0864071 0.395701 -0.0484435 -0.0689968 -0.168673 0.125323 0.246423 0.0220065 -0.0153906 0.00516447 0.02689 
396.088 0.02 0.0160994 0.0962391 -0.0951837 1.62372 -0.0402161 -0.000191656 0.0889602 0.00999372 0.00741629 0.0824249 -0.0919316 -0.04902 -0.0189258 0.187945 0.087127 0.396295 -0.048259 -0.0690676 -0.16949 0.124986 0.247652 0.0221394 -0.015788 0.00553118 0.0277841 
396.58 0.02 0.0158353 0.0971515 -0.0960386 1.62179 -0.0399357 -0.000148556 0.087695 0.0100592 0.0069353 0.0829057 -0.0927753 -0.0482675 -0.0190177 0.187077 0.087848 0.396897 -0.0480623 -0.0691528 -0.170293 0.124671 0.248888 0.0222853 -0.0162062 0.00592198 0.0286521 
397.071 0.02 0.0155992 0.0980311 -0.0969702 1.61989 -0.0396163 -4.92378e-05 0.0864117 0.0100737 0.00646319 0.083381 -0.0936242 -0.0475552 -0.0190569 0.186221 0.0885706 0.397505 -0.0478552 -0.0692513 -0.171082 0.124377 0.250127 0.0224539 -0.0166391 0.00633912 0.0294856 
397.568 0.02 0.0153934 0.0988674 -0.0979892 1.61803 -0.0392617 0.000114932 0.0851171 0.0100254 0.00601269 0.0838643 -0.0944645 -0.0468852 -0.0190306 0.185379 0.0892945 0.398117 -0.0476397 -0.0693628 -0.171857 0.124105 0.251363 0.0226556 -0.0170777 0.0067858 0.0302746 
398.086 0.02 0.0152182 0.0996495 -0.0991053 1.6162 -0.0388769 0.0003509 0.083817 0.00990176 0.00559967 0.0843734 -0.0952819 -0.0462584 -0.0189267 0.184549 0.0900183 0.398729 -0.0474169 -0.0694875 -0.17262 0.123853 0.252591 0.0229019 -0.0175099 0.0072659 0.0310079 
398.64 0.02 0.0150722 0.100367 -0.100324 1.6144 -0.0384674 0.000663357 0.0825161 0.00969205 0.00524212 0.0849288 -0.096064 -0.0456748 -0.0187355 0.18373 0.0907398 0.399339 -0.047186 -0.0696268 -0.173372 0.123625 0.253806 0.0232046 -0.0179214 0.00778363 0.0316744 
399.248 0.02 0.014952 0.101011 -0.101643 1.61261 -0.0380403 0.00105417 0.0812164 0.0093916 0.00495769 0.0855511 -0.0968042 -0.0451337 -0.0184538 0.182916 0.0914557 0.39994 -0.0469415 -0.0697824 -0.174115 0.123422 0.255014 0.0235747 -0.0182964 0.0083429 0.0322651 
399.912 0.02 0.0148517 0.101577 -0.103046 1.61085 -0.0376045 0.00152168 0.0799161 0.00900858 0.00475908 0.0862543 -0.097508 -0.0446333 -0.0180909 0.182097 0.0921629 0.400525 -0.0466711 -0.0699564 -0.174848 0.123248 0.256225 0.02402 -0.0186203 0.00894564 0.0327767 
400.59 0.02 0.0147642 0.10207 -0.104494 1.60909 -0.0371709 0.00206062 0.0786085 0.00857375 0.00464699 0.087038 -0.098202 -0.0441704 -0.0176777 0.181254 0.0928582 0.401081 -0.0463561 -0.0701514 -0.175567 0.123107 0.257457 0.0245398 -0.0188853 0.00958777 0.0332155 
401.195 0.02 0.0146871 0.102506 -0.10592 1.60735 -0.036752 0.00266271 0.0772848 0.0081508 0.00460155 0.087877 -0.0989457 -0.0437395 -0.0172774 0.180372 0.093539 0.401598 -0.0459798 -0.0703725 -0.17627 0.123001 0.258726 0.0251172 -0.0190965 0.0102514 0.0336034 
401.669 0.02 0.0146318 0.102918 -0.107227 1.60562 -0.0363581 0.00331839 0.0759418 0.00783571 0.00457852 0.0887181 -0.0998324 -0.0433321 -0.0169874 0.179446 0.0942018 0.402078 -0.0455454 -0.0706286 -0.176974 0.122926 0.260022 0.0257106 -0.0192767 0.0108976 0.0339783 
402.119 0.02 0.0146241 0.103338 -0.108335 1.60392 -0.0359932 0.00401883 0.0745881 0.00771729 0.00452678 0.0895026 -0.10095 -0.0429375 -0.0169021 0.178499 0.0948437 0.402537 -0.0450824 -0.0709294 -0.177714 0.122872 0.261298 0.0262672 -0.0194566 0.0114795 0.0343784 
402.638 0.02 0.0146867 0.10378 -0.109234 1.60225 -0.0356524 0.00475741 0.0732423 0.00780773 0.00442686 0.0902124 -0.10231 -0.0425476 -0.0170445 0.177559 0.0954655 0.402996 -0.0446287 -0.0712769 -0.17852 0.122828 0.262495 0.02676 -0.0196501 0.0119762 0.0348144 
348.635 0.02 0.014831 0.104226 -0.109997 1.6006 -0.0353236 0.00552943 0.0719302 0.00803031 0.00430202 0.0908829 -0.103835 -0.0421585 -0.0173547 0.176661 0.0960715 0.403476 -0.0442192 -0.0716637 -0.179417 0.122783 0.263563 0.0272011 -0.0198454 0.0124037 0.035263 
352.636 0.02 0.0149081 0.104625 -0.110655 1.60046 -0.0352605 0.00596727 0.0713952 0.00816414 0.00414439 0.0918344 -0.105636 -0.0419836 -0.0176713 0.176472 0.0965061 0.404672 -0.0437687 -0.0722516 -0.18159 0.123639 0.267081 0.0277836 -0.0200623 0.0126099 0.0358145 
359.687 0.02 0.0149094 0.105042 -0.111251 1.60117 -0.0352454 0.00627439 0.0711374 0.00820483 0.00402978 0.0929066 -0.10757 -0.0418768 -0.0179217 0.17662 0.0968171 0.40626 -0.0432862 -0.0729193 -0.18447 0.124981 0.272058 0.0284333 -0.0202945 0.0126475 0.0363406 
355.453 0.02 0.0148256 0.105445 -0.111802 1.60165 -0.0351225 0.00657304 0.0707018 0.00811945 0.00402302 0.0938928 -0.109349 -0.0417342 -0.0181041 0.176638 0.0971011 0.40775 -0.0429116 -0.0735334 -0.187096 0.126204 0.276631 0.0290518 -0.0204942 0.0126684 0.0366727 
350.864 0.02 0.0146683 0.105769 -0.112281 1.60102 -0.0347797 0.00696028 0.0697664 0.00786918 0.00415086 0.0945726 -0.110639 -0.0414897 -0.018261 0.176192 0.0974389 0.408728 -0.0427918 -0.0739625 -0.188538 0.126763 0.278956 0.0295392 -0.0206223 0.0128253 0.0366623 
354.823 0.02 0.0144607 0.105994 -0.11266 1.5991 -0.0342156 0.00745307 0.0683113 0.0074581 0.00438232 0.0948753 -0.111357 -0.0411407 -0.0184284 0.175243 0.0978562 0.409109 -0.0429567 -0.0741793 -0.188576 0.126534 0.278587 0.0298656 -0.0206871 0.0131615 0.0363091 
362.128 0.02 0.0142229 0.106155 -0.112948 1.59625 -0.0334921 0.00801049 0.0664997 0.00692085 0.00466795 0.0948679 -0.111652 -0.0407162 -0.018604 0.173918 0.0983376 0.409049 -0.0433335 -0.0742466 -0.187595 0.125724 0.276295 0.0300627 -0.0207265 0.0136192 0.035717 
363.988 0.02 0.013967 0.106312 -0.113206 1.59309 -0.0326979 0.00857107 0.0645581 0.00630952 0.00495258 0.0947022 -0.11177 -0.0402536 -0.0187695 0.172447 0.0988421 0.408825 -0.0437916 -0.0742691 -0.186288 0.124718 0.273424 0.0301955 -0.0207923 0.0140835 0.0350381 
360.795 0.02 0.0136978 0.106518 -0.113547 1.59034 -0.0319356 0.00907974 0.0627187 0.00569076 0.00517531 0.0945799 -0.111961 -0.0397888 -0.0189188 0.171135 0.0993122 0.408754 -0.0441734 -0.0743557 -0.18545 0.123977 0.271403 0.0303397 -0.0209352 0.0144238 0.0344389 
359.663 0.02 0.0134178 0.106796 -0.114074 1.58851 -0.0312753 0.00951327 0.0611204 0.00511947 0.0052938 0.0946544 -0.112377 -0.0393401 -0.0190616 0.170211 0.0997046 0.40905 -0.0443653 -0.0745703 -0.185594 0.123815 0.271095 0.0305458 -0.0211795 0.0145603 0.0340305 
363.241 0.02 0.0131325 0.107138 -0.114807 1.58764 -0.0307239 0.00987913 0.0597617 0.00461369 0.0053043 0.0949578 -0.113031 -0.0389051 -0.0192103 0.169703 0.100015 0.409726 -0.0443423 -0.0749183 -0.18677 0.124261 0.272538 0.0308203 -0.0215178 0.0144897 0.0338296 
367.839 0.02 0.0128568 0.107516 -0.115684 1.5874 -0.0302417 0.0101978 0.0585567 0.00415894 0.00523498 0.0954177 -0.113844 -0.0384752 -0.0193724 0.169475 0.100271 0.410645 -0.0441549 -0.0753684 -0.188675 0.12512 0.275185 0.0311357 -0.0219199 0.0142627 0.0337818 
368.912 0.02 0.0126187 0.10788 -0.116573 1.5873 -0.0297697 0.0104936 0.0573999 0.00372266 0.00513154 0.0958952 -0.11467 -0.0380464 -0.0195512 0.169305 0.100519 0.411586 -0.0439104 -0.0758693 -0.190777 0.126047 0.278115 0.0314422 -0.022339 0.0139644 0.033787 
367.288 0.02 0.0124503 0.108168 -0.117316 1.58679 -0.0292584 0.0107884 0.0562183 0.00327175 0.00504118 0.0962392 -0.115346 -0.0376249 -0.0197464 0.168971 0.100801 0.41232 -0.043741 -0.0763625 -0.192466 0.126673 0.280307 0.0316839 -0.0227192 0.0136922 0.033732 
367.303 0.02 0.012369 0.108332 -0.117808 1.58558 -0.0286887 0.0110918 0.0549941 0.0027879 0.00499417 0.096361 -0.115769 -0.0372213 -0.0199536 0.168354 0.101141 0.412718 -0.0437382 -0.0768092 -0.193354 0.126771 0.281118 0.0318287 -0.0230192 0.0135122 0.0335452 
370.03 0.02 0.0123731 0.108367 -0.118046 1.58367 -0.0280706 0.0114 0.0537496 0.0022704 0.00499433 0.0962699 -0.115943 -0.0368393 -0.020168 0.167464 0.101537 0.412788 -0.0439064 -0.0772089 -0.193438 0.126348 0.280555 0.0318819 -0.0232297 0.0134296 0.0332274 
372.577 0.02 0.0124481 0.108297 -0.118115 1.58133 -0.0274298 0.0117002 0.0525227 0.00173335 0.00502073 0.0960554 -0.115961 -0.0364717 -0.0203878 0.166409 0.101969 0.412644 -0.0441705 -0.0775943 -0.193042 0.125596 0.279155 0.0318772 -0.0233715 0.0133968 0.0328415 
372.758 0.02 0.0125707 0.108168 -0.118157 1.57894 -0.0267981 0.0119759 0.0513506 0.00120358 0.00503402 0.0958522 -0.115957 -0.0361033 -0.0206154 0.165355 0.102404 0.412454 -0.0444077 -0.0780116 -0.192659 0.124807 0.277715 0.0318604 -0.0234829 0.0133396 0.0324855 
371.997 0.02 0.0127149 0.108022 -0.118315 1.57689 -0.0262028 0.0122123 0.0502565 0.00071284 0.00499112 0.0957884 -0.116049 -0.035717 -0.0208552 0.164466 0.102809 0.412381 -0.044498 -0.0784983 -0.192744 0.124259 0.276968 0.0318718 -0.0236021 0.0131904 0.0322524 
372.703 0.02 0.0128618 0.107878 -0.118669 1.57536 -0.0256563 0.0124004 0.0492444 0.000280864 0.00486647 0.0959314 -0.116296 -0.0353011 -0.0211098 0.163831 0.103168 0.412512 -0.0443777 -0.0790691 -0.193527 0.124099 0.277274 0.0319305 -0.0237496 0.0129172 0.0321912 
374.887 0.02 0.0130057 0.107734 -0.119211 1.57432 -0.0251564 0.0125381 0.0483044 -9.67582e-05 0.00466337 0.0962687 -0.116685 -0.0348521 -0.0213796 0.163431 0.103484 0.412827 -0.0440604 -0.0797151 -0.19495 0.124299 0.278541 0.0320325 -0.0239214 0.0125314 0.0322939 
376.625 0.02 0.0131502 0.107566 -0.119863 1.57351 -0.0246941 0.0126294 0.0474262 -0.00044641 0.00440994 0.0967247 -0.117153 -0.034373 -0.0216629 0.163162 0.103777 0.413224 -0.0436268 -0.0804088 -0.196733 0.1247 0.280323 0.0321578 -0.0240922 0.0120782 0.0325056 
376.906 0.02 0.0132993 0.107335 -0.120509 1.57263 -0.0242612 0.0126831 0.0466047 -0.000803778 0.00414604 0.0971918 -0.117609 -0.033869 -0.0219561 0.162889 0.104076 0.41357 -0.043195 -0.0811109 -0.198478 0.125081 0.281993 0.0322785 -0.0242258 0.0116214 0.0327472 
376.896 0.02 0.0134515 0.107009 -0.121051 1.5714 -0.0238525 0.0127101 0.0458366 -0.00119787 0.00390596 0.0975732 -0.117975 -0.0333422 -0.0222548 0.162501 0.104405 0.413754 -0.0428715 -0.081783 -0.199833 0.125259 0.283005 0.0323709 -0.0242902 0.0112186 0.0329471 
377.919 0.02 0.0136009 0.106574 -0.121445 1.56973 -0.0234657 0.0127166 0.0451167 -0.00164009 0.00370379 0.0978249 -0.118219 -0.0327897 -0.0225586 0.161956 0.104775 0.413733 -0.0427039 -0.082404 -0.200646 0.125164 0.283124 0.032425 -0.0242732 0.0108963 0.0330726 
379.648 0.02 0.0137389 0.106046 -0.121723 1.56768 -0.0231028 0.0127003 0.0444386 -0.00212211 0.00353012 0.0979691 -0.118364 -0.0322045 -0.0228723 0.161282 0.105178 0.413538 -0.0426693 -0.0829782 -0.201004 0.124852 0.282494 0.0324475 -0.0241868 0.0106418 0.0331408 
380.852 0.02 0.0138558 0.10546 -0.121972 1.56546 -0.0227692 0.0126505 0.0437947 -0.00261767 0.00335757 0.0980803 -0.118471 -0.0315792 -0.0232055 0.160562 0.105598 0.413252 -0.0426934 -0.08353 -0.201174 0.124473 0.281533 0.0324569 -0.0240616 0.0104127 0.0332065 
381.264 0.02 0.0139417 0.10486 -0.122303 1.56331 -0.0224703 0.0125528 0.0431747 -0.0030888 0.00315269 0.0982517 -0.11861 -0.0309098 -0.0235669 0.159896 0.106012 0.412981 -0.0426861 -0.0840915 -0.201476 0.124201 0.280747 0.0324748 -0.0239359 0.0101565 0.0333372 
381.801 0.02 0.0139892 0.104283 -0.122802 1.56143 -0.0222093 0.0123958 0.0425675 -0.00349935 0.00289084 0.0985539 -0.118826 -0.0301965 -0.023961 0.159366 0.106403 0.412802 -0.0425823 -0.0846882 -0.202148 0.124167 0.280516 0.0325165 -0.0238413 0.00983258 0.0335836 
383.086 0.02 0.0139977 0.103746 -0.123499 1.55986 -0.0219844 0.0121756 0.0419657 -0.00383097 0.00256671 0.099007 -0.119126 -0.029443 -0.0243906 0.158993 0.106766 0.412739 -0.0423672 -0.0853279 -0.203257 0.124405 0.28095 0.0325864 -0.0237919 0.00942966 0.0339585 
384.678 0.02 0.013974 0.103244 -0.124355 1.55853 -0.0217886 0.0118983 0.041366 -0.0040897 0.00219539 0.0995766 -0.119484 -0.0286525 -0.0248589 0.158741 0.10711 0.412758 -0.0420763 -0.0859978 -0.204694 0.124853 0.281876 0.0326789 -0.0237817 0.00896836 0.0344342 
385.869 0.02 0.0139286 0.102759 -0.12529 1.55726 -0.0216096 0.0115784 0.0407644 -0.00429914 0.0018043 0.100192 -0.119854 -0.0278256 -0.0253689 0.158532 0.107451 0.412787 -0.0417742 -0.0866691 -0.206236 0.125391 0.282939 0.0327803 -0.0237892 0.00849139 0.0349547 
386.673 0.02 0.0138717 0.102267 -0.126215 1.55587 -0.021432 0.0112353 0.0401515 -0.00448598 0.00142157 0.100776 -0.120187 -0.026961 -0.0259195 0.158288 0.107808 0.412751 -0.0415258 -0.0873072 -0.207642 0.125891 0.283754 0.0328745 -0.0237891 0.00804525 0.0354592 
387.638 0.02 0.0138107 0.101754 -0.127071 1.55425 -0.0212429 0.0108858 0.0395165 -0.00466657 0.00106679 0.101281 -0.120452 -0.0260588 -0.0265064 0.157957 0.108193 0.412604 -0.0413714 -0.087887 -0.208753 0.126269 0.284067 0.03295 -0.0237645 0.00766152 0.0359057 
388.939 0.02 0.0137523 0.101225 -0.12785 1.55238 -0.0210361 0.0105353 0.0388559 -0.00483966 0.000747875 0.1017 -0.120645 -0.0251244 -0.0271258 0.157533 0.108608 0.412345 -0.0413148 -0.0884036 -0.209555 0.126511 0.283854 0.033007 -0.0237159 0.00734594 0.0362853 
390.231 0.02 0.0137049 0.100702 -0.128588 1.55036 -0.0208133 0.0101745 0.0381782 -0.00498712 0.000465177 0.102062 -0.120787 -0.0241705 -0.0277765 0.157051 0.109046 0.41201 -0.0413282 -0.0888744 -0.210163 0.126665 0.283298 0.0330599 -0.0236618 0.00707893 0.0366214 
391.224 0.02 0.0136806 0.100217 -0.129344 1.54831 -0.0205805 0.00978342 0.0375037 -0.0050804 0.000217589 0.102415 -0.120907 -0.0232172 -0.0284575 0.156571 0.109497 0.411658 -0.0413677 -0.0893322 -0.210765 0.126811 0.282707 0.0331322 -0.0236326 0.00682584 0.0369556 
392.119 0.02 0.0136939 0.0997992 -0.130175 1.54638 -0.0203444 0.00934136 0.0368565 -0.0050924 8.53911e-06 0.102796 -0.121033 -0.0222872 -0.0291674 0.156147 0.10995 0.411348 -0.0413918 -0.0898112 -0.211536 0.127022 0.282369 0.0332485 -0.0236595 0.00655232 0.0373278 
393.27 0.02 0.0137571 0.0994655 -0.131107 1.54463 -0.020109 0.00883699 0.0362561 -0.00501087 -0.000150989 0.103219 -0.12118 -0.021397 -0.0299059 0.155805 0.1104 0.411111 -0.0413783 -0.0903318 -0.212568 0.12733 0.28244 0.0334262 -0.0237621 0.00623955 0.0377586 
394.666 0.02 0.0138777 0.0992187 -0.132129 1.54305 -0.0198741 0.00827405 0.0357097 -0.00484503 -0.000243797 0.103669 -0.121349 -0.0205511 -0.0306767 0.155535 0.110847 0.410947 -0.0413283 -0.0908929 -0.213843 0.127721 0.282887 0.0336718 -0.0239417 0.00589199 0.0382412 
396.007 0.02 0.0140567 0.0990487 -0.1332 1.54154 -0.0196358 0.00767047 0.0352108 -0.00462206 -0.000250518 0.104111 -0.121531 -0.0197422 -0.0314833 0.155294 0.111297 0.410825 -0.0412618 -0.0914732 -0.215247 0.128138 0.28352 0.0339794 -0.0241814 0.00553494 0.0387461 
397.146 0.02 0.014289 0.0989394 -0.134264 1.53999 -0.0193876 0.0070522 0.0347415 -0.00437587 -0.000154212 0.104506 -0.121711 -0.0189573 -0.0323233 0.155032 0.111755 0.410704 -0.0412054 -0.0920416 -0.216628 0.128514 0.284078 0.0343342 -0.0244546 0.0052037 0.0392343 
398.248 0.02 0.0145679 0.0988771 -0.13527 1.53829 -0.0191239 0.00644351 0.0342816 -0.00413398 5.66193e-05 0.104829 -0.121877 -0.0181845 -0.0331864 0.15471 0.112227 0.410553 -0.0411794 -0.0925718 -0.217856 0.128792 0.284343 0.0347188 -0.0247378 0.00492838 0.0396748 
399.486 0.02 0.014889 0.0988557 -0.1362 1.53642 -0.0188433 0.0058573 0.0338195 -0.00390717 0.000386898 0.105073 -0.122024 -0.0174179 -0.0340603 0.154318 0.112714 0.410361 -0.0411873 -0.0930552 -0.21888 0.128952 0.284226 0.0351236 -0.02502 0.00472061 0.0400574 
400.788 0.02 0.0152525 0.0988754 -0.137074 1.53441 -0.01855 0.00529066 0.0333575 -0.00368344 0.000833118 0.105253 -0.122153 -0.0166582 -0.0349351 0.153875 0.113215 0.410145 -0.0412146 -0.0935051 -0.219743 0.129014 0.283796 0.0355508 -0.025307 0.00456743 0.0403982 
401.978 0.02 0.0156612 0.0989361 -0.137947 1.53234 -0.0182523 0.00472818 0.0329093 -0.00342816 0.00137876 0.105403 -0.122266 -0.0159083 -0.0358023 0.153419 0.113725 0.40994 -0.0412322 -0.0939512 -0.22055 0.129027 0.28324 0.0360119 -0.0256148 0.00443574 0.0407354 
403.043 0.02 0.0161157 0.099031 -0.138885 1.5303 -0.0179593 0.00415008 0.0324906 -0.00309649 0.00199139 0.105566 -0.122364 -0.0151679 -0.0366526 0.152993 0.114239 0.409785 -0.0412055 -0.0944257 -0.221415 0.129048 0.282769 0.0365187 -0.0259579 0.00428727 0.041115 
404.117 0.02 0.0166118 0.0991446 -0.139929 1.52837 -0.0176768 0.0035409 0.0321131 -0.00265918 0.00262981 0.105783 -0.122451 -0.0144291 -0.0374804 0.15263 0.114749 0.409709 -0.0411035 -0.0949487 -0.222411 0.129116 0.282527 0.0370769 -0.0263375 0.0040995 0.0415703 
405.235 0.02 0.0171402 0.0992581 -0.14107 1.52656 -0.0174055 0.00289587 0.0317797 -0.00212409 0.00325873 0.106074 -0.122536 -0.0136764 -0.0382865 0.152336 0.115248 0.409719 -0.0409086 -0.0955196 -0.223547 0.129238 0.282526 0.0376831 -0.0267367 0.00387931 0.0421056 
406.279 0.02 0.0176869 0.0993545 -0.142251 1.52483 -0.0171416 0.00222277 0.0314824 -0.00153425 0.00385736 0.106437 -0.122636 -0.0128915 -0.0390743 0.15209 0.115731 0.409804 -0.0406191 -0.0961189 -0.22477 0.129395 0.282655 0.0383231 -0.0271246 0.00366015 0.0426968 
407.183 0.02 0.0182354 0.0994217 -0.143388 1.52312 -0.0168793 0.00153838 0.0312032 -0.000946584 0.00441745 0.106856 -0.122768 -0.0120576 -0.0398422 0.151865 0.116193 0.409936 -0.0402456 -0.096718 -0.225996 0.129551 0.282739 0.0389753 -0.0274671 0.00348592 0.0433052 
408.019 0.02 0.0187698 0.0994536 -0.144411 1.52138 -0.0166144 0.000860891 0.0309213 -0.00040616 0.00493713 0.107315 -0.122941 -0.011164 -0.0405826 0.151637 0.116631 0.410091 -0.0398023 -0.0972923 -0.22715 0.129671 0.282624 0.0396177 -0.0277384 0.0033911 0.0438965 
408.869 0.02 0.0192786 0.09945 -0.145285 1.5196 -0.0163473 0.00020178 0.0306228 7.18484e-05 0.00541591 0.107806 -0.123154 -0.0102082 -0.0412863 0.151399 0.117046 0.410259 -0.0393007 -0.0978319 -0.228196 0.129738 0.282248 0.0402367 -0.0279309 0.0033865 0.0444555 
409.715 0.02 0.0197569 0.0994155 -0.146023 1.5178 -0.0160843 -0.000438757 0.0303061 0.000504671 0.00585302 0.10833 -0.123398 -0.00919537 -0.0419474 0.151162 0.11744 0.410443 -0.038745 -0.0983461 -0.229154 0.12976 0.281652 0.0408324 -0.0280566 0.00345677 0.0449903 
410.491 0.02 0.0202057 0.0993587 -0.146667 1.51601 -0.0158352 -0.00107034 0.0299806 0.00092963 0.00624833 0.108894 -0.12366 -0.00813506 -0.0425671 0.150947 0.117818 0.410663 -0.0381337 -0.0988585 -0.23008 0.129762 0.280956 0.0414173 -0.0281415 0.00356946 0.0455244 
411.204 0.02 0.0206286 0.0992909 -0.147269 1.5143 -0.0156097 -0.00170624 0.0296594 0.001385 0.00660453 0.109505 -0.123925 -0.00703776 -0.0431528 0.150779 0.118184 0.410938 -0.0374635 -0.0993958 -0.231039 0.129771 0.280297 0.0420088 -0.0282149 0.00369004 0.0460833 
411.896 0.02 0.0210277 0.0992243 -0.147861 1.5127 -0.015414 -0.00235579 0.0293512 0.00189479 0.00692835 0.110164 -0.124184 -0.00591187 -0.0437142 0.150671 0.118542 0.411284 -0.0367346 -0.0999765 -0.232077 0.129807 0.27977 0.0426216 -0.0282994 0.00379442 0.0466823 
412.6 0.02 0.0214025 0.0991714 -0.14845 1.51122 -0.0152485 -0.00301791 0.0290542 0.00246209 0.00723063 0.110866 -0.124429 -0.00476203 -0.04426 0.150625 0.118894 0.411699 -0.0359525 -0.100601 -0.233195 0.129868 0.279393 0.0432625 -0.0284063 0.00387569 0.0473206 
413.264 0.02 0.021748 0.0991441 -0.149017 1.50983 -0.0151089 -0.00368097 0.0287559 0.00307098 0.0075249 0.111601 -0.12465 -0.00359019 -0.0447944 0.150632 0.119242 0.41217 -0.0351283 -0.101251 -0.234359 0.129932 0.279112 0.043929 -0.0285351 0.00394227 0.0479827 
413.831 0.02 0.0220586 0.0991545 -0.149527 1.50848 -0.0149864 -0.00432602 0.0284396 0.0036937 0.00782534 0.112354 -0.124838 -0.00239674 -0.0453216 0.150671 0.119589 0.412672 -0.0342757 -0.101897 -0.235508 0.129968 0.278832 0.0446139 -0.0286787 0.00401193 0.048644 
414.29 0.02 0.0223311 0.0992155 -0.149946 1.50714 -0.0148704 -0.00493345 0.0280913 0.0043008 0.00814344 0.113115 -0.124986 -0.00118177 -0.0458481 0.150725 0.119935 0.413185 -0.0334061 -0.102506 -0.236587 0.129942 0.278461 0.0453108 -0.0288291 0.00410292 0.04928 
414.611 0.02 0.0225674 0.0993406 -0.150258 1.50577 -0.0147493 -0.00548959 0.0277053 0.00487117 0.00848487 0.113881 -0.125081 5.48836e-05 -0.0463862 0.150781 0.120283 0.413692 -0.0325244 -0.103048 -0.237563 0.129829 0.277949 0.046019 -0.0289832 0.00422606 0.0498751 
