#1 rho_s 
#2 coeffs 
257.06 0.02 0.00323427 -0.0036511 -0.00328862 1.86859 -0.0151025 0.00869677 0.0392888 0.0108651 -0.00974756 0.00951588 -0.0155885 -0.0462425 0.0253224 0.320578 -0.000565778 0.393577 -0.0193007 -0.00627945 -0.0216111 0.0228098 0.046964 0.00675911 -0.0132726 0.017624 -0.0106915 
0.933125 0.02 1.55843 -1.80365 1.79671 2 -1.79361 1.8087 1.83929 -1.7564 1.68181 1.12415 -1.81559 -1.84624 1.82532 2 -1.1935 2 -1.8193 1.79372 -1.82161 1.82281 1.84696 1.80676 -1.78823 1.81762 -1.81069 
26.0391 0.02 0.922064 -1.55888 1.59892 2 -1.39758 1.55183 1.7552 -1.3446 1.17424 0.384849 -1.49809 -1.77588 1.68746 2 -0.444203 2 -1.73355 1.52718 -1.64003 1.6907 1.84696 1.51731 -1.38717 1.53099 -1.57759 
0.968343 0.02 0.245964 -0.922542 1.00087 2 -0.670526 0.906632 1.27646 -0.60986 0.425568 0.0633723 -0.814372 -1.31421 1.14747 1.94878 -0.0689046 2 -1.25278 0.875175 -1.05663 1.15684 1.53985 0.850193 -0.657501 0.86566 -0.950182 
2.54379 0.02 0.0354459 -0.257374 0.303818 2 -0.148746 0.250549 0.543021 -0.110946 0.060339 0.0154994 -0.207184 -0.582655 0.421642 1.39303 -0.00825933 1.54844 -0.519238 0.226559 -0.350215 0.429227 0.881475 0.219834 -0.143014 0.233017 -0.276546 
12.9238 0.02 0.0100756 -0.0681733 0.0783488 2 -0.0459016 0.0695996 0.197321 -0.0169388 0.0055961 0.0107604 -0.0618813 -0.219273 0.138852 0.866318 -0.0021682 1.02265 -0.175637 0.0519188 -0.110545 0.140226 0.394319 0.0591576 -0.0430778 0.0706936 -0.0789812 
170.121 0.02 0.00508747 -0.0218837 0.0200725 2 -0.023593 0.025861 0.0871321 0.00321707 -0.00556529 0.00985163 -0.028496 -0.099211 0.0585818 0.540875 -0.00099819 0.663584 -0.0665713 0.01009 -0.047197 0.0573067 0.167987 0.0214346 -0.0214832 0.0324948 -0.0300422 
74.5266 0.02 0.00383813 -0.0096582 0.00443484 1.97445 -0.0178815 0.0143478 0.0553698 0.00836324 -0.00838263 0.00962517 -0.0198259 -0.0641079 0.036392 0.403746 -0.000706544 0.498967 -0.0351831 -0.000892999 -0.0300828 0.0343009 0.0897005 0.0115827 -0.0159595 0.0225124 -0.0170718 
76.2374 0.02 0.00341983 -0.00550398 -0.00090349 1.90359 -0.0159578 0.0104394 0.0442837 0.0100953 -0.0093279 0.00954945 -0.0168939 -0.0517985 0.0287488 0.347642 -0.000609021 0.428406 -0.0242332 -0.00461872 -0.0242287 0.0263677 0.0604861 0.00824571 -0.0140995 0.0191306 -0.01266 
248.622 0.02 0.00327196 -0.00402795 -0.00280332 1.8759 -0.0152763 0.00905116 0.0403072 0.0107087 -0.00966231 0.0095227 -0.0158539 -0.0473758 0.0260202 0.326194 -0.00057456 0.40085 -0.0203064 -0.00594174 -0.0221438 0.0235344 0.0497399 0.00706137 -0.0134406 0.0179303 -0.0110919 
241.572 0.02 0.00324775 -0.00378594 -0.00311496 1.87122 -0.0151647 0.00882357 0.0396534 0.0108091 -0.00971706 0.00951832 -0.0156834 -0.0466482 0.0255721 0.322594 -0.00056892 0.396191 -0.0196607 -0.00615862 -0.0218017 0.0230691 0.0479588 0.00686726 -0.0133327 0.0177336 -0.0108348 
233.672 0.02 0.00323686 -0.00367705 -0.00325519 1.8691 -0.0151145 0.00872118 0.039359 0.0108543 -0.00974169 0.00951635 -0.0156068 -0.0463206 0.0253705 0.320967 -0.000566383 0.394081 -0.01937 -0.00625619 -0.0216478 0.0228597 0.0471556 0.00677992 -0.0132842 0.0176451 -0.0107191 
231.644 0.02 0.00323453 -0.0036537 -0.00328528 1.86864 -0.0151037 0.00869921 0.0392958 0.010864 -0.00974697 0.00951593 -0.0155903 -0.0462503 0.0253272 0.320617 -0.000565838 0.393627 -0.0193076 -0.00627712 -0.0216148 0.0228148 0.0469832 0.00676119 -0.0132738 0.0176261 -0.0106943 
231.435 0.02 0.0032343 -0.00365136 -0.00328829 1.8686 -0.0151026 0.00869701 0.0392895 0.010865 -0.0097475 0.00951588 -0.0155887 -0.0462433 0.0253229 0.320582 -0.000565784 0.393582 -0.0193014 -0.00627922 -0.0216115 0.0228103 0.0469659 0.00675932 -0.0132727 0.0176242 -0.0106918 
231.414 0.02 0.00323427 -0.00365113 -0.00328859 1.86859 -0.0151025 0.00869679 0.0392889 0.0108651 -0.00974755 0.00951588 -0.0155885 -0.0462426 0.0253224 0.320578 -0.000565779 0.393578 -0.0193008 -0.00627943 -0.0216111 0.0228098 0.0469642 0.00675913 -0.0132726 0.017624 -0.0106915 
231.412 0.02 0.00323427 -0.0036511 -0.00328862 1.86859 -0.0151025 0.00869677 0.0392888 0.0108651 -0.00974756 0.00951588 -0.0155885 -0.0462425 0.0253224 0.320578 -0.000565778 0.393577 -0.0193007 -0.00627945 -0.0216111 0.0228098 0.046964 0.00675911 -0.0132726 0.017624 -0.0106915 
231.412 0.02 0.00323427 -0.0036511 -0.00328862 1.86859 -0.0151025 0.00869677 0.0392888 0.0108651 -0.00974756 0.00951588 -0.0155885 -0.0462425 0.0253224 0.320578 -0.000565778 0.393577 -0.0193007 -0.00627945 -0.0216111 0.0228098 0.046964 0.00675911 -0.0132726 0.017624 -0.0106915 
231.412 0.02 0.00323427 -0.0036511 -0.00328862 1.86859 -0.0151025 0.00869677 0.0392888 0.0108651 -0.00974756 0.00951588 -0.0155885 -0.0462425 0.0253224 0.320578 -0.000565778 0.393577 -0.0193007 -0.00627945 -0.0216111 0.0228098 0.046964 0.00675911 -0.0132726 0.017624 -0.0106915 
231.412 0.02 0.00323427 -0.0036511 -0.00328862 1.86859 -0.0151025 0.00869677 0.0392888 0.0108651 -0.00974756 0.00951588 -0.0155885 -0.0462425 0.0253224 0.320578 -0.000565778 0.393577 -0.0193007 -0.00627945 -0.0216111 0.0228098 0.046964 0.00675911 -0.0132726 0.017624 -0.0106915 
231.412 0.02 0.00323427 -0.0036511 -0.00328862 1.86859 -0.0151025 0.00869677 0.0392888 0.0108651 -0.00974756 0.00951588 -0.0155885 -0.0462425 0.0253224 0.320578 -0.000565778 0.393577 -0.0193007 -0.00627945 -0.0216111 0.0228098 0.046964 0.00675911 -0.0132726 0.017624 -0.0106915 
231.412 0.02 0.00323427 -0.0036511 -0.00328862 1.86859 -0.0151025 0.00869677 0.0392888 0.0108651 -0.00974756 0.00951588 -0.0155885 -0.0462425 0.0253224 0.320578 -0.000565778 0.393577 -0.0193007 -0.00627945 -0.0216111 0.0228098 0.046964 0.00675911 -0.0132726 0.017624 -0.0106915 
231.412 0.02 0.00323427 -0.0036511 -0.00328862 1.86859 -0.0151025 0.00869677 0.0392888 0.0108651 -0.00974756 0.00951588 -0.0155885 -0.0462425 0.0253224 0.320578 -0.000565778 0.393577 -0.0193007 -0.00627945 -0.0216111 0.0228098 0.046964 0.00675911 -0.0132726 0.017624 -0.0106915 
231.412 0.02 0.00323427 -0.0036511 -0.00328862 1.86859 -0.0151025 0.00869677 0.0392888 0.0108651 -0.00974756 0.00951588 -0.0155885 -0.0462425 0.0253224 0.320578 -0.000565778 0.393577 -0.0193007 -0.00627945 -0.0216111 0.0228098 0.046964 0.00675911 -0.0132726 0.017624 -0.0106915 
231.412 0.02 0.00323427 -0.0036511 -0.00328862 1.86859 -0.0151025 0.00869677 0.0392888 0.0108651 -0.00974756 0.00951588 -0.0155885 -0.0462425 0.0253224 0.320578 -0.000565778 0.393577 -0.0193007 -0.00627945 -0.0216111 0.0228098 0.046964 0.00675911 -0.0132726 0.017624 -0.0106915 
231.412 0.02 0.00323427 -0.0036511 -0.00328862 1.86859 -0.0151025 0.00869677 0.0392888 0.0108651 -0.00974756 0.00951588 -0.0155885 -0.0462425 0.0253224 0.320578 -0.000565778 0.393577 -0.0193007 -0.00627945 -0.0216111 0.0228098 0.046964 0.00675911 -0.0132726 0.017624 -0.0106915 
231.412 0.02 0.00323427 -0.0036511 -0.00328862 1.86859 -0.0151025 0.00869677 0.0392888 0.0108651 -0.00974756 0.00951588 -0.0155885 -0.0462425 0.0253224 0.320578 -0.000565778 0.393577 -0.0193007 -0.00627945 -0.0216111 0.0228098 0.046964 0.00675911 -0.0132726 0.017624 -0.0106915 
231.412 0.02 0.00323427 -0.0036511 -0.00328862 1.86859 -0.0151025 0.00869677 0.0392888 0.0108651 -0.00974756 0.00951588 -0.0155885 -0.0462425 0.0253224 0.320578 -0.000565778 0.393577 -0.0193007 -0.00627945 -0.0216111 0.0228098 0.046964 0.00675911 -0.0132726 0.017624 -0.0106915 
231.412 0.02 0.00323427 -0.0036511 -0.00328862 1.86859 -0.0151025 0.00869677 0.0392888 0.0108651 -0.00974756 0.00951588 -0.0155885 -0.0462425 0.0253224 0.320578 -0.000565778 0.393577 -0.0193007 -0.00627945 -0.0216111 0.0228098 0.046964 0.00675911 -0.0132726 0.017624 -0.0106915 
231.412 0.02 0.00323427 -0.0036511 -0.00328862 1.86859 -0.0151025 0.00869677 0.0392888 0.0108651 -0.00974756 0.00951588 -0.0155885 -0.0462425 0.0253224 0.320578 -0.000565778 0.393577 -0.0193007 -0.00627945 -0.0216111 0.0228098 0.046964 0.00675911 -0.0132726 0.017624 -0.0106915 
231.412 0.02 0.00323427 -0.0036511 -0.00328862 1.86859 -0.0151025 0.00869677 0.0392888 0.0108651 -0.00974756 0.00951588 -0.0155885 -0.0462425 0.0253224 0.320578 -0.000565778 0.393577 -0.0193007 -0.00627945 -0.0216111 0.0228098 0.046964 0.00675911 -0.0132726 0.017624 -0.0106915 
231.412 0.02 0.00323427 -0.0036511 -0.00328862 1.86859 -0.0151025 0.00869677 0.0392888 0.0108651 -0.00974756 0.00951588 -0.0155885 -0.0462425 0.0253224 0.320578 -0.000565778 0.393577 -0.0193007 -0.00627945 -0.0216111 0.0228098 0.046964 0.00675911 -0.0132726 0.017624 -0.0106915 
231.412 0.02 0.00323427 -0.0036511 -0.00328862 1.86859 -0.0151025 0.00869677 0.0392888 0.0108651 -0.00974756 0.00951588 -0.0155885 -0.0462425 0.0253224 0.320578 -0.000565778 0.393577 -0.0193007 -0.00627945 -0.0216111 0.0228098 0.046964 0.00675911 -0.0132726 0.017624 -0.0106915 
231.412 0.02 0.00323427 -0.0036511 -0.00328862 1.86859 -0.0151025 0.00869677 0.0392888 0.0108651 -0.00974756 0.00951588 -0.0155885 -0.0462425 0.0253224 0.320578 -0.000565778 0.393577 -0.0193007 -0.00627945 -0.0216111 0.0228098 0.046964 0.00675911 -0.0132726 0.017624 -0.0106915 
231.412 0.02 0.00323427 -0.0036511 -0.00328862 1.86859 -0.0151025 0.00869677 0.0392888 0.0108651 -0.00974756 0.00951588 -0.0155885 -0.0462425 0.0253224 0.320578 -0.000565778 0.393577 -0.0193007 -0.00627945 -0.0216111 0.0228098 0.046964 0.00675911 -0.0132726 0.017624 -0.0106915 
231.412 0.02 0.00323427 -0.0036511 -0.00328862 1.86859 -0.0151025 0.00869677 0.0392888 0.0108651 -0.00974756 0.00951588 -0.0155885 -0.0462425 0.0253224 0.320578 -0.000565778 0.393577 -0.0193007 -0.00627945 -0.0216111 0.0228098 0.046964 0.00675911 -0.0132726 0.017624 -0.0106915 
231.412 0.02 0.00323427 -0.0036511 -0.00328862 1.86859 -0.0151025 0.00869677 0.0392888 0.0108651 -0.00974756 0.00951588 -0.0155885 -0.0462425 0.0253224 0.320578 -0.000565778 0.393577 -0.0193007 -0.00627945 -0.0216111 0.0228098 0.046964 0.00675911 -0.0132726 0.017624 -0.0106915 
231.412 0.02 0.00323427 -0.0036511 -0.00328862 1.86859 -0.0151025 0.00869677 0.0392888 0.0108651 -0.00974756 0.00951588 -0.0155885 -0.0462425 0.0253224 0.320578 -0.000565778 0.393577 -0.0193007 -0.00627945 -0.0216111 0.0228098 0.046964 0.00675911 -0.0132726 0.017624 -0.0106915 
231.412 0.02 0.00323427 -0.0036511 -0.00328862 1.86859 -0.0151025 0.00869677 0.0392888 0.0108651 -0.00974756 0.00951588 -0.0155885 -0.0462425 0.0253224 0.320578 -0.000565778 0.393577 -0.0193007 -0.00627945 -0.0216111 0.0228098 0.046964 0.00675911 -0.0132726 0.017624 -0.0106915 
231.412 0.02 0.00323427 -0.0036511 -0.00328862 1.86859 -0.0151025 0.00869677 0.0392888 0.0108651 -0.00974756 0.00951588 -0.0155885 -0.0462425 0.0253224 0.320578 -0.000565778 0.393577 -0.0193007 -0.00627945 -0.0216111 0.0228098 0.046964 0.00675911 -0.0132726 0.017624 -0.0106915 
231.412 0.02 0.00323427 -0.0036511 -0.00328862 1.86859 -0.0151025 0.00869677 0.0392888 0.0108651 -0.00974756 0.00951588 -0.0155885 -0.0462425 0.0253224 0.320578 -0.000565778 0.393577 -0.0193007 -0.00627945 -0.0216111 0.0228098 0.046964 0.00675911 -0.0132726 0.017624 -0.0106915 
231.412 0.02 0.00323427 -0.0036511 -0.00328862 1.86859 -0.0151025 0.00869677 0.0392888 0.0108651 -0.00974756 0.00951588 -0.0155885 -0.0462425 0.0253224 0.320578 -0.000565778 0.393577 -0.0193007 -0.00627945 -0.0216111 0.0228098 0.046964 0.00675911 -0.0132726 0.017624 -0.0106915 
231.412 0.02 0.00323427 -0.0036511 -0.00328862 1.86859 -0.0151025 0.00869677 0.0392888 0.0108651 -0.00974756 0.00951588 -0.0155885 -0.0462425 0.0253224 0.320578 -0.000565778 0.393577 -0.0193007 -0.00627945 -0.0216111 0.0228098 0.046964 0.00675911 -0.0132726 0.017624 -0.0106915 
231.412 0.02 0.00323427 -0.0036511 -0.00328862 1.86859 -0.0151025 0.00869677 0.0392888 0.0108651 -0.00974756 0.00951588 -0.0155885 -0.0462425 0.0253224 0.320578 -0.000565778 0.393577 -0.0193007 -0.00627945 -0.0216111 0.0228098 0.046964 0.00675911 -0.0132726 0.017624 -0.0106915 
231.412 0.02 0.00323427 -0.0036511 -0.00328862 1.86859 -0.0151025 0.00869677 0.0392888 0.0108651 -0.00974756 0.00951588 -0.0155885 -0.0462425 0.0253224 0.320578 -0.000565778 0.393577 -0.0193007 -0.00627945 -0.0216111 0.0228098 0.046964 0.00675911 -0.0132726 0.017624 -0.0106915 
231.412 0.02 0.00323427 -0.0036511 -0.00328862 1.86859 -0.0151025 0.00869677 0.0392888 0.0108651 -0.00974756 0.00951588 -0.0155885 -0.0462425 0.0253224 0.320578 -0.000565778 0.393577 -0.0193007 -0.00627945 -0.0216111 0.0228098 0.046964 0.00675911 -0.0132726 0.017624 -0.0106915 
231.412 0.02 0.00323427 -0.0036511 -0.00328862 1.86859 -0.0151025 0.00869677 0.0392888 0.0108651 -0.00974756 0.00951588 -0.0155885 -0.0462425 0.0253224 0.320578 -0.000565778 0.393577 -0.0193007 -0.00627945 -0.0216111 0.0228098 0.046964 0.00675911 -0.0132726 0.017624 -0.0106915 
231.412 0.02 0.00323427 -0.0036511 -0.00328862 1.86859 -0.0151025 0.00869677 0.0392888 0.0108651 -0.00974756 0.00951588 -0.0155885 -0.0462425 0.0253224 0.320578 -0.000565778 0.393577 -0.0193007 -0.00627945 -0.0216111 0.0228098 0.046964 0.00675911 -0.0132726 0.017624 -0.0106915 
231.412 0.02 0.00323427 -0.0036511 -0.00328862 1.86859 -0.0151025 0.00869677 0.0392888 0.0108651 -0.00974756 0.00951588 -0.0155885 -0.0462425 0.0253224 0.320578 -0.000565778 0.393577 -0.0193007 -0.00627945 -0.0216111 0.0228098 0.046964 0.00675911 -0.0132726 0.017624 -0.0106915 
231.412 0.02 0.00323427 -0.0036511 -0.00328862 1.86859 -0.0151025 0.00869677 0.0392888 0.0108651 -0.00974756 0.00951588 -0.0155885 -0.0462425 0.0253224 0.320578 -0.000565778 0.393577 -0.0193007 -0.00627945 -0.0216111 0.0228098 0.046964 0.00675911 -0.0132726 0.017624 -0.0106915 
231.412 0.02 0.00323427 -0.0036511 -0.00328862 1.86859 -0.0151025 0.00869677 0.0392888 0.0108651 -0.00974756 0.00951588 -0.0155885 -0.0462425 0.0253224 0.320578 -0.000565778 0.393577 -0.0193007 -0.00627945 -0.0216111 0.0228098 0.046964 0.00675911 -0.0132726 0.017624 -0.0106915 
231.412 0.02 0.00323427 -0.0036511 -0.00328862 1.86859 -0.0151025 0.00869677 0.0392888 0.0108651 -0.00974756 0.00951588 -0.0155885 -0.0462425 0.0253224 0.320578 -0.000565778 0.393577 -0.0193007 -0.00627945 -0.0216111 0.0228098 0.046964 0.00675911 -0.0132726 0.017624 -0.0106915 
231.412 0.02 0.00323427 -0.0036511 -0.00328862 1.86859 -0.0151025 0.00869677 0.0392888 0.0108651 -0.00974756 0.00951588 -0.0155885 -0.0462425 0.0253224 0.320578 -0.000565778 0.393577 -0.0193007 -0.00627945 -0.0216111 0.0228098 0.046964 0.00675911 -0.0132726 0.017624 -0.0106915 
231.412 0.02 0.00323427 -0.0036511 -0.00328862 1.86859 -0.0151025 0.00869677 0.0392888 0.0108651 -0.00974756 0.00951588 -0.0155885 -0.0462425 0.0253224 0.320578 -0.000565778 0.393577 -0.0193007 -0.00627945 -0.0216111 0.0228098 0.046964 0.00675911 -0.0132726 0.017624 -0.0106915 
231.412 0.02 0.00323427 -0.0036511 -0.00328862 1.86859 -0.0151025 0.00869677 0.0392888 0.0108651 -0.00974756 0.00951588 -0.0155885 -0.0462425 0.0253224 0.320578 -0.000565778 0.393577 -0.0193007 -0.00627945 -0.0216111 0.0228098 0.046964 0.00675911 -0.0132726 0.017624 -0.0106915 
231.412 0.02 0.00323427 -0.0036511 -0.00328862 1.86859 -0.0151025 0.00869677 0.0392888 0.0108651 -0.00974756 0.00951588 -0.0155885 -0.0462425 0.0253224 0.320578 -0.000565778 0.393577 -0.0193007 -0.00627945 -0.0216111 0.0228098 0.046964 0.00675911 -0.0132726 0.017624 -0.0106915 
231.412 0.02 0.00323427 -0.0036511 -0.00328862 1.86859 -0.0151025 0.00869677 0.0392888 0.0108651 -0.00974756 0.00951588 -0.0155885 -0.0462425 0.0253224 0.320578 -0.000565778 0.393577 -0.0193007 -0.00627945 -0.0216111 0.0228098 0.046964 0.00675911 -0.0132726 0.017624 -0.0106915 
231.412 0.02 0.00323427 -0.0036511 -0.00328862 1.86859 -0.0151025 0.00869677 0.0392888 0.0108651 -0.00974756 0.00951588 -0.0155885 -0.0462425 0.0253224 0.320578 -0.000565778 0.393577 -0.0193007 -0.00627945 -0.0216111 0.0228098 0.046964 0.00675911 -0.0132726 0.017624 -0.0106915 
231.412 0.02 0.00323427 -0.0036511 -0.00328862 1.86859 -0.0151025 0.00869677 0.0392888 0.0108651 -0.00974756 0.00951588 -0.0155885 -0.0462425 0.0253224 0.320578 -0.000565778 0.393577 -0.0193007 -0.00627945 -0.0216111 0.0228098 0.046964 0.00675911 -0.0132726 0.017624 -0.0106915 
231.412 0.02 0.00323427 -0.0036511 -0.00328862 1.86859 -0.0151025 0.00869677 0.0392888 0.0108651 -0.00974756 0.00951588 -0.0155885 -0.0462425 0.0253224 0.320578 -0.000565778 0.393577 -0.0193007 -0.00627945 -0.0216111 0.0228098 0.046964 0.00675911 -0.0132726 0.017624 -0.0106915 
231.412 0.02 0.00323427 -0.0036511 -0.00328862 1.86859 -0.0151025 0.00869677 0.0392888 0.0108651 -0.00974756 0.00951588 -0.0155885 -0.0462425 0.0253224 0.320578 -0.000565778 0.393577 -0.0193007 -0.00627945 -0.0216111 0.0228098 0.046964 0.00675911 -0.0132726 0.017624 -0.0106915 
231.412 0.02 0.00323427 -0.0036511 -0.00328862 1.86859 -0.0151025 0.00869677 0.0392888 0.0108651 -0.00974756 0.00951588 -0.0155885 -0.0462425 0.0253224 0.320578 -0.000565778 0.393577 -0.0193007 -0.00627945 -0.0216111 0.0228098 0.046964 0.00675911 -0.0132726 0.017624 -0.0106915 
231.412 0.02 0.00323427 -0.0036511 -0.00328862 1.86859 -0.0151025 0.00869677 0.0392888 0.0108651 -0.00974756 0.00951588 -0.0155885 -0.0462425 0.0253224 0.320578 -0.000565778 0.393577 -0.0193007 -0.00627945 -0.0216111 0.0228098 0.046964 0.00675911 -0.0132726 0.017624 -0.0106915 
231.412 0.02 0.00323427 -0.0036511 -0.00328862 1.86859 -0.0151025 0.00869677 0.0392888 0.0108651 -0.00974756 0.00951588 -0.0155885 -0.0462425 0.0253224 0.320578 -0.000565778 0.393577 -0.0193007 -0.00627945 -0.0216111 0.0228098 0.046964 0.00675911 -0.0132726 0.017624 -0.0106915 
231.412 0.02 0.00323427 -0.0036511 -0.00328862 1.86859 -0.0151025 0.00869677 0.0392888 0.0108651 -0.00974756 0.00951588 -0.0155885 -0.0462425 0.0253224 0.320578 -0.000565778 0.393577 -0.0193007 -0.00627945 -0.0216111 0.0228098 0.046964 0.00675911 -0.0132726 0.017624 -0.0106915 
231.412 0.02 0.00323427 -0.0036511 -0.00328862 1.86859 -0.0151025 0.00869677 0.0392888 0.0108651 -0.00974756 0.00951588 -0.0155885 -0.0462425 0.0253224 0.320578 -0.000565778 0.393577 -0.0193007 -0.00627945 -0.0216111 0.0228098 0.046964 0.00675911 -0.0132726 0.017624 -0.0106915 
231.412 0.02 0.00323427 -0.0036511 -0.00328862 1.86859 -0.0151025 0.00869677 0.0392888 0.0108651 -0.00974756 0.00951588 -0.0155885 -0.0462425 0.0253224 0.320578 -0.000565778 0.393577 -0.0193007 -0.00627945 -0.0216111 0.0228098 0.046964 0.00675911 -0.0132726 0.017624 -0.0106915 
231.412 0.02 0.00323427 -0.0036511 -0.00328862 1.86859 -0.0151025 0.00869677 0.0392888 0.0108651 -0.00974756 0.00951588 -0.0155885 -0.0462425 0.0253224 0.320578 -0.000565778 0.393577 -0.0193007 -0.00627945 -0.0216111 0.0228098 0.046964 0.00675911 -0.0132726 0.017624 -0.0106915 
231.412 0.02 0.00323427 -0.0036511 -0.00328862 1.86859 -0.0151025 0.00869677 0.0392888 0.0108651 -0.00974756 0.00951588 -0.0155885 -0.0462425 0.0253224 0.320578 -0.000565778 0.393577 -0.0193007 -0.00627945 -0.0216111 0.0228098 0.046964 0.00675911 -0.0132726 0.017624 -0.0106915 
231.412 0.02 0.00323427 -0.0036511 -0.00328862 1.86859 -0.0151025 0.00869677 0.0392888 0.0108651 -0.00974756 0.00951588 -0.0155885 -0.0462425 0.0253224 0.320578 -0.000565778 0.393577 -0.0193007 -0.00627945 -0.0216111 0.0228098 0.046964 0.00675911 -0.0132726 0.017624 -0.0106915 
231.412 0.02 0.00323427 -0.0036511 -0.00328862 1.86859 -0.0151025 0.00869677 0.0392888 0.0108651 -0.00974756 0.00951588 -0.0155885 -0.0462425 0.0253224 0.320578 -0.000565778 0.393577 -0.0193007 -0.00627945 -0.0216111 0.0228098 0.046964 0.00675911 -0.0132726 0.017624 -0.0106915 
231.412 0.02 0.00323427 -0.0036511 -0.00328862 1.86859 -0.0151025 0.00869677 0.0392888 0.0108651 -0.00974756 0.00951588 -0.0155885 -0.0462425 0.0253224 0.320578 -0.000565778 0.393577 -0.0193007 -0.00627945 -0.0216111 0.0228098 0.046964 0.00675911 -0.0132726 0.017624 -0.0106915 
231.412 0.02 0.00323427 -0.0036511 -0.00328862 1.86859 -0.0151025 0.00869677 0.0392888 0.0108651 -0.00974756 0.00951588 -0.0155885 -0.0462425 0.0253224 0.320578 -0.000565778 0.393577 -0.0193007 -0.00627945 -0.0216111 0.0228098 0.046964 0.00675911 -0.0132726 0.017624 -0.0106915 
231.412 0.02 0.00323427 -0.0036511 -0.00328862 1.86859 -0.0151025 0.00869677 0.0392888 0.0108651 -0.00974756 0.00951588 -0.0155885 -0.0462425 0.0253224 0.320578 -0.000565778 0.393577 -0.0193007 -0.00627945 -0.0216111 0.0228098 0.046964 0.00675911 -0.0132726 0.017624 -0.0106915 
231.412 0.02 0.00323427 -0.0036511 -0.00328862 1.86859 -0.0151025 0.00869677 0.0392888 0.0108651 -0.00974756 0.00951588 -0.0155885 -0.0462425 0.0253224 0.320578 -0.000565778 0.393577 -0.0193007 -0.00627945 -0.0216111 0.0228098 0.046964 0.00675911 -0.0132726 0.017624 -0.0106915 
231.412 0.02 0.00323427 -0.0036511 -0.00328862 1.86859 -0.0151025 0.00869677 0.0392888 0.0108651 -0.00974756 0.00951588 -0.0155885 -0.0462425 0.0253224 0.320578 -0.000565778 0.393577 -0.0193007 -0.00627945 -0.0216111 0.0228098 0.046964 0.00675911 -0.0132726 0.017624 -0.0106915 
231.412 0.02 0.00323427 -0.0036511 -0.00328862 1.86859 -0.0151025 0.00869677 0.0392888 0.0108651 -0.00974756 0.00951588 -0.0155885 -0.0462425 0.0253224 0.320578 -0.000565778 0.393577 -0.0193007 -0.00627945 -0.0216111 0.0228098 0.046964 0.00675911 -0.0132726 0.017624 -0.0106915 
231.412 0.02 0.00323427 -0.0036511 -0.00328862 1.86859 -0.0151025 0.00869677 0.0392888 0.0108651 -0.00974756 0.00951588 -0.0155885 -0.0462425 0.0253224 0.320578 -0.000565778 0.393577 -0.0193007 -0.00627945 -0.0216111 0.0228098 0.046964 0.00675911 -0.0132726 0.017624 -0.0106915 
231.412 0.02 0.00323427 -0.0036511 -0.00328862 1.86859 -0.0151025 0.00869677 0.0392888 0.0108651 -0.00974756 0.00951588 -0.0155885 -0.0462425 0.0253224 0.320578 -0.000565778 0.393577 -0.0193007 -0.00627945 -0.0216111 0.0228098 0.046964 0.00675911 -0.0132726 0.017624 -0.0106915 
231.412 0.02 0.00323427 -0.0036511 -0.00328862 1.86859 -0.0151025 0.00869677 0.0392888 0.0108651 -0.00974756 0.00951588 -0.0155885 -0.0462425 0.0253224 0.320578 -0.000565778 0.393577 -0.0193007 -0.00627945 -0.0216111 0.0228098 0.046964 0.00675911 -0.0132726 0.017624 -0.0106915 
231.412 0.02 0.00323427 -0.0036511 -0.00328862 1.86859 -0.0151025 0.00869677 0.0392888 0.0108651 -0.00974756 0.00951588 -0.0155885 -0.0462425 0.0253224 0.320578 -0.000565778 0.393577 -0.0193007 -0.00627945 -0.0216111 0.0228098 0.046964 0.00675911 -0.0132726 0.017624 -0.0106915 
231.412 0.02 0.00323427 -0.0036511 -0.00328862 1.86859 -0.0151025 0.00869677 0.0392888 0.0108651 -0.00974756 0.00951588 -0.0155885 -0.0462425 0.0253224 0.320578 -0.000565778 0.393577 -0.0193007 -0.00627945 -0.0216111 0.0228098 0.046964 0.00675911 -0.0132726 0.017624 -0.0106915 
231.412 0.02 0.00323427 -0.0036511 -0.00328862 1.86859 -0.0151025 0.00869677 0.0392888 0.0108651 -0.00974756 0.00951588 -0.0155885 -0.0462425 0.0253224 0.320578 -0.000565778 0.393577 -0.0193007 -0.00627945 -0.0216111 0.0228098 0.046964 0.00675911 -0.0132726 0.017624 -0.0106915 
231.412 0.02 0.00323427 -0.0036511 -0.00328862 1.86859 -0.0151025 0.00869677 0.0392888 0.0108651 -0.00974756 0.00951588 -0.0155885 -0.0462425 0.0253224 0.320578 -0.000565778 0.393577 -0.0193007 -0.00627945 -0.0216111 0.0228098 0.046964 0.00675911 -0.0132726 0.017624 -0.0106915 
231.412 0.02 0.00323427 -0.0036511 -0.00328862 1.86859 -0.0151025 0.00869677 0.0392888 0.0108651 -0.00974756 0.00951588 -0.0155885 -0.0462425 0.0253224 0.320578 -0.000565778 0.393577 -0.0193007 -0.00627945 -0.0216111 0.0228098 0.046964 0.00675911 -0.0132726 0.017624 -0.0106915 
231.412 0.02 0.00323427 -0.0036511 -0.00328862 1.86859 -0.0151025 0.00869677 0.0392888 0.0108651 -0.00974756 0.00951588 -0.0155885 -0.0462425 0.0253224 0.320578 -0.000565778 0.393577 -0.0193007 -0.00627945 -0.0216111 0.0228098 0.046964 0.00675911 -0.0132726 0.017624 -0.0106915 
231.412 0.02 0.00323427 -0.0036511 -0.00328862 1.86859 -0.0151025 0.00869677 0.0392888 0.0108651 -0.00974756 0.00951588 -0.0155885 -0.0462425 0.0253224 0.320578 -0.000565778 0.393577 -0.0193007 -0.00627945 -0.0216111 0.0228098 0.046964 0.00675911 -0.0132726 0.017624 -0.0106915 
231.412 0.02 0.00323427 -0.0036511 -0.00328862 1.86859 -0.0151025 0.00869677 0.0392888 0.0108651 -0.00974756 0.00951588 -0.0155885 -0.0462425 0.0253224 0.320578 -0.000565778 0.393577 -0.0193007 -0.00627945 -0.0216111 0.0228098 0.046964 0.00675911 -0.0132726 0.017624 -0.0106915 
231.412 0.02 0.00323427 -0.0036511 -0.00328862 1.86859 -0.0151025 0.00869677 0.0392888 0.0108651 -0.00974756 0.00951588 -0.0155885 -0.0462425 0.0253224 0.320578 -0.000565778 0.393577 -0.0193007 -0.00627945 -0.0216111 0.0228098 0.046964 0.00675911 -0.0132726 0.017624 -0.0106915 
231.412 0.02 0.00323427 -0.0036511 -0.00328862 1.86859 -0.0151025 0.00869677 0.0392888 0.0108651 -0.00974756 0.00951588 -0.0155885 -0.0462425 0.0253224 0.320578 -0.000565778 0.393577 -0.0193007 -0.00627945 -0.0216111 0.0228098 0.046964 0.00675911 -0.0132726 0.017624 -0.0106915 
