#1 rho_s 
#2 coeffs 
400 20
x[i] = 0.2/pow(i-3.5,2);
double beta1 = 0.9;
  double beta2 = 0.999;
  double alpha = 0.01;
  double epsilon = 1e-8;
82.1866 0.02 0 0.032 0.0888889 0.8 0.8 0.0888889 0.032 0.0163265 0.00987654 0.00661157 0.00473373 0.00355556 0.00276817 0.00221607 0.00181406 0.00151229 0.00128 0.00109739 0.000951249 0.000832466 0.000734619 0.000653061 0.000584368 0.00052597 0.000475907 
85.623 0.02 0.00305544 0.0315081 0.0915118 0.800201 0.797435 0.087984 0.0353687 0.0182422 0.010337 0.00640876 0.00426583 0.00216762 0.00525648 0.00698875 0.00302864 0.00442942 -0.0012264 0.000122343 0.00223742 -7.25823e-05 0.00139512 0.0036272 0.00137883 0.000860538 0.000505578 
88.7318 0.02 0.0058767 0.031187 0.093832 0.800211 0.794158 0.0871869 0.0385377 0.019912 0.0109228 0.00620952 0.00355008 0.000784341 0.00744748 0.011442 0.00422722 0.00738546 -0.00447842 -0.0008163 0.00340069 -0.001038 0.00190774 0.00619348 0.0021456 0.00096995 0.000580662 
90.8039 0.02 0.00835261 0.0309578 0.0955199 0.799905 0.790137 0.0864691 0.0410417 0.0211341 0.0114663 0.00606248 0.00251068 -0.000525898 0.00900342 0.0152997 0.00534577 0.0101962 -0.008414 -0.00179982 0.00441281 -0.00200571 0.0020986 0.0079127 0.00278891 0.00069189 0.000565726 
92.8202 0.02 0.0102369 0.0308112 0.0962987 0.799249 0.785562 0.0858659 0.042513 0.021733 0.0118719 0.00598578 0.00115809 -0.00164621 0.00964989 0.0181556 0.00626641 0.0126201 -0.0127394 -0.00278289 0.00518388 -0.00287789 0.00186229 0.00844007 0.0032055 -3.09059e-05 0.000396044 
95.3856 0.02 0.0115552 0.0307115 0.0962793 0.798329 0.780698 0.0853556 0.0430685 0.0217898 0.0121315 0.00594951 -0.000420498 -0.00256699 0.00951353 0.0200522 0.00697349 0.0146249 -0.0171689 -0.00373638 0.00571745 -0.00363066 0.0012833 0.0079236 0.00341039 -0.00108845 6.77119e-05 
98.2899 0.02 0.0125146 0.0306087 0.0957403 0.79725 0.775648 0.0848761 0.0430543 0.0214956 0.0122867 0.00590191 -0.00216606 -0.00336222 0.00888731 0.0213138 0.0075281 0.0163526 -0.0216251 -0.00468039 0.00607994 -0.00430521 0.000500466 0.00671009 0.00348298 -0.00234461 -0.000403764 
101.076 0.02 0.0133389 0.0304541 0.0949466 0.796102 0.770451 0.0843643 0.0428123 0.0210323 0.0123837 0.00578887 -0.00404811 -0.00411329 0.00804478 0.0222819 0.00799741 0.0179696 -0.0261084 -0.00564496 0.00633232 -0.0049507 -0.00037261 0.00512472 0.00350346 -0.00368691 -0.0010047 
103.46 0.02 0.0142243 0.0302055 0.0941293 0.794982 0.765181 0.0837718 0.0426422 0.02056 0.012462 0.00556182 -0.0060353 -0.00488145 0.00721855 0.0232522 0.00843325 0.0196129 -0.0305874 -0.00664488 0.0065131 -0.00560138 -0.00125017 0.00345368 0.0035385 -0.00501479 -0.00171842 
105.472 0.02 0.0153179 0.0298366 0.0934765 0.793989 0.759984 0.0830751 0.0427796 0.020209 0.0125514 0.0051897 -0.00808097 -0.0056992 0.00658736 0.0244489 0.00886952 0.0213678 -0.0349708 -0.00767253 0.00664176 -0.00627112 -0.0020729 0.00193513 0.00363489 -0.0062426 -0.0025171 
107.313 0.02 0.0166973 0.0293439 0.0931014 0.793204 0.755015 0.0822774 0.0433572 0.0200553 0.0126688 0.00466941 -0.0101362 -0.00657206 0.00624701 0.0259967 0.00932427 0.0232612 -0.039154 -0.00870744 0.00672842 -0.00695796 -0.00281296 0.000714934 0.00381288 -0.00732221 -0.00336544 
109.13 0.02 0.0183713 0.0287426 0.0930285 0.792669 0.750369 0.081398 0.0443971 0.0201099 0.0128176 0.00402168 -0.0121716 -0.00749048 0.00620373 0.0279197 0.00980505 0.0252749 -0.0430781 -0.00973309 0.00678324 -0.00765448 -0.00347112 -0.000179579 0.0040675 -0.00825664 -0.00423318 
110.893 0.02 0.0203003 0.0280561 0.0932104 0.792385 0.74606 0.0804605 0.0458405 0.02033 0.0129909 0.00327826 -0.0141844 -0.00844078 0.00639831 0.0301674 0.0103134 0.0273631 -0.0467444 -0.0107446 0.00682193 -0.00835496 -0.00406343 -0.000822746 0.00437677 -0.00909147 -0.00510382 
112.44 0.02 0.0224105 0.0273092 0.0935512 0.792329 0.742044 0.0794874 0.0475773 0.0206349 0.0131749 0.00247304 -0.0161896 -0.00940875 0.00673293 0.032635 0.0108465 0.0294581 -0.0501901 -0.0117461 0.0068683 -0.00905633 -0.00460637 -0.00136025 0.00470878 -0.00989896 -0.00597425 
113.612 0.02 0.0245966 0.0265287 0.0939239 0.792462 0.73826 0.0785032 0.0494617 0.0209182 0.013351 0.00164076 -0.0182046 -0.0103771 0.00708894 0.0351705 0.0113967 0.0314662 -0.0534524 -0.0127428 0.00695567 -0.00975522 -0.00510548 -0.00198231 0.00502558 -0.010764 -0.00684943 
114.409 0.02 0.0267262 0.025745 0.0941918 0.792742 0.734665 0.0775372 0.0513281 0.0210631 0.0134981 0.000819125 -0.0202316 -0.0113224 0.00734586 0.0375864 0.0119519 0.0332663 -0.0565399 -0.0137335 0.00712567 -0.0104451 -0.00554825 -0.0028875 0.00528758 -0.011767 -0.0077343 
115.021 0.02 0.0286693 0.0249893 0.0942427 0.793131 0.731255 0.0766217 0.0530296 0.0209723 0.0135976 4.61913e-05 -0.0222506 -0.012219 0.00741087 0.0397063 0.0125004 0.0347356 -0.0594267 -0.0147083 0.00742091 -0.0111171 -0.00590559 -0.00422839 0.00546259 -0.012964 -0.00862787 
115.673 0.02 0.0303459 0.0242852 0.0940234 0.793613 0.728063 0.0757814 0.0544885 0.0205965 0.0136385 -0.000648377 -0.0242303 -0.0130481 0.00724521 0.0414295 0.0130381 0.0357909 -0.0620759 -0.0156552 0.00787473 -0.0117655 -0.00614326 -0.00606781 0.00553462 -0.0143746 -0.00952362 
116.468 0.02 0.0317525 0.0236429 0.0935461 0.794199 0.725131 0.0750265 0.0557182 0.0199402 0.0136197 -0.00124902 -0.0261435 -0.0138046 0.00686513 0.0427619 0.0135722 0.0364108 -0.0644633 -0.0165674 0.00850515 -0.0123911 -0.00623409 -0.00837916 0.00550474 -0.0159877 -0.0104133 
117.37 0.02 0.0329522 0.0230612 0.0928695 0.794924 0.722506 0.0743546 0.0568063 0.0190476 0.0135464 -0.00175184 -0.0279723 -0.0144935 0.00632254 0.043798 0.014119 0.0366273 -0.0665811 -0.0174437 0.00931449 -0.0130005 -0.00616282 -0.0110764 0.00538483 -0.0177743 -0.0112881 
118.307 0.02 0.0340478 0.0225336 0.0920757 0.795836 0.720239 0.073756 0.0578822 0.0179835 0.0134275 -0.00215885 -0.0297041 -0.015124 0.00568328 0.0446822 0.0146976 0.0365054 -0.0684301 -0.0182856 0.0102905 -0.0136023 -0.00592495 -0.0140441 0.00519084 -0.0196958 -0.0121378 
119.263 0.02 0.035153 0.0220533 0.0912475 0.796978 0.718372 0.073219 0.0590826 0.0168174 0.0132731 -0.00247428 -0.031326 -0.0157041 0.00500923 0.0455673 0.015324 0.0361246 -0.070013 -0.0190934 0.0114084 -0.0142043 -0.00552258 -0.0171622 0.0049389 -0.0217098 -0.01295 
120.291 0.02 0.0363642 0.0216153 0.0904468 0.798371 0.716924 0.0727316 0.0605181 0.0156062 0.013093 -0.0027036 -0.0328243 -0.0162388 0.00434397 0.046576 0.0160055 0.035561 -0.0713343 -0.0198652 0.0126368 -0.0148116 -0.00495765 -0.0203327 0.00464293 -0.0237767 -0.0137125 
121.447 0.02 0.0377392 0.0212172 0.0896999 0.800006 0.715874 0.0722825 0.0622496 0.0143798 0.0128952 -0.00285354 -0.0341862 -0.016731 0.00370481 0.0477706 0.0167394 0.034871 -0.0724023 -0.020598 0.0139476 -0.0154274 -0.00422299 -0.0235014 0.00431368 -0.0258674 -0.014416 
122.717 0.02 0.0392884 0.020859 0.088995 0.801841 0.715155 0.0718622 0.0642787 0.0131369 0.0126855 -0.00293197 -0.0354005 -0.0171827 0.0030855 0.0491416 0.0175122 0.0340802 -0.0732286 -0.021288 0.015325 -0.016053 -0.00329516 -0.0266637 0.00395946 -0.0279665 -0.0150556 
124.011 0.02 0.0409737 0.0205422 0.0882953 0.803807 0.714669 0.0714634 0.0665517 0.0118527 0.012468 -0.0029472 -0.0364559 -0.0175972 0.00246886 0.0506107 0.0183019 0.0331811 -0.0738229 -0.0219309 0.0167696 -0.0166878 -0.00213309 -0.0298479 0.00358884 -0.0300678 -0.0156291 
125.21 0.02 0.0427157 0.0202692 0.0875608 0.805814 0.714298 0.0710825 0.0689675 0.0104951 0.0122467 -0.0029077 -0.0373387 -0.0179801 0.00184526 0.0520444 0.0190784 0.0321397 -0.0741882 -0.0225213 0.0182966 -0.0173286 -0.000684245 -0.033084 0.00321448 -0.0321639 -0.0161345 
126.218 0.02 0.0444045 0.0200424 0.0867766 0.80776 0.713926 0.0707195 0.0713911 0.00904622 0.0120273 -0.00282207 -0.0380323 -0.0183411 0.00123292 0.0532731 0.0198061 0.030909 -0.074319 -0.0230524 0.0199299 -0.0179688 0.00110189 -0.0363684 0.00285616 -0.0342364 -0.0165674 
127.012 0.02 0.0459206 0.0198619 0.0859765 0.809542 0.713452 0.0703772 0.0736754 0.00751928 0.0118177 -0.00269918 -0.0385195 -0.018694 0.000693239 0.0541207 0.0204479 0.0294453 -0.0742046 -0.023518 0.0216932 -0.0185979 0.00325655 -0.0396372 0.00254135 -0.0362486 -0.0169207 
127.658 0.02 0.0471633 0.0197249 0.0852504 0.811074 0.712803 0.0700585 0.0756933 0.00596526 0.011628 -0.00254823 -0.0387869 -0.019055 0.000330991 0.0544419 0.0209715 0.0277265 -0.0738357 -0.0239139 0.0235984 -0.0192038 0.00577765 -0.0427654 0.00230139 -0.0381476 -0.0171857 
128.298 0.02 0.0480784 0.0196256 0.0847248 0.812305 0.711942 0.069764 0.0773714 0.00446046 0.0114683 -0.00237845 -0.0388283 -0.019438 0.000271397 0.0541554 0.0213559 0.0257629 -0.0732139 -0.0242383 0.0256359 -0.0197754 0.00862896 -0.0455987 0.0021643 -0.0398748 -0.017355 
129.091 0.02 0.048674 0.0195571 0.0845215 0.813222 0.71086 0.0694891 0.0787122 0.00308037 0.0113469 -0.0021987 -0.0386477 -0.0198494 0.000621327 0.0532606 0.021595 0.0235969 -0.0723558 -0.0244917 0.027772 -0.0203066 0.0117557 -0.0480081 0.00214742 -0.0413834 -0.0174255 
130.135 0.02 0.0490133 0.0195125 0.0847183 0.813851 0.709568 0.0692249 0.0797896 0.00187534 0.0112682 -0.00201667 -0.03826 -0.0202873 0.00143688 0.0518277 0.0216962 0.0212905 -0.0712923 -0.0246754 0.0299585 -0.0207978 0.0151057 -0.0499336 0.00225431 -0.042653 -0.0173994 
131.414 0.02 0.0491899 0.0194867 0.0853312 0.814237 0.708088 0.0689602 0.0807192 0.000860652 0.0112327 -0.00183795 -0.0376899 -0.020743 0.00271031 0.0499718 0.0216756 0.0189111 -0.0700608 -0.0247901 0.0321438 -0.0212551 0.0186395 -0.0513949 0.00247634 -0.0436937 -0.017284 
132.794 0.02 0.0493006 0.0194771 0.0863101 0.814438 0.706437 0.0686829 0.0816206 2.00639e-05 0.0112375 -0.00166524 -0.0369726 -0.0212035 0.00436945 0.047826 0.0215524 0.01652 -0.0686985 -0.0248345 0.0342797 -0.0216885 0.0223251 -0.0524747 0.00279644 -0.0445408 -0.0170899 
134.066 0.02 0.0494207 0.0194839 0.0875445 0.814508 0.704622 0.0683827 0.0825809 -0.000685122 0.0112764 -0.00149755 -0.0361572 -0.0216528 0.00628097 0.0455198 0.0213445 0.0141663 -0.0672381 -0.0248029 0.0363173 -0.0221099 0.0261211 -0.0532922 0.00319289 -0.0452462 -0.0168299 
135.008 0.02 0.0495878 0.0195108 0.0888724 0.814496 0.702631 0.0680532 0.083629 -0.00130641 0.0113417 -0.00133011 -0.0353147 -0.0220724 0.00825585 0.0431631 0.0210671 0.0118843 -0.065709 -0.0246848 0.0381939 -0.0225287 0.0299553 -0.0539803 0.00364335 -0.0458698 -0.0165197 
135.497 0.02 0.0497972 0.0195644 0.0900997 0.814433 0.700432 0.0676942 0.0847267 -0.00189791 0.0114243 -0.00115525 -0.0345431 -0.0224397 0.0100629 0.0408409 0.0207327 0.00969639 -0.0641425 -0.0244656 0.0398189 -0.0229478 0.033707 -0.0546634 0.00412818 -0.0464695 -0.0161773 
135.641 0.02 0.0500147 0.0196513 0.091034 0.814343 0.697993 0.0673111 0.0857891 -0.00250382 0.0115162 -0.000965614 -0.033956 -0.0227323 0.0114646 0.0386213 0.0203528 0.00762096 -0.0625758 -0.024132 0.0410788 -0.0233644 0.0372154 -0.0554338 0.00463091 -0.0470911 -0.0158223 
135.733 0.02 0.0502037 0.019774 0.0915349 0.814247 0.695304 0.066911 0.0867303 -0.00314584 0.0116109 -0.000758881 -0.033648 -0.0229337 0.0122795 0.0365656 0.0199389 0.00567631 -0.0610458 -0.0236797 0.0418757 -0.0237735 0.0403273 -0.0563296 0.00513847 -0.0477577 -0.0154723 
135.997 0.02 0.0503488 0.0199287 0.0915525 0.814167 0.692394 0.0664982 0.0875098 -0.00382113 0.011706 -0.000540122 -0.0336582 -0.0230391 0.0124353 0.034725 0.0195018 0.00387704 -0.0595766 -0.023117 0.04217 -0.0241724 0.0429562 -0.0573341 0.00564277 -0.0484672 -0.0151372 
136.434 0.02 0.0504672 0.0201057 0.0911363 0.814127 0.689325 0.0660728 0.0881531 -0.00451169 0.0118025 -0.000320944 -0.0339609 -0.0230546 0.0119804 0.0331288 0.0190509 0.00222981 -0.0581714 -0.0224625 0.0419902 -0.0245621 0.0451067 -0.0583975 0.00614075 -0.0491959 -0.0148174 
136.878 0.02 0.0506033 0.0202913 0.0904133 0.814154 0.686179 0.0656313 0.0887403 -0.00519197 0.0119049 -0.000116961 -0.0344785 -0.0229949 0.0110563 0.0317816 0.0185934 0.000733505 -0.0568155 -0.0217399 0.0414144 -0.0249459 0.0468554 -0.059457 0.00663338 -0.0499049 -0.0145051 
137.153 0.02 0.0508123 0.0204701 0.0895579 0.814266 0.683051 0.0651707 0.0893774 -0.00583091 0.012019 5.47393e-05 -0.035101 -0.0228793 0.00986025 0.030668 0.0181362 -0.00061944 -0.0554858 -0.0209755 0.040546 -0.0253261 0.0483155 -0.0604438 0.00712418 -0.0505447 -0.014188 
137.211 0.02 0.0511414 0.020627 0.0887601 0.814483 0.680038 0.0646911 0.0901639 -0.00639327 0.012151 0.000178647 -0.0357072 -0.0227296 0.00860795 0.0297567 0.017687 -0.00184394 -0.0541593 -0.0201955 0.0394911 -0.0257023 0.0496018 -0.0612859 0.00761762 -0.0510614 -0.0138531 
137.145 0.02 0.0516137 0.0207492 0.0881904 0.814811 0.677222 0.0641978 0.0911639 -0.00684422 0.0123053 0.000244 -0.0361875 -0.0225674 0.00749383 0.0290041 0.0172531 -0.00296389 -0.0528196 -0.0194233 0.0383383 -0.0260708 0.0508041 -0.0619142 0.00811751 -0.0514042 -0.0134902 
137.109 0.02 0.0522221 0.0208286 0.0879679 0.815253 0.674658 0.0636998 0.0923934 -0.00715649 0.0124835 0.00024689 -0.0364638 -0.0224112 0.00665475 0.0283607 0.0168404 -0.00401106 -0.0514584 -0.0186762 0.0371443 -0.0264258 0.0519718 -0.0622725 0.00862574 -0.0515333 -0.0130933 
137.225 0.02 0.0529343 0.0208625 0.0881437 0.815801 0.672364 0.0632069 0.0938247 -0.00731618 0.0126839 0.000190523 -0.0364996 -0.0222737 0.00614981 0.0277813 0.0164526 -0.00502039 -0.0500743 -0.0179643 0.0359301 -0.0267624 0.0531138 -0.0623265 0.00914113 -0.0514265 -0.0126617 
137.527 0.02 0.0537034 0.0208533 0.0887005 0.816449 0.67033 0.0627266 0.0953994 -0.00732451 0.0129019 8.38325e-05 -0.0363 -0.0221607 0.00595991 0.0272324 0.0160911 -0.00602459 -0.0486712 -0.017291 0.0346852 -0.0270782 0.0542049 -0.0620657 0.00965871 -0.0510804 -0.0121993 
137.971 0.02 0.0544776 0.0208069 0.0895657 0.817189 0.668525 0.0622627 0.0970433 -0.00719617 0.0131303 -6.02972e-05 -0.035905 -0.0220718 0.006001 0.026697 0.0157555 -0.00704996 -0.0472576 -0.0166555 0.0333764 -0.0273746 0.0551953 -0.0615022 0.0101692 -0.0505094 -0.0117142 
138.482 0.02 0.0552091 0.0207321 0.090628 0.818016 0.666908 0.0618151 0.0986798 -0.00695631 0.0133601 -0.000226485 -0.0353796 -0.0220017 0.0061442 0.0261766 0.0154457 -0.00811357 -0.0458455 -0.0160554 0.0319612 -0.0276571 0.0560233 -0.0606663 0.0106593 -0.0497436 -0.011218 
138.998 0.02 0.0558641 0.0206396 0.0917581 0.818933 0.665442 0.0613799 0.100247 -0.00663753 0.0135813 -0.000398058 -0.0348009 -0.0219407 0.0062403 0.0256902 0.0151626 -0.00922137 -0.0444496 -0.0154892 0.0304016 -0.0279337 0.0566321 -0.0596051 0.0111123 -0.0488265 -0.0107245 
139.495 0.02 0.0564302 0.0205411 0.0928306 0.819942 0.664104 0.0609505 0.101712 -0.00627652 0.0137837 -0.000558269 -0.0342453 -0.021876 0.00614672 0.0252702 0.0149097 -0.0103676 -0.0430844 -0.0149579 0.0286768 -0.0282145 0.056988 -0.05838 0.0115107 -0.0478105 -0.0102479 
139.979 0.02 0.0569199 0.0204484 0.0937454 0.821055 0.662886 0.0605191 0.103083 -0.00590963 0.0139591 -0.000691843 -0.033774 -0.0217934 0.00575266 0.0249547 0.0146928 -0.0115368 -0.0417613 -0.014465 0.0267909 -0.0285093 0.0570936 -0.0570612 0.0118389 -0.0467503 -0.00980085 
140.464 0.02 0.0573649 0.0203718 0.0944419 0.822279 0.661799 0.0600783 0.104402 -0.00556749 0.0141014 -0.000786267 -0.0334243 -0.0216791 0.0049965 0.0247772 0.0145183 -0.0127094 -0.0404867 -0.0140154 0.0247705 -0.0288258 0.0569886 -0.0557171 0.0120856 -0.0456934 -0.00939199 
140.962 0.02 0.0578037 0.0203189 0.0949048 0.823621 0.660859 0.0596232 0.105732 -0.00527028 0.0142077 -0.000832882 -0.0332056 -0.0215233 0.00387164 0.024757 0.0143915 -0.0138681 -0.0392613 -0.0136134 0.0226571 -0.0291691 0.0567385 -0.0544021 0.0122452 -0.0446726 -0.00902566 
141.464 0.02 0.0582677 0.0202941 0.0951589 0.825078 0.660079 0.059152 0.107131 -0.00502517 0.0142777 -0.000827276 -0.0331023 -0.0213218 0.00242055 0.0248919 0.0143147 -0.0150046 -0.0380815 -0.0132616 0.0204951 -0.0295401 0.0564185 -0.0531468 0.0123182 -0.0437009 -0.00870212 
141.948 0.02 0.0587701 0.020298 0.0952582 0.826639 0.65946 0.0586672 0.108639 -0.00482675 0.0143129 -0.000769193 -0.0330801 -0.0210767 0.000721647 0.0251562 0.0142863 -0.0161239 -0.0369414 -0.0129593 0.0183216 -0.0299369 0.0560973 -0.0519544 0.0123105 -0.0427702 -0.00841892 
142.391 0.02 0.0593003 0.0203283 0.0952716 0.82828 0.658986 0.0581742 0.110265 -0.00466019 0.0143161 -0.000661886 -0.0330948 -0.0207956 -0.00112763 0.0255029 0.0143003 -0.0172442 -0.035835 -0.0127024 0.0161604 -0.030355 0.0558259 -0.0508032 0.0122317 -0.0418541 -0.0081724 
142.781 0.02 0.059827 0.0203801 0.0952687 0.829969 0.658621 0.0576809 0.111986 -0.00450605 0.0142907 -0.000511475 -0.0331001 -0.0204901 -0.00302851 0.0258714 0.0143478 -0.0183941 -0.0347581 -0.0124837 0.0140211 -0.0307887 0.0556354 -0.049655 0.0120938 -0.0409149 -0.00795898 
143.137 0.02 0.0603072 0.0204475 0.0953065 0.831671 0.65832 0.0571947 0.113761 -0.00434571 0.0142401 -0.000325985 -0.0330556 -0.0201729 -0.00489657 0.0261977 0.0144182 -0.0196047 -0.0337091 -0.0122936 0.0119027 -0.0312326 0.0555401 -0.0484684 0.0119088 -0.0399121 -0.00777611 
143.494 0.02 0.0606985 0.0205241 0.0954212 0.833351 0.658031 0.0567215 0.115543 -0.00416585 0.0141672 -0.000114272 -0.0329325 -0.0198552 -0.00667327 0.0264268 0.0145013 -0.0209027 -0.0326898 -0.0121221 0.00979831 -0.0316823 0.0555451 -0.0472102 0.0116877 -0.0388122 -0.00762273 
143.886 0.02 0.0609706 0.0206044 0.095625 0.83498 0.657711 0.0562634 0.117295 -0.00396126 0.0140747 0.000114992 -0.0327175 -0.0195451 -0.00833126 0.0265216 0.0145885 -0.0223038 -0.0317045 -0.0119602 0.00770104 -0.0321353 0.0556519 -0.0458654 0.0114388 -0.0375963 -0.00749922 
144.328 0.02 0.0611119 0.0206842 0.0959074 0.836541 0.657326 0.0558183 0.119001 -0.00373552 0.0139647 0.000354176 -0.0324138 -0.0192465 -0.00987345 0.0264687 0.0146743 -0.0238088 -0.0307594 -0.0118009 0.00560722 -0.0325908 0.055863 -0.0444405 0.0111673 -0.0362632 -0.00740713 
144.804 0.02 0.0611316 0.0207608 0.0962403 0.838027 0.656859 0.0553801 0.120664 -0.00349984 0.0138392 0.000596965 -0.0320396 -0.0189594 -0.0113276 0.0262786 0.0147558 -0.0254027 -0.0298615 -0.0116405 0.00351884 -0.0330495 0.0561826 -0.0429632 0.0108763 -0.0348306 -0.00734862 
145.283 0.02 0.0610577 0.0208327 0.0965852 0.839442 0.656311 0.0549396 0.122309 -0.00327072 0.0137005 0.000838149 -0.0316244 -0.0186805 -0.0127379 0.0259831 0.0148326 -0.0270566 -0.0290185 -0.011478 0.0014439 -0.0335132 0.0566166 -0.0414769 0.010567 -0.0333314 -0.00732595 
145.736 0.02 0.06093 0.0208988 0.0969 0.840795 0.655694 0.0544856 0.123973 -0.00306657 0.0135511 0.00107327 -0.0312047 -0.0184051 -0.0141551 0.0256277 0.0149054 -0.0287309 -0.0282381 -0.0113152 -0.000604753 -0.0339839 0.0571694 -0.0400338 0.0102407 -0.0318085 -0.00734083 
146.15 0.02 0.0607919 0.0209579 0.0971466 0.8421 0.655027 0.0540071 0.125694 -0.00290404 0.0133943 0.00129795 -0.0308171 -0.018128 -0.0156265 0.0252621 0.0149752 -0.0303815 -0.0275281 -0.0111549 -0.00261266 -0.0344631 0.0578412 -0.0386847 0.00989952 -0.0303068 -0.00739396 
146.529 0.02 0.0606804 0.0210084 0.097297 0.843366 0.654328 0.0534944 0.127502 -0.0027945 0.0132341 0.0015076 -0.0304919 -0.0178456 -0.017188 0.0249294 0.0150415 -0.0319679 -0.0268958 -0.0109995 -0.00456822 -0.0349519 0.0586244 -0.037469 0.00954769 -0.0288649 -0.00748454 
146.883 0.02 0.0606181 0.021048 0.0973369 0.844596 0.653609 0.0529408 0.12941 -0.00274148 0.0130749 0.00169716 -0.0302476 -0.0175558 -0.0188583 0.0246567 0.015102 -0.0334599 -0.0263477 -0.0108497 -0.00646699 -0.0354506 0.0595019 -0.0364073 0.00919177 -0.0275073 -0.00761016 
147.218 0.02 0.0606104 0.0210735 0.0972682 0.845786 0.652867 0.0523431 0.131407 -0.0027402 0.012921 0.00186133 -0.0300874 -0.0172591 -0.0206365 0.024452 0.0151529 -0.0348419 -0.025889 -0.0107031 -0.008314 -0.0359592 0.0604476 -0.0354987 0.00884006 -0.0262407 -0.00776667 
147.527 0.02 0.0606461 0.0210815 0.0971086 0.846928 0.652092 0.0517015 0.133466 -0.00277873 0.0127766 0.00199493 -0.0299992 -0.0169586 -0.0225024 0.0243057 0.0151891 -0.036113 -0.0255229 -0.0105552 -0.0101234 -0.0364757 0.0614274 -0.034725 0.0085011 -0.0250554 -0.00794844 
147.809 0.02 0.0607033 0.0210677 0.0968882 0.848007 0.651264 0.0510198 0.135547 -0.00284054 0.0126448 0.00209332 -0.0299589 -0.01666 -0.0244209 0.0241976 0.0152062 -0.0372824 -0.0252508 -0.0103997 -0.0119152 -0.036996 0.0624042 -0.034057 0.008182 -0.0239296 -0.00814882 
148.064 0.02 0.0607587 0.021028 0.0966443 0.849012 0.650365 0.0503043 0.137608 -0.00290714 0.0125282 0.00215327 -0.0299352 -0.0163712 -0.0263492 0.0241049 0.0152011 -0.0383631 -0.0250712 -0.0102308 -0.013711 -0.0375138 0.0633437 -0.0334631 0.00788713 -0.0228384 -0.00836051 
148.301 0.02 0.060795 0.0209592 0.0964147 0.849931 0.649385 0.049562 0.139617 -0.00296104 0.0124279 0.00217348 -0.0298964 -0.0161 -0.0282445 0.0240106 0.0151729 -0.0393659 -0.02498 -0.0100441 -0.0155283 -0.0380211 0.0642194 -0.0329166 0.00761784 -0.0217614 -0.00857645 
148.525 0.02 0.060807 0.0208597 0.0962322 0.850764 0.648327 0.0487992 0.141555 -0.00298837 0.0123448 0.00215508 -0.0298166 -0.0158531 -0.030069 0.0239087 0.0151224 -0.0402938 -0.02497 -0.00983839 -0.0173767 -0.0385104 0.0650143 -0.0324009 0.00737286 -0.0206895 -0.00879051 
148.735 0.02 0.0608027 0.0207297 0.0961208 0.851514 0.647207 0.04802 0.143419 -0.00298072 0.0122785 0.00210176 -0.0296806 -0.015634 -0.031794 0.0238065 0.0150522 -0.0411411 -0.0250311 -0.00961546 -0.0192554 -0.0389758 0.0657205 -0.0319122 0.00714917 -0.019628 -0.00899832 
148.924 0.02 0.0608005 0.0205715 0.0960937 0.85219 0.646052 0.0472266 0.145218 -0.00293587 0.0122282 0.00201945 -0.029485 -0.0154435 -0.0334003 0.0237225 0.0149659 -0.0418946 -0.0251508 -0.00937972 -0.0211544 -0.0394137 0.066337 -0.0314583 0.00694276 -0.0185964 -0.00919777 
149.086 0.02 0.0608237 0.020389 0.096152 0.852807 0.644896 0.04642 0.146964 -0.00285759 0.0121922 0.00191579 -0.0292373 -0.0152799 -0.034878 0.0236808 0.0148676 -0.0425375 -0.0253158 -0.00913697 -0.0230564 -0.0398226 0.0668664 -0.0310553 0.00674935 -0.0176249 -0.00938915 
149.216 0.02 0.0608938 0.0201869 0.0962863 0.853376 0.643767 0.0456013 0.148667 -0.00275442 0.0121678 0.00179935 -0.0289521 -0.0151403 -0.0362249 0.0237044 0.0147618 -0.0430556 -0.0255118 -0.00889287 -0.0249414 -0.0402019 0.0673133 -0.0307222 0.00656485 -0.0167485 -0.00957485 
149.315 0.02 0.0610233 0.0199702 0.0964798 0.853905 0.642688 0.0447728 0.150327 -0.00263843 0.0121518 0.00167857 -0.0286461 -0.0150217 -0.037443 0.0238084 0.0146526 -0.0434424 -0.0257249 -0.00865157 -0.0267904 -0.0405522 0.0676825 -0.0304767 0.00638589 -0.016001 -0.00975885 
149.386 0.02 0.0612121 0.0197435 0.0967123 0.854397 0.641668 0.0439385 0.15193 -0.00252362 0.0121405 0.00156076 -0.0283339 -0.0149221 -0.0385354 0.023996 0.014544 -0.0437038 -0.0259416 -0.00841472 -0.0285876 -0.0408741 0.0679778 -0.0303318 0.0062102 -0.0154085 -0.00994589 
149.434 0.02 0.0614463 0.0195106 0.0969638 0.854848 0.640699 0.0431044 0.153448 -0.00242438 0.01213 0.00145163 -0.0280244 -0.0148405 -0.039504 0.0242581 0.0144391 -0.0438585 -0.0261487 -0.00818114 -0.0303216 -0.0411685 0.0682038 -0.0302945 0.00603683 -0.014987 -0.0101406 
149.462 0.02 0.0617022 0.0192741 0.0972175 0.85525 0.639768 0.0422778 0.154848 -0.00235393 0.0121168 0.00135477 -0.0277202 -0.0147772 -0.0403479 0.0245751 0.0143406 -0.0439356 -0.0263326 -0.00794735 -0.0319842 -0.0414367 0.0683673 -0.0303657 0.00586616 -0.0147411 -0.0103469 
149.478 0.02 0.0619518 0.0190354 0.0974614 0.855591 0.638854 0.0414668 0.156094 -0.00232312 0.0120978 0.00127193 -0.0274177 -0.0147332 -0.0410645 0.0249223 0.0142505 -0.0439701 -0.0264799 -0.00770834 -0.0335688 -0.0416803 0.0684789 -0.0305414 0.00569961 -0.0146656 -0.0105673 
149.49 0.02 0.06217 0.0187948 0.0976886 0.855862 0.637943 0.0406796 0.157161 -0.00233944 0.0120708 0.00120309 -0.0271096 -0.0147099 -0.0416497 0.0252755 0.01417 -0.0439962 -0.026577 -0.007459 -0.0350684 -0.0419011 0.0685546 -0.030814 0.00553918 -0.0147488 -0.0108027 
149.504 0.02 0.0623406 0.0185513 0.0978969 0.856061 0.637026 0.0399232 0.158038 -0.00240664 0.0120344 0.00114706 -0.0267875 -0.014709 -0.0421 0.0256166 0.0141004 -0.0440416 -0.0266108 -0.00719514 -0.036475 -0.0421018 0.0686148 -0.0311742 0.00538677 -0.0149757 -0.0110526 
149.527 0.02 0.0624592 0.0183031 0.0980877 0.856187 0.636109 0.0392033 0.15873 -0.00252466 0.0119879 0.00110205 -0.0264443 -0.0147316 -0.0424133 0.025937 0.0140422 -0.0441241 -0.0265705 -0.00691409 -0.0377799 -0.0422846 0.0686817 -0.0316123 0.00524378 -0.0153312 -0.0113149 
149.559 0.02 0.0625331 0.0180482 0.0982648 0.856249 0.635206 0.038524 0.159255 -0.0026901 0.0119313 0.00106629 -0.026076 -0.0147787 -0.0425897 0.0262379 0.0139955 -0.0442502 -0.0264485 -0.0066149 -0.0389744 -0.0424518 0.0687757 -0.0321191 0.00511066 -0.015801 -0.0115869 
149.599 0.02 0.0625787 0.017784 0.0984334 0.856259 0.63434 0.037888 0.159644 -0.00289676 0.0118646 0.00103848 -0.0256815 -0.0148506 -0.0426319 0.0265283 0.0139604 -0.0444166 -0.0262411 -0.00629806 -0.0400524 -0.0426054 0.0689124 -0.0326855 0.0049869 -0.0163723 -0.011865 
149.642 0.02 0.0626157 0.0175088 0.0985988 0.856233 0.633534 0.0372967 0.159931 -0.00313649 0.0117883 0.0010182 -0.0252628 -0.0149472 -0.0425449 0.0268218 0.0139359 -0.0446137 -0.0259501 -0.00596482 -0.0410117 -0.0427461 0.0690994 -0.0333027 0.00487116 -0.0170328 -0.0121456 
149.688 0.02 0.0626623 0.0172211 0.0987657 0.856183 0.63281 0.0367508 0.160145 -0.00339997 0.0117025 0.00100599 -0.0248237 -0.0150679 -0.0423361 0.0271318 0.0139209 -0.0448298 -0.0255824 -0.00561656 -0.0418552 -0.0428743 0.0693351 -0.0339609 0.00476152 -0.0177688 -0.012425 
149.733 0.02 0.0627304 0.0169208 0.0989374 0.856121 0.632179 0.0362508 0.160308 -0.00367765 0.0116075 0.00100321 -0.0243688 -0.015212 -0.0420152 0.0274674 0.0139135 -0.0450553 -0.0251496 -0.00525415 -0.0425918 -0.0429891 0.0696088 -0.0346487 0.00465599 -0.018564 -0.0126994 
149.774 0.02 0.0628231 0.0166087 0.099115 0.856051 0.631643 0.0357966 0.160433 -0.00396041 0.0115037 0.00101209 -0.0239029 -0.0153782 -0.0415936 0.0278316 0.0139114 -0.0452844 -0.0246678 -0.00487779 -0.0432352 -0.0430891 0.0699018 -0.0353532 0.0045527 -0.019399 -0.0129653 
149.811 0.02 0.062935 0.0162865 0.0992972 0.855975 0.631192 0.0353882 0.16052 -0.00424034 0.0113911 0.00103547 -0.0234308 -0.0155653 -0.0410855 0.0282211 0.0139122 -0.0455165 -0.0241552 -0.004487 -0.0438034 -0.0431724 0.0701906 -0.0360598 0.00445015 -0.0202521 -0.0132194 
149.841 0.02 0.0630548 0.015957 0.0994803 0.855888 0.630811 0.0350252 0.160567 -0.00451112 0.0112701 0.00107645 -0.0229578 -0.0157719 -0.0405072 0.0286282 0.0139134 -0.045754 -0.0236318 -0.00408121 -0.0443155 -0.0432369 0.0704502 -0.0367538 0.00434716 -0.0211006 -0.0134583 
149.866 0.02 0.063169 0.0156232 0.0996576 0.855786 0.630481 0.0347068 0.160565 -0.0047684 0.0111412 0.00113805 -0.0224901 -0.0159963 -0.039878 0.0290438 0.0139132 -0.046001 -0.0231169 -0.00366022 -0.0447899 -0.0432808 0.0706577 -0.0374213 0.00424291 -0.0219235 -0.0136795 
149.887 0.02 0.0632663 0.0152883 0.0998207 0.855664 0.630186 0.0344313 0.16051 -0.00500965 0.011005 0.00122282 -0.0220352 -0.0162366 -0.0392189 0.0294603 0.0139098 -0.0462598 -0.0226279 -0.0032248 -0.0452422 -0.0433031 0.0707954 -0.0380508 0.00413669 -0.0227035 -0.0138807 
149.906 0.02 0.0633402 0.0149554 0.0999604 0.855522 0.629912 0.0341962 0.160405 -0.00523408 0.0108623 0.00133253 -0.0216014 -0.0164907 -0.0385523 0.0298737 0.0139024 -0.0465304 -0.0221794 -0.00277711 -0.0456833 -0.0433035 0.0708537 -0.038634 0.00402782 -0.0234288 -0.0140607 
149.925 0.02 0.0633904 0.0146268 0.100068 0.85536 0.629655 0.0339977 0.160259 -0.00544232 0.0107141 0.00146787 -0.0211972 -0.0167567 -0.0379002 0.0302846 0.0138906 -0.0468091 -0.021782 -0.00232069 -0.0461187 -0.0432831 0.070832 -0.0391665 0.00391553 -0.0240928 -0.0142187 
149.943 0.02 0.063422 0.0143041 0.100136 0.855183 0.629417 0.033831 0.160089 -0.00563582 0.0105616 0.00162813 -0.0208299 -0.0170323 -0.0372827 0.0306977 0.0138744 -0.0470901 -0.0214421 -0.00186028 -0.0465494 -0.0432439 0.0707387 -0.0396471 0.00379903 -0.0246935 -0.0143549 
149.959 0.02 0.0634432 0.013988 0.10016 0.854997 0.629205 0.0336909 0.159915 -0.00581635 0.0104062 0.0018112 -0.0205041 -0.0173159 -0.0367159 0.031119 0.0138543 -0.0473671 -0.0211616 -0.00140128 -0.0469724 -0.043189 0.0705894 -0.0400768 0.00367753 -0.0252316 -0.0144699 
149.972 0.02 0.0634617 0.0136786 0.100142 0.854811 0.629025 0.0335715 0.159758 -0.00598551 0.0102494 0.00201375 -0.0202207 -0.0176064 -0.0362117 0.031554 0.0138305 -0.0476357 -0.0209389 -0.000949206 -0.0473828 -0.043122 0.0704051 -0.0404573 0.0035506 -0.0257075 -0.0145643 
149.981 0.02 0.0634826 0.0133754 0.100083 0.854628 0.628883 0.0334673 0.159635 -0.0061443 0.0100929 0.00223156 -0.0199766 -0.0179031 -0.0357765 0.0320054 0.0138032 -0.0478952 -0.0207693 -0.000509224 -0.0477753 -0.0430467 0.0702088 -0.0407896 0.00341812 -0.0261203 -0.0146392 
149.987 0.02 0.0635064 0.0130775 0.099991 0.854452 0.628783 0.0333729 0.159558 -0.00629308 0.00993827 0.0024598 -0.0197652 -0.0182059 -0.0354118 0.0324715 0.0137725 -0.0481488 -0.0206463 -8.58244e-05 -0.0481458 -0.0429669 0.0700225 -0.0410733 0.00328054 -0.0264664 -0.0146955 
149.99 0.02 0.063529 0.0127839 0.0998733 0.854284 0.62872 0.0332834 0.159533 -0.0064317 0.00978702 0.0026937 -0.0195778 -0.0185152 -0.0351152 0.0329468 0.0137382 -0.0484031 -0.0205628 0.000317108 -0.0484918 -0.0428863 0.0698648 -0.0413064 0.00313855 -0.0267404 -0.014734 
149.991 0.02 0.0635438 0.0124939 0.0997376 0.854121 0.62869 0.033194 0.159557 -0.00655981 0.00964043 0.0029288 -0.0194052 -0.0188314 -0.034882 0.0334235 0.0137001 -0.0486662 -0.020512 0.000696285 -0.0488127 -0.0428077 0.0697495 -0.0414863 0.00299304 -0.0269365 -0.0147561 
149.994 0.02 0.0635433 0.0122071 0.0995903 0.85396 0.628684 0.0331006 0.159626 -0.00667726 0.00949945 0.00316135 -0.0192399 -0.0191547 -0.0347064 0.0338936 0.0136583 -0.0489451 -0.0204879 0.00104886 -0.0491095 -0.0427334 0.0696841 -0.0416112 0.00284487 -0.0270509 -0.0147634 
149.997 0.02 0.0635222 0.0119232 0.0994351 0.853799 0.628696 0.0329991 0.159734 -0.00678441 0.00936466 0.00338859 -0.0190772 -0.019485 -0.0345828 0.0343515 0.0136128 -0.0492436 -0.0204864 0.00137217 -0.0493839 -0.0426649 0.0696702 -0.0416808 0.00269446 -0.0270833 -0.014758 
150.003 0.02 0.063479 0.0116428 0.0992728 0.853636 0.62872 0.0328854 0.159874 -0.00688245 0.00923624 0.00360872 -0.0189162 -0.0198217 -0.0345063 0.0347949 0.0135641 -0.0495609 -0.0205052 0.00166371 -0.0496384 -0.042603 0.0697031 -0.0416975 0.00254172 -0.0270385 -0.0147427 
150.011 0.02 0.0634159 0.0113664 0.0991017 0.853469 0.628752 0.0327559 0.160042 -0.00697329 0.00911406 0.00382087 -0.0187596 -0.0201635 -0.0344734 0.0352256 0.013513 -0.0498913 -0.0205431 0.00192125 -0.0498755 -0.0425478 0.0697736 -0.0416666 0.00238608 -0.026926 -0.0147207 
150.019 0.02 0.0633385 0.0110949 0.0989182 0.8533 0.628792 0.032607 0.160234 -0.00705927 0.00899768 0.00402473 -0.0186126 -0.0205087 -0.0344808 0.0356485 0.0134602 -0.0502262 -0.0206005 0.00214306 -0.0500979 -0.042499 0.0698693 -0.0415949 0.00222677 -0.026759 -0.0146955 
150.028 0.02 0.0632534 0.0108293 0.0987182 0.85313 0.628841 0.0324357 0.160445 -0.00714284 0.00888674 0.00422046 -0.0184812 -0.0208555 -0.034525 0.0360696 0.0134064 -0.050555 -0.0206777 0.00232809 -0.0503082 -0.0424557 0.0699759 -0.0414904 0.00206292 -0.0265517 -0.0146701 
150.037 0.02 0.0631668 0.0105706 0.0984984 0.852959 0.628897 0.0322398 0.160672 -0.00722606 0.00878088 0.00440835 -0.0183704 -0.0212024 -0.0346014 0.0364941 0.013352 -0.0508686 -0.0207748 0.00247626 -0.0505088 -0.0424169 0.0700794 -0.0413602 0.00189407 -0.0263179 -0.0146472 
150.046 0.02 0.0630824 0.0103194 0.0982577 0.852788 0.628961 0.0320182 0.160909 -0.00731036 0.00868002 0.00458843 -0.0182831 -0.0215479 -0.0347037 0.0369252 0.0132969 -0.0511603 -0.020891 0.00258863 -0.0507025 -0.0423817 0.0701681 -0.0412102 0.00172037 -0.0260685 -0.0146285 
150.056 0.02 0.0630007 0.0100761 0.0979968 0.852616 0.62903 0.0317706 0.16115 -0.00739647 0.00858423 0.00476048 -0.0182192 -0.0218913 -0.0348237 0.0373628 0.0132403 -0.0514279 -0.0210237 0.00266741 -0.0508916 -0.042349 0.0702328 -0.0410443 0.00154282 -0.0258111 -0.014615 
150.066 0.02 0.0629199 0.00984037 0.0977193 0.852441 0.629101 0.0314976 0.161387 -0.00748441 0.00849379 0.00492376 -0.0181755 -0.022232 -0.0349521 0.037804 0.0131809 -0.0516728 -0.0211688 0.00271582 -0.0510785 -0.0423179 0.070269 -0.0408647 0.00136325 -0.0255498 -0.014607 
150.077 0.02 0.0628363 0.00961196 0.0974302 0.852263 0.62917 0.0312007 0.161613 -0.00757383 0.00840925 0.0050774 -0.0181467 -0.0225699 -0.0350785 0.0382442 0.013117 -0.0518996 -0.0213209 0.00273785 -0.0512642 -0.0422877 0.0702761 -0.0406723 0.00118389 -0.0252864 -0.0146039 
150.089 0.02 0.0627461 0.00939013 0.0971355 0.852078 0.629233 0.030882 0.161823 -0.0076644 0.0083312 0.00522036 -0.0181267 -0.0229053 -0.0351931 0.0386787 0.0130468 -0.0521135 -0.0214737 0.00273797 -0.0514491 -0.0422579 0.0702569 -0.0404679 0.00100721 -0.0250216 -0.0146047 
150.103 0.02 0.0626471 0.00917417 0.0968408 0.851887 0.629291 0.0305439 0.162014 -0.00775608 0.00826026 0.00535174 -0.0181094 -0.0232384 -0.0352871 0.0391038 0.0129685 -0.05232 -0.0216208 0.00272085 -0.0516318 -0.0422279 0.0702176 -0.0402528 0.00083551 -0.0247569 -0.0146083 
150.117 0.02 0.0625391 0.00896351 0.0965506 0.851691 0.629345 0.0301892 0.162187 -0.00784937 0.00819694 0.0054709 -0.0180903 -0.0235694 -0.035354 0.0395178 0.0128806 -0.0525225 -0.0217559 0.00269109 -0.0518101 -0.0421973 0.070166 -0.0400289 0.000670534 -0.024495 -0.0146135 
150.131 0.02 0.0624245 0.0087578 0.0962678 0.851492 0.629398 0.0298205 0.162346 -0.00794544 0.00814148 0.00557771 -0.0180667 -0.023898 -0.0353899 0.0399212 0.0127818 -0.0527228 -0.021874 0.00265309 -0.0519811 -0.0421652 0.0701105 -0.0397995 0.000513543 -0.0242406 -0.0146194 
150.145 0.02 0.0623069 0.00855704 0.0959932 0.851293 0.629454 0.0294408 0.162495 -0.00804608 0.00809396 0.00567262 -0.0180376 -0.024224 -0.0353931 0.0403164 0.0126715 -0.0529207 -0.0219712 0.00261093 -0.0521417 -0.0421309 0.0700588 -0.0395685 0.000365148 -0.0239996 -0.0146252 
150.158 0.02 0.0621902 0.00836168 0.0957266 0.851095 0.629518 0.0290529 0.162639 -0.00815332 0.00805428 0.00575666 -0.0180037 -0.0245468 -0.0353637 0.0407058 0.0125494 -0.0531152 -0.0220454 0.00256834 -0.0522894 -0.0420934 0.0700165 -0.0393396 0.000225605 -0.0237782 -0.0146304 
150.169 0.02 0.0620773 0.00817265 0.0954661 0.850901 0.629591 0.0286597 0.162779 -0.00826925 0.00802219 0.0058314 -0.0179667 -0.0248656 -0.0353035 0.0410918 0.0124155 -0.0533056 -0.0220961 0.00252881 -0.0524229 -0.0420515 0.0699864 -0.039116 9.49262e-05 -0.0235818 -0.0146346 
150.179 0.02 0.0619688 0.00799111 0.0952099 0.85071 0.629673 0.0282642 0.162918 -0.00839564 0.00799723 0.00589886 -0.0179283 -0.0251792 -0.0352148 0.041475 0.0122701 -0.0534913 -0.0221244 0.00249559 -0.0525425 -0.0420041 0.0699687 -0.0388997 -2.69514e-05 -0.0234141 -0.0146373 
150.189 0.02 0.0618634 0.00781837 0.094956 0.850522 0.62976 0.0278691 0.163053 -0.0085338 0.00797892 0.00596111 -0.0178902 -0.0254866 -0.0351001 0.0418548 0.0121136 -0.0536732 -0.0221325 0.00247151 -0.0526499 -0.0419497 0.069961 -0.0386916 -0.000139969 -0.0232771 -0.0146384 
150.198 0.02 0.0617585 0.00765601 0.0947031 0.850334 0.629848 0.0274773 0.163179 -0.0086843 0.00796682 0.00602046 -0.0178535 -0.0257866 -0.0349621 0.0422296 0.0119467 -0.0538526 -0.0221236 0.00245919 -0.0527479 -0.0418873 0.0699594 -0.0384911 -0.000244327 -0.0231705 -0.0146375 
150.207 0.02 0.0616513 0.00750544 0.0944507 0.850144 0.629931 0.0270913 0.163295 -0.00884699 0.00796054 0.00607897 -0.0178185 -0.0260781 -0.0348033 0.0425972 0.0117702 -0.0540315 -0.0221015 0.00246064 -0.0528398 -0.0418158 0.0699593 -0.038297 -0.000340284 -0.0230926 -0.0146343 
150.216 0.02 0.06154 0.00736785 0.0941995 0.849952 0.630007 0.0267133 0.163397 -0.00902107 0.00795964 0.0061384 -0.017785 -0.02636 -0.0346258 0.0429564 0.0115848 -0.0542107 -0.0220697 0.00247725 -0.0529291 -0.0417345 0.0699562 -0.0381076 -0.000428379 -0.0230411 -0.0146286 
150.226 0.02 0.0614243 0.00724399 0.0939508 0.849755 0.630073 0.026345 0.163484 -0.00920526 0.00796368 0.00619999 -0.0177525 -0.0266312 -0.0344316 0.0433068 0.0113916 -0.0543905 -0.0220318 0.00250971 -0.0530188 -0.0416426 0.0699463 -0.0379213 -0.000509439 -0.0230133 -0.0146204 
150.236 0.02 0.061306 0.00713418 0.0937067 0.849554 0.630129 0.0259876 0.16356 -0.00939794 0.00797226 0.00626443 -0.0177203 -0.026891 -0.0342225 0.0436498 0.0111915 -0.0545698 -0.0219909 0.00255795 -0.0531111 -0.04154 0.0699274 -0.0377369 -0.000584554 -0.0230067 -0.01461 
150.247 0.02 0.0611881 0.0070382 0.0934697 0.84935 0.630178 0.025642 0.163626 -0.00959741 0.00798502 0.00633172 -0.0176874 -0.0271387 -0.0340006 0.0439874 0.0109855 -0.054747 -0.0219493 0.00262129 -0.0532072 -0.0414267 0.0698989 -0.0375533 -0.000654844 -0.0230189 -0.0145977 
150.258 0.02 0.0610745 0.00695522 0.0932424 0.849145 0.630221 0.0253084 0.16369 -0.00980209 0.00800157 0.0064012 -0.0176526 -0.0273736 -0.0337676 0.0443221 0.0107747 -0.0549203 -0.0219088 0.00269851 -0.0533079 -0.0413027 0.0698618 -0.0373698 -0.000721277 -0.0230476 -0.0145843 
150.268 0.02 0.0609685 0.00688421 0.093027 0.848939 0.630263 0.0249868 0.163755 -0.0100106 0.00802168 0.00647178 -0.0176149 -0.0275958 -0.0335258 0.0446559 0.01056 -0.0550885 -0.0218707 0.00278816 -0.0534132 -0.0411686 0.0698183 -0.0371857 -0.000784612 -0.0230905 -0.0145704 
150.279 0.02 0.0608723 0.0068239 0.0928256 0.848735 0.630306 0.0246773 0.163825 -0.0102221 0.00804522 0.00654205 -0.0175727 -0.0278051 -0.0332774 0.0449897 0.0103427 -0.0552519 -0.0218356 0.00288863 -0.0535231 -0.0410251 0.0697712 -0.0370002 -0.000845199 -0.0231447 -0.0145568 
150.288 0.02 0.0607866 0.00677289 0.0926392 0.848531 0.63035 0.0243794 0.163904 -0.010436 0.0080721 0.0066104 -0.017525 -0.0280021 -0.033025 0.045323 0.0101239 -0.055412 -0.0218041 0.00299828 -0.0536373 -0.040873 0.0697238 -0.0368122 -0.000902919 -0.0232072 -0.0145442 
150.298 0.02 0.0607106 0.00672974 0.0924681 0.848327 0.630394 0.0240928 0.163991 -0.0106523 0.00810231 0.00667515 -0.0174709 -0.0281871 -0.0327713 0.0456544 0.00990497 -0.0555715 -0.0217763 0.00311548 -0.0537558 -0.0407133 0.0696793 -0.0366207 -0.000957281 -0.023275 -0.0145332 
