 #1 Rho_s
 #2 Dfdr1_t (Theoretical gradients using SIE) 
 #2 Dfdr2_t (Theoretical gradients using SIE) 
 #3 Dfdr_s (Simulation gradients using forward diff)
86.7053 496.854 25.7394 -18891.7
48.9218 -18996.6 -13360.2 -12725.3
23.4713 -8060.43 -7241.13 -5398.33
12.6747 -3499.96 -3354.98 -2498.88
7.6769 -1713.92 -1698.52 -1281.04
5.11482 -948.774 -964.511 -735.233
3.64435 -575.694 -598.042 -469.796
2.70476 -369.912 -391.872 -305.214
2.09433 -252.53 -272.718 -215.553
1.66323 -178.816 -196.495 -151.886
1.35946 -132.013 -147.748 -115.501
1.12846 -99.6922 -113.571 -86.5425
0.955371 -77.4802 -89.8336 -70.1478
0.815076 -60.9029 -71.7901 -54.5366
0.706002 -48.9429 -58.6863 -44.146
0.617711 -39.9159 -48.6683 -35.8852
0.54594 -33.037 -40.9738 -30.3752
0.48519 -27.5639 -34.7583 -25.4106
0.434368 -23.2479 -29.7998 -21.2114
0.391946 -19.8306 -25.8458 -18.7755
0.354395 -16.9704 -22.4757 -15.517
0.323361 -14.7119 -19.8124 -14.1835
0.294994 -12.7536 -17.4411 -11.7137
0.271566 -11.1989 -15.5734 -10.53
0.250506 -9.86356 -13.936 -9.26854
0.231969 -8.73569 -12.5441 -8.27251
0.215424 -7.76778 -11.3339 -7.32589
0.200772 -6.94293 -10.2924 -6.654
0.187464 -6.22146 -9.36949 -5.80846
0.175848 -5.61107 -8.58821 -5.3512
0.165145 -5.07034 -7.88291 -4.85741
0.15543 -4.59421 -7.25632 -4.40266
0.146625 -4.17579 -6.70141 -3.94333
0.138738 -3.81201 -6.21616 -3.6722
0.131394 -3.48333 -5.77196 -3.33709
0.12472 -3.19326 -5.3749 -3.0842
0.118551 -2.93236 -5.01632 -2.8009
0.11295 -2.70093 -4.69602 -2.59615
0.107757 -2.49223 -4.40326 -2.41987
0.102918 -2.30236 -4.13524 -2.12056
0.0986764 -2.13837 -3.90516 -2.12702
0.0944224 -1.97984 -3.67461 -1.90562
0.0906111 -1.83933 -3.47258 -1.76688
0.0870774 -1.71172 -3.28789 -1.68319
0.083711 -1.59315 -3.1132 -1.50789
0.0806952 -1.48782 -2.95958 -1.45514
0.0777849 -1.38858 -2.81227 -1.35537
0.0750742 -1.29779 -2.67584 -1.22874
0.0726167 -1.21584 -2.55423 -1.21274
0.0701912 -1.13718 -2.43431 -1.09048
0.0680103 -1.0664 -2.32816 -1.01457
0.0659811 -1.00063 -2.23027 -0.978893
0.0640234 -0.938294 -2.13565 -0.898765
0.0622258 -0.880605 -2.04959 -0.855198
0.0605154 -0.828357 -1.9682 -0.78572
0.058944 -0.778649 -1.89366 -0.773621
0.0573967 -0.730262 -1.82005 -0.70949
0.0559778 -0.685082 -1.75322 -0.653416
0.0546709 -0.643441 -1.69134 -0.614824
0.0534413 -0.60363 -1.63315 -0.611873
0.0522175 -0.564955 -1.57467 -0.522456
0.0511726 -0.529738 -1.52504 -0.521217
0.0501302 -0.495117 -1.47476 -0.469043
0.0491921 -0.462272 -1.42947 -0.440264
0.0483116 -0.430063 -1.38635 -0.402287
0.047507 -0.400333 -1.34633 -0.386208
0.0467346 -0.370019 -1.30702 -0.367216
0.0460002 -0.340268 -1.26935 -0.308134
0.0453839 -0.31275 -1.23655 -0.309183
0.0447655 -0.283847 -1.20268 -0.257157
0.0442512 -0.25625 -1.17304 -0.243009
0.0437652 -0.228713 -1.14408 -0.202564
0.0433601 -0.20172 -1.1181 -0.189502
0.0429811 -0.17315 -1.09175 -0.144639
0.0426918 -0.145348 -1.06881 -0.134178
0.0424234 -0.116666 -1.04633 -0.0924646
0.0422385 -0.0866264 -1.0255 -0.0805425
0.0420774 -0.0562554 -1.00491 -0.0349912
0.0420074 -0.0256757 -0.987912 -0.00696282
0.0419935 0.00846119 -0.970415 0.0515248
0.0420966 0.0448177 -0.956357 0.0561081
0.0422088 0.0810653 -0.942564 0.115356
0.0424395 0.120856 -0.930872 0.144275
