#1 rho_s 
#2 coeffs 
63.9139 0.1 1.00365 0.000482714 -4.33692e-16 1.82325e-16 0.000458104 1.88433e-18 -7.41293e-06 2.10352e-18 2.73907e-16 0.000437199 4.39401e-18 0.000112884 -4.87892e-16 -1.76645e-16 7.0339e-18 2.57269e-16 0.000419859 3.29695e-18 0.000158692 1.11964e-18 -9.94562e-06 2.07758e-18 6.88697e-17 1.59296e-18 7.57438e-16 
0.921662 0.1 -7.99635 -7.62224 -3.14534 3.02388 -8.99954 9 8.99999 9 -8.93098 -8.48361 -5.81806 -7.51715 -6.78932 4.45015 2.61136 -3.38219 -8.41189 1.93927 -7.45307 4.00557 3.93357 -5.86997 1.22213 2.23031 0.844105 
1.08533 0.1 -7.99635 -4.33199 -0.592447 0.55437 -8.99954 7.27049 8.36535 7.26621 -7.00588 -5.97603 -2.08443 -4.15961 -3.11869 1.13536 0.43741 -0.671969 -5.82246 0.281874 -4.05752 0.919213 0.887543 -2.13096 0.153773 0.34444 0.0987138 
0.967394 0.1 -7.99635 -1.07403 -0.0660601 0.0613748 -7.83606 3.77797 5.72405 3.77162 -3.40206 -2.22881 -0.312227 -0.989909 -0.583941 0.140451 0.0473818 -0.0760568 -2.08829 0.0296694 -0.942521 0.109055 0.104651 -0.32231 0.0158112 0.0366748 0.010049 
1.02633 0.1 -6.79533 -0.130878 -0.00668521 0.00620581 -4.70059 0.822029 2.00242 0.819438 -0.678973 -0.34376 -0.0330482 -0.118955 -0.0650079 0.0144065 0.00477883 -0.0077108 -0.312727 0.00298284 -0.112186 0.0111225 0.0106559 -0.0341788 0.00158563 0.0036918 0.00100672 
0.783971 0.1 -3.81822 -0.014539 -0.000747667 0.000693992 -1.38684 0.106697 0.327198 0.106309 -0.0858059 -0.0404651 -0.00371345 -0.0134732 -0.00734632 0.00161342 0.000534279 -0.000862525 -0.0365834 0.000333379 -0.0126448 0.00124491 0.00118376 -0.00384126 0.000177175 0.000412668 0.000112477 
0.630318 0.1 -1.44592 -0.00311472 -0.000178664 0.000165836 -0.410434 0.0259117 0.0821839 0.0258159 -0.0207718 -0.00939683 -0.000887771 -0.00314001 -0.00175725 0.000385597 0.000127668 -0.000206114 -0.00847146 7.96596e-05 -0.00290647 0.000297508 0.000275323 -0.000918345 4.23343e-05 9.86066e-05 2.6875e-05 
0.0962547 0.1 -0.137969 -0.000735897 -6.0494e-05 5.61506e-05 -0.146429 0.0088034 0.0281254 0.00877075 -0.00705235 -0.00289678 -0.00030062 -0.000988968 -0.000595115 0.000130563 4.3227e-05 -6.97887e-05 -0.00259414 2.69717e-05 -0.000879544 0.000100735 8.66455e-05 -0.000310975 1.43338e-05 3.3387e-05 9.09946e-06 
0.114367 0.1 0.49449 9.16657e-06 -2.35044e-05 2.18168e-05 -0.0576464 0.00342414 0.0109609 0.00341143 -0.00274247 -0.000858706 -0.000116807 -0.000315285 -0.000231242 5.07297e-05 1.67954e-05 -2.71158e-05 -0.000751626 1.04796e-05 -0.000244754 3.914e-05 2.75842e-05 -0.00012083 5.56923e-06 1.29722e-05 3.53549e-06 
0.291418 0.1 0.787534 0.000293562 -9.38798e-06 8.71393e-06 -0.022912 0.00136821 0.00437926 0.00136313 -0.00109574 -8.04823e-05 -4.66547e-05 -5.81407e-05 -9.23634e-05 2.02622e-05 6.70832e-06 -1.08304e-05 -4.81131e-05 4.18569e-06 -2.45726e-06 1.56331e-05 5.04432e-06 -4.82618e-05 2.22442e-06 5.18126e-06 1.41212e-06 
1.42237 0.1 0.920281 0.000411685 -3.52525e-06 3.27214e-06 -0.00834316 0.000513859 0.00164071 0.00051195 -0.000411513 0.000242794 -1.75192e-05 4.86621e-05 -3.46834e-05 7.6086e-06 2.51902e-06 -4.0669e-06 0.000244122 1.57175e-06 9.81781e-05 5.87033e-06 -4.3168e-06 -1.81227e-05 8.35285e-07 1.9456e-06 5.3026e-07 
11.804 0.1 0.977684 0.000460844 -1.08541e-06 1.00747e-06 -0.00225506 0.000158226 0.000500152 0.000157638 -0.00012671 0.000377341 -5.3941e-06 9.31105e-05 -1.06789e-05 2.34265e-06 7.75593e-07 -1.25218e-06 0.000365749 4.83934e-07 0.00014006 1.80745e-06 -8.21254e-06 -5.5799e-06 2.5718e-07 5.9904e-07 1.63264e-07 
58.8429 0.1 0.998364 0.000478279 -2.2011e-07 2.04306e-07 -9.23391e-05 3.20875e-05 9.55248e-05 3.19683e-05 -2.56961e-05 0.000425061 -1.09387e-06 0.000108874 -2.16558e-06 4.75068e-07 1.57283e-07 -2.5393e-07 0.000408886 9.81373e-08 0.000154913 3.66533e-07 -9.59417e-06 -1.13155e-06 5.21536e-08 1.2148e-07 3.31085e-08 
65.2261 0.1 1.00214 0.000481446 -6.29176e-08 5.84002e-08 0.000300749 9.17212e-06 2.20118e-05 9.13804e-06 -7.34516e-06 0.00043373 -3.12679e-07 0.000111738 -6.19024e-07 1.35796e-07 4.49587e-08 -7.25848e-08 0.000416722 2.80521e-08 0.000157612 1.04772e-07 -9.84516e-06 -3.2345e-07 1.49079e-08 3.47245e-08 9.46392e-09 
64.7255 0.1 1.00125 0.000478596 -1.24273e-07 2.53321e-08 -0.000750851 -0.000197587 -0.000115198 -0.000164934 3.47641e-05 0.000425046 2.29436e-07 0.000109282 -4.60421e-07 1.13724e-06 6.9797e-07 -4.58027e-07 0.000409231 3.26593e-07 0.000153581 9.38379e-08 -1.23239e-05 -9.28446e-07 6.11231e-07 -4.05749e-07 4.32709e-07 
65.2381 0.1 1.00202 0.000481061 -7.12096e-08 5.39311e-08 0.000158604 -1.87716e-05 3.46796e-06 -1.43879e-05 -1.65421e-06 0.000432556 -2.39414e-07 0.000111406 -5.97589e-07 2.71138e-07 1.33211e-07 -1.24676e-07 0.00041571 6.83988e-08 0.000157067 1.03294e-07 -1.01802e-05 -4.05213e-07 9.54988e-08 -2.48039e-08 6.6664e-08 
65.2445 0.1 1.00206 0.000480885 -5.39762e-08 6.76093e-08 8.7863e-05 -1.25983e-05 -5.91587e-06 1.52355e-05 1.47974e-05 0.000431994 -2.47717e-07 0.000111256 -5.97061e-07 2.85657e-07 1.58985e-08 -1.69966e-07 0.000415186 1.07014e-07 0.000156874 1.35356e-07 -1.02133e-05 -3.91986e-07 5.21683e-08 4.27878e-08 3.69128e-08 
65.0817 0.1 1.00154 0.000478421 -3.75038e-08 -7.33344e-08 -0.000269822 -4.92898e-05 0.000104546 -3.30406e-05 -2.09585e-05 0.000423656 -2.556e-07 0.000109597 -3.06513e-07 9.75221e-08 -1.10892e-07 -4.58207e-07 0.000408368 1.42875e-07 0.000153171 -3.05165e-08 -1.02258e-05 -9.05772e-07 9.99346e-08 -4.02977e-07 -1.11409e-07 
65.2368 0.1 1.00201 0.000480638 -5.2329e-08 5.35149e-08 5.20925e-05 -1.62674e-05 5.13067e-06 1.04079e-05 1.12217e-05 0.00043116 -2.48505e-07 0.00011109 -5.68007e-07 2.66843e-07 3.21944e-09 -1.9879e-07 0.000414505 1.106e-07 0.000156504 1.18769e-07 -1.02145e-05 -4.43364e-07 5.69449e-08 -1.78871e-09 2.20806e-08 
65.2439 0.1 1.00205 0.000480853 -5.37639e-08 6.57927e-08 8.32525e-05 -1.30712e-05 -4.49206e-06 1.46133e-05 1.43365e-05 0.000431887 -2.47819e-07 0.000111234 -5.93317e-07 2.83232e-07 1.42642e-08 -1.73681e-07 0.000415099 1.07476e-07 0.000156827 1.33218e-07 -1.02134e-05 -3.98608e-07 5.27839e-08 3.70423e-08 3.50011e-08 
65.2415 0.1 1.00206 0.000480879 -5.3938e-08 6.72828e-08 8.70343e-05 -1.26833e-05 -5.65995e-06 1.51237e-05 1.47145e-05 0.000431975 -2.47735e-07 0.000111252 -5.96388e-07 2.85221e-07 1.56047e-08 -1.70633e-07 0.000415171 1.07097e-07 0.000156866 1.34972e-07 -1.02133e-05 -3.93176e-07 5.22789e-08 4.17551e-08 3.65692e-08 
65.237 0.1 1.00206 0.000480884 -5.39724e-08 6.75766e-08 8.77801e-05 -1.26068e-05 -5.89027e-06 1.52243e-05 1.47891e-05 0.000431992 -2.47719e-07 0.000111255 -5.96994e-07 2.85613e-07 1.58691e-08 -1.70032e-07 0.000415185 1.07022e-07 0.000156874 1.35318e-07 -1.02133e-05 -3.92105e-07 5.21793e-08 4.26845e-08 3.68785e-08 
65.2416 0.1 1.00206 0.000480884 -5.39758e-08 6.7606e-08 8.78547e-05 -1.25991e-05 -5.91331e-06 1.52344e-05 1.47965e-05 0.000431994 -2.47717e-07 0.000111256 -5.97055e-07 2.85653e-07 1.58955e-08 -1.69972e-07 0.000415186 1.07015e-07 0.000156874 1.35352e-07 -1.02133e-05 -3.91998e-07 5.21694e-08 4.27775e-08 3.69094e-08 
65.2448 0.1 1.00206 0.000480885 -5.39762e-08 6.7609e-08 8.78622e-05 -1.25983e-05 -5.91561e-06 1.52354e-05 1.47973e-05 0.000431994 -2.47717e-07 0.000111256 -5.97061e-07 2.85656e-07 1.58982e-08 -1.69966e-07 0.000415186 1.07014e-07 0.000156874 1.35356e-07 -1.02133e-05 -3.91987e-07 5.21684e-08 4.27868e-08 3.69125e-08 
