#1 rho_s 
#2 coeffs 
108.014 0.02 0 1 0 1 0 0 0 0 0 0 0 0 0 0 0 0 0 0 0 0 0 0 0 0 0 
105.872 0.02 -0.0087059 1.00003 1.38377e-05 0.999969 1.35899e-06 2.34898e-06 0.00311741 2.139e-06 0.00350835 -1.01236e-05 1.55435e-05 6.76818e-05 7.24637e-05 -7.92654e-05 -1.61148e-05 -8.03574e-06 0.000995928 -3.65381e-05 5.28531e-06 -6.25363e-05 -0.000740086 6.56341e-05 -0.000782001 -2.41226e-05 1.81683e-06 
101.663 0.02 -0.0174118 1.00007 2.76755e-05 0.999939 2.71797e-06 4.69796e-06 0.00623483 4.278e-06 0.00701671 -2.02473e-05 3.10869e-05 0.000135364 0.000144927 -0.000158531 -3.22295e-05 -1.60715e-05 0.00199186 -7.30762e-05 1.05706e-05 -0.000125073 -0.00148017 0.000131268 -0.001564 -4.82452e-05 3.63366e-06 
93.4005 0.02 -0.0261177 1.0001 4.15132e-05 0.999908 4.07696e-06 7.04694e-06 0.00935224 6.417e-06 0.0105251 -3.03709e-05 4.66304e-05 0.000203045 0.000217391 -0.000237796 -4.83443e-05 -2.41072e-05 0.00298778 -0.000109614 1.58559e-05 -0.000187609 -0.00222026 0.000196902 -0.002346 -7.23678e-05 5.45049e-06 
81.5057 0.02 -0.0348236 1.00014 5.5351e-05 0.999877 5.43594e-06 9.39592e-06 0.0124697 8.556e-06 0.0140334 -4.04945e-05 6.21739e-05 0.000270727 0.000289855 -0.000317062 -6.44591e-05 -3.2143e-05 0.00398371 -0.000146152 2.11412e-05 -0.000250145 -0.00296034 0.000262536 -0.003128 -9.64905e-05 7.26732e-06 
72.8966 0.02 -0.0435295 1.00017 6.91887e-05 0.999847 6.79493e-06 1.17449e-05 0.0155871 1.0695e-05 0.0175418 -5.06182e-05 7.77173e-05 0.000338409 0.000362318 -0.000396327 -8.05738e-05 -4.01787e-05 0.00497964 -0.00018269 2.64265e-05 -0.000312682 -0.00370043 0.00032817 -0.00391001 -0.000120613 9.08415e-06 
65.0542 0.02 -0.0522354 1.00021 8.30264e-05 0.999816 8.15391e-06 1.40939e-05 0.0187045 1.2834e-05 0.0210501 -6.07418e-05 9.32608e-05 0.000406091 0.000434782 -0.000475592 -9.66886e-05 -4.82144e-05 0.00597557 -0.000219229 3.17118e-05 -0.000375218 -0.00444052 0.000393805 -0.00469201 -0.000144736 1.0901e-05 
64.0732 0.02 -0.0609413 1.00024 9.68642e-05 0.999785 9.5129e-06 1.64429e-05 0.0218219 1.4973e-05 0.0245585 -7.08654e-05 0.000108804 0.000473773 0.000507246 -0.000554858 -0.000112803 -5.62502e-05 0.00697149 -0.000255767 3.69972e-05 -0.000437754 -0.0051806 0.000459439 -0.00547401 -0.000168858 1.27178e-05 
65.6647 0.02 -0.0696472 1.00028 0.000110702 0.999755 1.08719e-05 1.87918e-05 0.0249393 1.7112e-05 0.0280668 -8.09891e-05 0.000124348 0.000541454 0.000579709 -0.000634123 -0.000128918 -6.42859e-05 0.00796742 -0.000292305 4.22825e-05 -0.000500291 -0.00592069 0.000525073 -0.00625601 -0.000192981 1.45346e-05 
71.2838 0.02 -0.0783531 1.00031 0.00012454 0.999724 1.22309e-05 2.11408e-05 0.0280567 1.9251e-05 0.0315752 -9.11127e-05 0.000139891 0.000609136 0.000652173 -0.000713388 -0.000145033 -7.23216e-05 0.00896335 -0.000328843 4.75678e-05 -0.000562827 -0.00666077 0.000590707 -0.00703801 -0.000217104 1.63515e-05 
76.2022 0.02 -0.087059 1.00035 0.000138377 0.999693 1.35899e-05 2.34898e-05 0.0311741 2.139e-05 0.0350835 -0.000101236 0.000155435 0.000676818 0.000724637 -0.000792654 -0.000161148 -8.03574e-05 0.00995928 -0.000365381 5.28531e-05 -0.000625363 -0.00740086 0.000656341 -0.00782001 -0.000241226 1.81683e-05 
79.5586 0.02 -0.0957649 1.00038 0.000152215 0.999663 1.49488e-05 2.58388e-05 0.0342916 2.3529e-05 0.0385919 -0.00011136 0.000170978 0.0007445 0.0007971 -0.000871919 -0.000177262 -8.83931e-05 0.0109552 -0.000401919 5.81384e-05 -0.000687899 -0.00814095 0.000721975 -0.00860201 -0.000265349 1.99851e-05 
87.4947 0.02 -0.104471 1.00042 0.000166053 0.999632 1.63078e-05 2.81878e-05 0.037409 2.5668e-05 0.0421002 -0.000121484 0.000186522 0.000812182 0.000869564 -0.000951185 -0.000193377 -9.64289e-05 0.0119511 -0.000438457 6.34237e-05 -0.000750436 -0.00888103 0.000787609 -0.00938401 -0.000289471 2.1802e-05 
88.4103 0.02 -0.113177 1.00045 0.000179891 0.999601 1.76668e-05 3.05368e-05 0.0405264 2.7807e-05 0.0456086 -0.000131607 0.000202065 0.000879864 0.000942028 -0.00103045 -0.000209492 -0.000104465 0.0129471 -0.000474995 6.8709e-05 -0.000812972 -0.00962112 0.000853243 -0.010166 -0.000313594 2.36188e-05 
90.8997 0.02 -0.121883 1.00049 0.000193728 0.999571 1.90258e-05 3.28857e-05 0.0436438 2.9946e-05 0.0491169 -0.000141731 0.000217609 0.000947545 0.00101449 -0.00110972 -0.000225607 -0.0001125 0.013943 -0.000511533 7.39943e-05 -0.000875508 -0.0103612 0.000918877 -0.010948 -0.000337717 2.54356e-05 
95.7368 0.02 -0.130589 1.00052 0.000207566 0.99954 2.03848e-05 3.52347e-05 0.0467612 3.2085e-05 0.0526253 -0.000151854 0.000233152 0.00101523 0.00108696 -0.00118898 -0.000241721 -0.000120536 0.0149389 -0.000548071 7.92796e-05 -0.000938045 -0.0111013 0.000984511 -0.01173 -0.000361839 2.72525e-05 
97.0989 0.02 -0.139294 1.00056 0.000221404 0.999509 2.17438e-05 3.75837e-05 0.0498786 3.4224e-05 0.0561336 -0.000161978 0.000248695 0.00108291 0.00115942 -0.00126825 -0.000257836 -0.000128572 0.0159348 -0.00058461 8.45649e-05 -0.00100058 -0.0118414 0.00105015 -0.012512 -0.000385962 2.90693e-05 
95.4694 0.02 -0.148 1.00059 0.000235242 0.999479 2.31027e-05 3.99327e-05 0.052996 3.6363e-05 0.059642 -0.000172102 0.000264239 0.00115059 0.00123188 -0.00134751 -0.000273951 -0.000136608 0.0169308 -0.000621148 8.98502e-05 -0.00106312 -0.0125815 0.00111578 -0.013294 -0.000410084 3.08861e-05 
101.109 0.02 -0.156706 1.00063 0.000249079 0.999448 2.44617e-05 4.22817e-05 0.0561134 3.8502e-05 0.0631503 -0.000182225 0.000279782 0.00121827 0.00130435 -0.00142678 -0.000290066 -0.000144643 0.0179267 -0.000657686 9.51355e-05 -0.00112565 -0.0133215 0.00118141 -0.014076 -0.000434207 3.2703e-05 
103.07 0.02 -0.165412 1.00066 0.000262917 0.999417 2.58207e-05 4.46306e-05 0.0592309 4.0641e-05 0.0666587 -0.000192349 0.000295326 0.00128595 0.00137681 -0.00150604 -0.000306181 -0.000152679 0.0189226 -0.000694224 0.000100421 -0.00118819 -0.0140616 0.00124705 -0.014858 -0.00045833 3.45198e-05 
102.374 0.02 -0.174118 1.0007 0.000276755 0.999387 2.71797e-05 4.69796e-05 0.0623483 4.278e-05 0.0701671 -0.000202473 0.000310869 0.00135364 0.00144927 -0.00158531 -0.000322295 -0.000160715 0.0199186 -0.000730762 0.000105706 -0.00125073 -0.0148017 0.00131268 -0.01564 -0.000482452 3.63366e-05 
104.932 0.02 -0.182824 1.00073 0.000290593 0.999356 2.85387e-05 4.93286e-05 0.0654657 4.4919e-05 0.0736754 -0.000212596 0.000326413 0.00142132 0.00152174 -0.00166457 -0.00033841 -0.000168751 0.0209145 -0.0007673 0.000110991 -0.00131326 -0.0155418 0.00137832 -0.016422 -0.000506575 3.81534e-05 
105.007 0.02 -0.19153 1.00077 0.00030443 0.999325 2.98977e-05 5.16776e-05 0.0685831 4.7058e-05 0.0771838 -0.00022272 0.000341956 0.001489 0.0015942 -0.00174384 -0.000354525 -0.000176786 0.0219104 -0.000803838 0.000116277 -0.0013758 -0.0162819 0.00144395 -0.017204 -0.000530698 3.99703e-05 
107.08 0.02 -0.200236 1.0008 0.000318268 0.999295 3.12567e-05 5.40266e-05 0.0717005 4.9197e-05 0.0806921 -0.000232844 0.0003575 0.00155668 0.00166666 -0.0018231 -0.00037064 -0.000184822 0.0229063 -0.000840376 0.000121562 -0.00143834 -0.017022 0.00150958 -0.017986 -0.00055482 4.17871e-05 
104.138 0.02 -0.208942 1.00084 0.000332106 0.999264 3.26156e-05 5.63755e-05 0.0748179 5.1336e-05 0.0842005 -0.000242967 0.000373043 0.00162436 0.00173913 -0.00190237 -0.000386754 -0.000192858 0.0239023 -0.000876914 0.000126847 -0.00150087 -0.0177621 0.00157522 -0.018768 -0.000578943 4.36039e-05 
107.572 0.02 -0.217648 1.00087 0.000345944 0.999233 3.39746e-05 5.87245e-05 0.0779353 5.3475e-05 0.0877088 -0.000253091 0.000388587 0.00169205 0.00181159 -0.00198163 -0.000402869 -0.000200893 0.0248982 -0.000913452 0.000132133 -0.00156341 -0.0185022 0.00164085 -0.01955 -0.000603065 4.54208e-05 
103.528 0.02 -0.226353 1.00091 0.000359781 0.999203 3.53336e-05 6.10735e-05 0.0810528 5.5614e-05 0.0912172 -0.000263214 0.00040413 0.00175973 0.00188406 -0.0020609 -0.000418984 -0.000208929 0.0258941 -0.000949991 0.000137418 -0.00162594 -0.0192422 0.00170649 -0.020332 -0.000627188 4.72376e-05 
93.5561 0.02 -0.235059 1.00094 0.000373619 0.999172 3.66926e-05 6.34225e-05 0.0841702 5.7753e-05 0.0947255 -0.000273338 0.000419674 0.00182741 0.00195652 -0.00214017 -0.000435099 -0.000216965 0.0268901 -0.000986529 0.000142703 -0.00168848 -0.0199823 0.00177212 -0.021114 -0.000651311 4.90544e-05 
87.2926 0.02 -0.243765 1.00098 0.000387457 0.999141 3.80516e-05 6.57715e-05 0.0872876 5.9892e-05 0.0982339 -0.000283462 0.000435217 0.00189509 0.00202898 -0.00221943 -0.000451213 -0.000225001 0.027886 -0.00102307 0.000147989 -0.00175102 -0.0207224 0.00183775 -0.021896 -0.000675433 5.08713e-05 
77.4351 0.02 -0.252471 1.00101 0.000401294 0.999111 3.94106e-05 6.81204e-05 0.090405 6.2031e-05 0.101742 -0.000293585 0.000450761 0.00196277 0.00210145 -0.0022987 -0.000467328 -0.000233036 0.0288819 -0.0010596 0.000153274 -0.00181355 -0.0214625 0.00190339 -0.022678 -0.000699556 5.26881e-05 
70.8002 0.02 -0.261177 1.00104 0.000415132 0.99908 4.07696e-05 7.04694e-05 0.0935224 6.417e-05 0.105251 -0.000303709 0.000466304 0.00203045 0.00217391 -0.00237796 -0.000483443 -0.000241072 0.0298778 -0.00109614 0.000158559 -0.00187609 -0.0222026 0.00196902 -0.02346 -0.000723678 5.45049e-05 
64.1994 0.02 -0.269883 1.00108 0.00042897 0.999049 4.21285e-05 7.28184e-05 0.0966398 6.6309e-05 0.108759 -0.000313833 0.000481847 0.00209814 0.00224637 -0.00245723 -0.000499558 -0.000249108 0.0308738 -0.00113268 0.000163845 -0.00193863 -0.0229427 0.00203466 -0.024242 -0.000747801 5.63217e-05 
64.3385 0.02 -0.278589 1.00111 0.000442808 0.999019 4.34875e-05 7.51674e-05 0.0997572 6.8448e-05 0.112267 -0.000323956 0.000497391 0.00216582 0.00231884 -0.00253649 -0.000515672 -0.000257144 0.0318697 -0.00116922 0.00016913 -0.00200116 -0.0236828 0.00210029 -0.025024 -0.000771924 5.81386e-05 
61.3002 0.02 -0.287295 1.00115 0.000456645 0.998988 4.48465e-05 7.75164e-05 0.102875 7.0587e-05 0.115776 -0.00033408 0.000512934 0.0022335 0.0023913 -0.00261576 -0.000531787 -0.000265179 0.0328656 -0.00120576 0.000174415 -0.0020637 -0.0244228 0.00216593 -0.025806 -0.000796046 5.99554e-05 
65.5582 0.02 -0.296001 1.00118 0.000470483 0.998957 4.62055e-05 7.98654e-05 0.105992 7.2726e-05 0.119284 -0.000344203 0.000528478 0.00230118 0.00246376 -0.00269502 -0.000547902 -0.000273215 0.0338615 -0.0012423 0.0001797 -0.00212623 -0.0251629 0.00223156 -0.026588 -0.000820169 6.17722e-05 
64.0305 0.02 -0.304707 1.00122 0.000484321 0.998927 4.75645e-05 8.22143e-05 0.109109 7.4865e-05 0.122792 -0.000354327 0.000544021 0.00236886 0.00253623 -0.00277429 -0.000564017 -0.000281251 0.0348575 -0.00127883 0.000184986 -0.00218877 -0.025903 0.00229719 -0.02737 -0.000844292 6.35891e-05 
64.044 0.02 -0.313413 1.00125 0.000498159 0.998896 4.89235e-05 8.45633e-05 0.112227 7.7004e-05 0.126301 -0.000364451 0.000559565 0.00243655 0.00260869 -0.00285355 -0.000580132 -0.000289287 0.0358534 -0.00131537 0.000190271 -0.00225131 -0.0266431 0.00236283 -0.028152 -0.000868414 6.54059e-05 
71.2359 0.02 -0.322118 1.00129 0.000511996 0.998865 5.02825e-05 8.69123e-05 0.115344 7.9143e-05 0.129809 -0.000374574 0.000575108 0.00250423 0.00268116 -0.00293282 -0.000596246 -0.000297322 0.0368493 -0.00135191 0.000195556 -0.00231384 -0.0273832 0.00242846 -0.028934 -0.000892537 6.72227e-05 
73.2724 0.02 -0.330824 1.00132 0.000525834 0.998835 5.16414e-05 8.92613e-05 0.118462 8.1282e-05 0.133317 -0.000384698 0.000590652 0.00257191 0.00275362 -0.00301208 -0.000612361 -0.000305358 0.0378453 -0.00138845 0.000200842 -0.00237638 -0.0281233 0.0024941 -0.029716 -0.000916659 6.90396e-05 
72.7128 0.02 -0.33953 1.00136 0.000539672 0.998804 5.30004e-05 9.16103e-05 0.121579 8.3421e-05 0.136826 -0.000394822 0.000606195 0.00263959 0.00282608 -0.00309135 -0.000628476 -0.000313394 0.0388412 -0.00142499 0.000206127 -0.00243892 -0.0288634 0.00255973 -0.030498 -0.000940782 7.08564e-05 
71.3433 0.02 -0.348236 1.00139 0.00055351 0.998773 5.43594e-05 9.39592e-05 0.124697 8.556e-05 0.140334 -0.000404945 0.000621739 0.00270727 0.00289855 -0.00317062 -0.000644591 -0.00032143 0.0398371 -0.00146152 0.000211412 -0.00250145 -0.0296034 0.00262536 -0.03128 -0.000964905 7.26732e-05 
