#1 rho_s 
#2 coeffs 
#alpha0=1 /2
108.463 0.02 0 1 0 1 0 0 0 0 0 0 0 0 0 0 0 0 0 0 0 0 0 0 0 0 0 
12.2059 0.02 -0.881068 0.996213 0.00245544 1.00413 0.000137258 -0.0263003 0.266078 0.0262522 0.35968 0.00245715 -0.00116449 -0.00200338 0.0252267 0.00279333 -0.0112269 0.00320871 0.103449 -0.00436208 -0.00052465 0.000169569 -0.066731 -0.00101468 -0.0783511 -0.00517581 5.13869e-05 
52.4787 0.02 -0.440534 0.998107 0.00122772 1.00206 6.86292e-05 -0.0131502 0.133039 0.0131261 0.17984 0.00122858 -0.000582247 -0.00100169 0.0126133 0.00139666 -0.00561343 0.00160436 0.0517247 -0.00218104 -0.000262325 8.47846e-05 -0.0333655 -0.000507341 -0.0391755 -0.00258791 2.56935e-05 
105.075 0.02 -0.220267 0.999053 0.000613861 1.00103 3.43146e-05 -0.00657508 0.0665196 0.00656305 0.08992 0.000614288 -0.000291124 -0.000500846 0.00630666 0.000698332 -0.00280672 0.000802178 0.0258624 -0.00109052 -0.000131162 4.23923e-05 -0.0166827 -0.00025367 -0.0195878 -0.00129395 1.28467e-05 
87.6191 0.02 -0.110134 0.999527 0.00030693 1.00052 1.71573e-05 -0.00328754 0.0332598 0.00328153 0.04496 0.000307144 -0.000145562 -0.000250423 0.00315333 0.000349166 -0.00140336 0.000401089 0.0129312 -0.00054526 -6.55812e-05 2.11961e-05 -0.00834137 -0.000126835 -0.00979388 -0.000646977 6.42337e-06 
63.4586 0.02 -0.0550668 0.999763 0.000153465 1.00026 8.57865e-06 -0.00164377 0.0166299 0.00164076 0.02248 0.000153572 -7.27809e-05 -0.000125212 0.00157667 0.000174583 -0.000701679 0.000200545 0.00646559 -0.00027263 -3.27906e-05 1.05981e-05 -0.00417069 -6.34176e-05 -0.00489694 -0.000323488 3.21168e-06 
91.6889 0.02 -0.0275334 0.999882 7.67326e-05 1.00013 4.28932e-06 -0.000821885 0.00831495 0.000820382 0.01124 7.6786e-05 -3.63905e-05 -6.26058e-05 0.000788333 8.72915e-05 -0.00035084 0.000100272 0.0032328 -0.000136315 -1.63953e-05 5.29904e-06 -0.00208534 -3.17088e-05 -0.00244847 -0.000161744 1.60584e-06 
104.057 0.02 -0.0137667 0.999941 3.83663e-05 1.00006 2.14466e-06 -0.000410942 0.00415747 0.000410191 0.00562 3.8393e-05 -1.81952e-05 -3.13029e-05 0.000394166 4.36458e-05 -0.00017542 5.01361e-05 0.0016164 -6.81575e-05 -8.19765e-06 2.64952e-06 -0.00104267 -1.58544e-05 -0.00122424 -8.08721e-05 8.02921e-07 
107.763 0.02 -0.00688335 0.99997 1.91831e-05 1.00003 1.07233e-06 -0.000205471 0.00207874 0.000205095 0.00281 1.91965e-05 -9.09761e-06 -1.56514e-05 0.000197083 2.18229e-05 -8.77099e-05 2.50681e-05 0.000808199 -3.40788e-05 -4.09883e-06 1.32476e-06 -0.000521336 -7.9272e-06 -0.000612118 -4.0436e-05 4.0146e-07 
108.172 0.02 -0.00344167 0.999985 9.59157e-06 1.00002 5.36165e-07 -0.000102736 0.00103937 0.000102548 0.001405 9.59825e-06 -4.54881e-06 -7.82572e-06 9.85416e-05 1.09114e-05 -4.38549e-05 1.2534e-05 0.0004041 -1.70394e-05 -2.04941e-06 6.6238e-07 -0.000260668 -3.9636e-06 -0.000306059 -2.0218e-05 2.0073e-07 
107.794 0.02 -0.00172084 0.999993 4.79579e-06 1.00001 2.68083e-07 -5.13678e-05 0.000519684 5.12738e-05 0.0007025 4.79912e-06 -2.2744e-06 -3.91286e-06 4.92708e-05 5.45572e-06 -2.19275e-05 6.26702e-06 0.00020205 -8.51969e-06 -1.02471e-06 3.3119e-07 -0.000130334 -1.9818e-06 -0.000153029 -1.0109e-05 1.00365e-07 
