#1 rho_s 
#2 coeffs 
1.49173 0.1 1.1 0.25 0.166667 0.125 0.1 0.0833333 0.0714286 0.0625 0.0555556 0.05 0.0454545 0.0416667 0.0384615 0.0357143 0.0333333 0.03125 
1.47927 0.1 0 0 0 0 2.60388 0 0 0.717549 0.783991 0.797997 0.652306 0 0.730358 0.745865 0.211799 0 
4.85692 0.1 0 0 0 0 1.80527 0 0 0.345504 0.435416 0.460004 0.27719 0 0.36704 0.389119 0.0584636 0 
5.09139 0.1 0 0 0 0.0167278 1.92698 0 0.0979522 0.375386 0.44416 0.452295 0.278724 0.0235692 0.397339 0.405522 0.0717849 0 
3.02096 0.1 0 0 0 0.111481 1.88514 0.0134185 0.120009 0.390875 0.441234 0.45433 0.290496 0.0435629 0.411305 0.407306 0.0780991 0.00857628 
3.2262 0.1 0 0 0 0.0530486 1.9113 0.0050272 0.106306 0.381204 0.443078 0.453047 0.283125 0.0311221 0.402575 0.406181 0.0741294 0.00319351 
6.13353 0.1 0 0 0 0.0281677 1.92209 0.00156801 0.10057 0.377203 0.443824 0.452528 0.280096 0.0259332 0.398973 0.405727 0.0725134 0.00099355 
4.14533 0.1 0 0.000170011 0 0.0392551 1.91842 0.00228218 0.100708 0.378138 0.443552 0.452567 0.280478 0.0266365 0.39925 0.405194 0.0727816 0.000549749 
3.46929 0.1 0 2.72918e-05 0 0.0299585 1.9215 0.00168278 0.100592 0.377353 0.443781 0.452534 0.280157 0.0260462 0.399017 0.405641 0.0725565 0.000922261 
5.99905 0.1 0 2.72922e-06 0 0.028347 1.92203 0.00157949 0.100572 0.377218 0.44382 0.452529 0.280102 0.0259445 0.398977 0.405718 0.0725177 0.000986421 
4.78247 0.1 0 2.72923e-07 0 0.0281857 1.92208 0.00156916 0.10057 0.377204 0.443824 0.452528 0.280096 0.0259343 0.398973 0.405726 0.0725139 0.000992837 
4.69073 0.1 0 2.72923e-08 0 0.0281695 1.92209 0.00156812 0.10057 0.377203 0.443824 0.452528 0.280096 0.0259333 0.398973 0.405726 0.0725135 0.000993479 
3.65544 0.1 0 2.72923e-09 0 0.0281679 1.92209 0.00156802 0.10057 0.377203 0.443824 0.452528 0.280096 0.0259332 0.398973 0.405727 0.0725134 0.000993543 
5.68763 0.1 0 2.72923e-10 0 0.0281678 1.92209 0.00156801 0.10057 0.377203 0.443824 0.452528 0.280096 0.0259332 0.398973 0.405727 0.0725134 0.00099355 
4.63419 0.1 0 2.72923e-11 0 0.0281677 1.92209 0.00156801 0.10057 0.377203 0.443824 0.452528 0.280096 0.0259332 0.398973 0.405727 0.0725134 0.00099355 
5.23286 0.1 0 2.72923e-12 0 0.0281677 1.92209 0.00156801 0.10057 0.377203 0.443824 0.452528 0.280096 0.0259332 0.398973 0.405727 0.0725134 0.00099355 
5.21534 0.1 0 2.72923e-13 0 0.0281677 1.92209 0.00156801 0.10057 0.377203 0.443824 0.452528 0.280096 0.0259332 0.398973 0.405727 0.0725134 0.00099355 
4.77264 0.1 0 2.72923e-14 0 0.0281677 1.92209 0.00156801 0.10057 0.377203 0.443824 0.452528 0.280096 0.0259332 0.398973 0.405727 0.0725134 0.00099355 
4.8867 0.1 0 2.72923e-15 0 0.0281677 1.92209 0.00156801 0.10057 0.377203 0.443824 0.452528 0.280096 0.0259332 0.398973 0.405727 0.0725134 0.00099355 
6.026 0.1 0 2.72923e-16 0 0.0281677 1.92209 0.00156801 0.10057 0.377203 0.443824 0.452528 0.280096 0.0259332 0.398973 0.405727 0.0725134 0.00099355 
2.45004 0.1 0 2.72923e-17 0 0.0281677 1.92209 0.00156801 0.10057 0.377203 0.443824 0.452528 0.280096 0.0259332 0.398973 0.405727 0.0725134 0.00099355 
4.38968 0.1 0 2.72923e-18 0 0.0281677 1.92209 0.00156801 0.10057 0.377203 0.443824 0.452528 0.280096 0.0259332 0.398973 0.405727 0.0725134 0.00099355 
5.07829 0.1 0 2.72923e-19 0 0.0281677 1.92209 0.00156801 0.10057 0.377203 0.443824 0.452528 0.280096 0.0259332 0.398973 0.405727 0.0725134 0.00099355 
4.479 0.1 0 2.72923e-20 0 0.0281677 1.92209 0.00156801 0.10057 0.377203 0.443824 0.452528 0.280096 0.0259332 0.398973 0.405727 0.0725134 0.00099355 
5.37726 0.1 0 2.72923e-21 0 0.0281677 1.92209 0.00156801 0.10057 0.377203 0.443824 0.452528 0.280096 0.0259332 0.398973 0.405727 0.0725134 0.00099355 
4.53361 0.1 0 2.72923e-22 0 0.0281677 1.92209 0.00156801 0.10057 0.377203 0.443824 0.452528 0.280096 0.0259332 0.398973 0.405727 0.0725134 0.00099355 
4.88082 0.1 0 2.72923e-23 0 0.0281677 1.92209 0.00156801 0.10057 0.377203 0.443824 0.452528 0.280096 0.0259332 0.398973 0.405727 0.0725134 0.00099355 
4.11701 0.1 0 2.72923e-24 0 0.0281677 1.92209 0.00156801 0.10057 0.377203 0.443824 0.452528 0.280096 0.0259332 0.398973 0.405727 0.0725134 0.00099355 
5.54722 0.1 0 2.72923e-25 0 0.0281677 1.92209 0.00156801 0.10057 0.377203 0.443824 0.452528 0.280096 0.0259332 0.398973 0.405727 0.0725134 0.00099355 
5.41604 0.1 0 2.72923e-26 0 0.0281677 1.92209 0.00156801 0.10057 0.377203 0.443824 0.452528 0.280096 0.0259332 0.398973 0.405727 0.0725134 0.00099355 
4.22442 0.1 0 2.72923e-27 0 0.0281677 1.92209 0.00156801 0.10057 0.377203 0.443824 0.452528 0.280096 0.0259332 0.398973 0.405727 0.0725134 0.00099355 
5.02235 0.1 0 2.72923e-28 0 0.0281677 1.92209 0.00156801 0.10057 0.377203 0.443824 0.452528 0.280096 0.0259332 0.398973 0.405727 0.0725134 0.00099355 
4.28272 0.1 0 2.72923e-29 0 0.0281677 1.92209 0.00156801 0.10057 0.377203 0.443824 0.452528 0.280096 0.0259332 0.398973 0.405727 0.0725134 0.00099355 
5.08149 0.1 0 2.72923e-30 0 0.0281677 1.92209 0.00156801 0.10057 0.377203 0.443824 0.452528 0.280096 0.0259332 0.398973 0.405727 0.0725134 0.00099355 
5.6119 0.1 0 2.72923e-31 0 0.0281677 1.92209 0.00156801 0.10057 0.377203 0.443824 0.452528 0.280096 0.0259332 0.398973 0.405727 0.0725134 0.00099355 
4.9041 0.1 0 2.72923e-32 0 0.0281677 1.92209 0.00156801 0.10057 0.377203 0.443824 0.452528 0.280096 0.0259332 0.398973 0.405727 0.0725134 0.00099355 
5.94281 0.1 0 2.72923e-33 0 0.0281677 1.92209 0.00156801 0.10057 0.377203 0.443824 0.452528 0.280096 0.0259332 0.398973 0.405727 0.0725134 0.00099355 
3.89173 0.1 0 2.72923e-34 0 0.0281677 1.92209 0.00156801 0.10057 0.377203 0.443824 0.452528 0.280096 0.0259332 0.398973 0.405727 0.0725134 0.00099355 
5.35462 0.1 0 2.72923e-35 0 0.0281677 1.92209 0.00156801 0.10057 0.377203 0.443824 0.452528 0.280096 0.0259332 0.398973 0.405727 0.0725134 0.00099355 
3.94877 0.1 0 2.72923e-36 0 0.0281677 1.92209 0.00156801 0.10057 0.377203 0.443824 0.452528 0.280096 0.0259332 0.398973 0.405727 0.0725134 0.00099355 
4.1254 0.1 0 2.72923e-37 0 0.0281677 1.92209 0.00156801 0.10057 0.377203 0.443824 0.452528 0.280096 0.0259332 0.398973 0.405727 0.0725134 0.00099355 
3.74855 0.1 0 2.72923e-38 0 0.0281677 1.92209 0.00156801 0.10057 0.377203 0.443824 0.452528 0.280096 0.0259332 0.398973 0.405727 0.0725134 0.00099355 
5.08566 0.1 0 2.72923e-39 0 0.0281677 1.92209 0.00156801 0.10057 0.377203 0.443824 0.452528 0.280096 0.0259332 0.398973 0.405727 0.0725134 0.00099355 
7.14222 0.1 0 2.72923e-40 0 0.0281677 1.92209 0.00156801 0.10057 0.377203 0.443824 0.452528 0.280096 0.0259332 0.398973 0.405727 0.0725134 0.00099355 
4.35033 0.1 4.07332e-37 8.50134e-38 8.39304e-38 0.0281677 1.92209 0.00156801 0.10057 0.377203 0.443824 0.452528 0.280096 0.0259332 0.398973 0.405727 0.0725134 0.00099355 
5.73369 0.1 4.07332e-38 8.74697e-39 8.39304e-39 0.0281677 1.92209 0.00156801 0.10057 0.377203 0.443824 0.452528 0.280096 0.0259332 0.398973 0.405727 0.0725134 0.00099355 
5.84032 0.1 4.07332e-39 1.12033e-39 8.39304e-40 0.0281677 1.92209 0.00156801 0.10057 0.377203 0.443824 0.452528 0.280096 0.0259332 0.398973 0.405727 0.0725134 0.00099355 
4.29313 0.1 4.07332e-40 3.57663e-40 8.39304e-41 0.0281677 1.92209 0.00156801 0.10057 0.377203 0.443824 0.452528 0.280096 0.0259332 0.398973 0.405727 0.0725134 0.00099355 
5.04525 0.1 4.07332e-41 2.81397e-40 8.39304e-42 0.0281677 1.92209 0.00156801 0.10057 0.377203 0.443824 0.452528 0.280096 0.0259332 0.398973 0.405727 0.0725134 0.00099355 
5.13505 0.1 4.07332e-42 2.7377e-40 8.39304e-43 0.0281677 1.92209 0.00156801 0.10057 0.377203 0.443824 0.452528 0.280096 0.0259332 0.398973 0.405727 0.0725134 0.00099355 
3.6471 0.1 4.07332e-43 2.73008e-40 8.39304e-44 0.0281677 1.92209 0.00156801 0.10057 0.377203 0.443824 0.452528 0.280096 0.0259332 0.398973 0.405727 0.0725134 0.00099355 
5.39076 0.1 4.07332e-44 2.72931e-40 8.39304e-45 0.0281677 1.92209 0.00156801 0.10057 0.377203 0.443824 0.452528 0.280096 0.0259332 0.398973 0.405727 0.0725134 0.00099355 
5.0716 0.1 4.07332e-45 2.72924e-40 8.39304e-46 0.0281677 1.92209 0.00156801 0.10057 0.377203 0.443824 0.452528 0.280096 0.0259332 0.398973 0.405727 0.0725134 0.00099355 
6.20453 0.1 4.07332e-46 2.72923e-40 8.39304e-47 0.0281677 1.92209 0.00156801 0.10057 0.377203 0.443824 0.452528 0.280096 0.0259332 0.398973 0.405727 0.0725134 0.00099355 
5.02079 0.1 4.07332e-47 2.72923e-40 8.39304e-48 0.0281677 1.92209 0.00156801 0.10057 0.377203 0.443824 0.452528 0.280096 0.0259332 0.398973 0.405727 0.0725134 0.00099355 
3.93379 0.1 4.07332e-48 2.72923e-40 8.39304e-49 0.0281677 1.92209 0.00156801 0.10057 0.377203 0.443824 0.452528 0.280096 0.0259332 0.398973 0.405727 0.0725134 0.00099355 
4.36617 0.1 4.07332e-49 2.72923e-40 8.39304e-50 0.0281677 1.92209 0.00156801 0.10057 0.377203 0.443824 0.452528 0.280096 0.0259332 0.398973 0.405727 0.0725134 0.00099355 
5.08805 0.1 4.07332e-50 2.72923e-40 8.39304e-51 0.0281677 1.92209 0.00156801 0.10057 0.377203 0.443824 0.452528 0.280096 0.0259332 0.398973 0.405727 0.0725134 0.00099355 
2.93747 0.1 4.07332e-51 2.72923e-40 8.39304e-52 0.0281677 1.92209 0.00156801 0.10057 0.377203 0.443824 0.452528 0.280096 0.0259332 0.398973 0.405727 0.0725134 0.00099355 
3.80791 0.1 4.07332e-52 2.72923e-40 8.39304e-53 0.0281677 1.92209 0.00156801 0.10057 0.377203 0.443824 0.452528 0.280096 0.0259332 0.398973 0.405727 0.0725134 0.00099355 
3.37056 0.1 4.07332e-53 2.72923e-40 8.39304e-54 0.0281677 1.92209 0.00156801 0.10057 0.377203 0.443824 0.452528 0.280096 0.0259332 0.398973 0.405727 0.0725134 0.00099355 
4.52996 0.1 4.07332e-54 2.72923e-40 8.39304e-55 0.0281677 1.92209 0.00156801 0.10057 0.377203 0.443824 0.452528 0.280096 0.0259332 0.398973 0.405727 0.0725134 0.00099355 
4.90912 0.1 4.07332e-55 2.72923e-40 8.39304e-56 0.0281677 1.92209 0.00156801 0.10057 0.377203 0.443824 0.452528 0.280096 0.0259332 0.398973 0.405727 0.0725134 0.00099355 
3.89656 0.1 4.07332e-56 2.72923e-40 8.39304e-57 0.0281677 1.92209 0.00156801 0.10057 0.377203 0.443824 0.452528 0.280096 0.0259332 0.398973 0.405727 0.0725134 0.00099355 
4.53732 0.1 4.07332e-57 2.72923e-40 8.39304e-58 0.0281677 1.92209 0.00156801 0.10057 0.377203 0.443824 0.452528 0.280096 0.0259332 0.398973 0.405727 0.0725134 0.00099355 
5.39201 0.1 4.07332e-58 2.72923e-40 8.39304e-59 0.0281677 1.92209 0.00156801 0.10057 0.377203 0.443824 0.452528 0.280096 0.0259332 0.398973 0.405727 0.0725134 0.00099355 
5.39913 0.1 4.07332e-59 2.72923e-40 8.39304e-60 0.0281677 1.92209 0.00156801 0.10057 0.377203 0.443824 0.452528 0.280096 0.0259332 0.398973 0.405727 0.0725134 0.00099355 
4.87463 0.1 4.07332e-60 2.72923e-40 8.39304e-61 0.0281677 1.92209 0.00156801 0.10057 0.377203 0.443824 0.452528 0.280096 0.0259332 0.398973 0.405727 0.0725134 0.00099355 
5.07872 0.1 4.07332e-61 2.72923e-40 8.39304e-62 0.0281677 1.92209 0.00156801 0.10057 0.377203 0.443824 0.452528 0.280096 0.0259332 0.398973 0.405727 0.0725134 0.00099355 
4.30961 0.1 4.07332e-62 2.72923e-40 8.39304e-63 0.0281677 1.92209 0.00156801 0.10057 0.377203 0.443824 0.452528 0.280096 0.0259332 0.398973 0.405727 0.0725134 0.00099355 
4.31516 0.1 4.07332e-63 2.72923e-40 8.39304e-64 0.0281677 1.92209 0.00156801 0.10057 0.377203 0.443824 0.452528 0.280096 0.0259332 0.398973 0.405727 0.0725134 0.00099355 
4.69655 0.1 4.07332e-64 2.72923e-40 8.39304e-65 0.0281677 1.92209 0.00156801 0.10057 0.377203 0.443824 0.452528 0.280096 0.0259332 0.398973 0.405727 0.0725134 0.00099355 
5.29047 0.1 4.07332e-65 2.72923e-40 8.39304e-66 0.0281677 1.92209 0.00156801 0.10057 0.377203 0.443824 0.452528 0.280096 0.0259332 0.398973 0.405727 0.0725134 0.00099355 
5.2059 0.1 4.07332e-66 2.72923e-40 8.39304e-67 0.0281677 1.92209 0.00156801 0.10057 0.377203 0.443824 0.452528 0.280096 0.0259332 0.398973 0.405727 0.0725134 0.00099355 
4.19222 0.1 4.07332e-67 2.72923e-40 8.39304e-68 0.0281677 1.92209 0.00156801 0.10057 0.377203 0.443824 0.452528 0.280096 0.0259332 0.398973 0.405727 0.0725134 0.00099355 
5.32711 0.1 4.07332e-68 2.72923e-40 8.39304e-69 0.0281677 1.92209 0.00156801 0.10057 0.377203 0.443824 0.452528 0.280096 0.0259332 0.398973 0.405727 0.0725134 0.00099355 
4.75088 0.1 4.07332e-69 2.72923e-40 8.39304e-70 0.0281677 1.92209 0.00156801 0.10057 0.377203 0.443824 0.452528 0.280096 0.0259332 0.398973 0.405727 0.0725134 0.00099355 
4.67985 0.1 4.07332e-70 2.72923e-40 8.39304e-71 0.0281677 1.92209 0.00156801 0.10057 0.377203 0.443824 0.452528 0.280096 0.0259332 0.398973 0.405727 0.0725134 0.00099355 
5.10007 0.1 4.07332e-71 2.72923e-40 8.39304e-72 0.0281677 1.92209 0.00156801 0.10057 0.377203 0.443824 0.452528 0.280096 0.0259332 0.398973 0.405727 0.0725134 0.00099355 
4.5562 0.1 4.07332e-72 2.72923e-40 8.39304e-73 0.0281677 1.92209 0.00156801 0.10057 0.377203 0.443824 0.452528 0.280096 0.0259332 0.398973 0.405727 0.0725134 0.00099355 
3.31179 0.1 4.07332e-73 2.72923e-40 8.39304e-74 0.0281677 1.92209 0.00156801 0.10057 0.377203 0.443824 0.452528 0.280096 0.0259332 0.398973 0.405727 0.0725134 0.00099355 
5.63197 0.1 4.07332e-74 2.72923e-40 8.39304e-75 0.0281677 1.92209 0.00156801 0.10057 0.377203 0.443824 0.452528 0.280096 0.0259332 0.398973 0.405727 0.0725134 0.00099355 
5.70857 0.1 4.07332e-75 2.72923e-40 8.39304e-76 0.0281677 1.92209 0.00156801 0.10057 0.377203 0.443824 0.452528 0.280096 0.0259332 0.398973 0.405727 0.0725134 0.00099355 
