 #1 Rho_s
 #2 Dfdx_t (Theoretical gradients using SIE) 
 #3 Dfdx_s (Simulation gradients using forward diff)
0.388821 -1.22188 -1.1779
0.377042 -1.42668 -1.26967
0.364346 -0.620011 -0.526949
0.359076 0.210895 0.160176
0.360678 1.12712 0.978516
0.370463 0.92212 1.00493
0.380512 0.112966 0.132167
0.381834 -0.329628 -0.363494
0.378199 -3.90912 -3.69492
0.34125 -1.09933 -1.06554
0.330595 -1.34717 -1.2338
0.318257 -0.542959 -0.565589
0.312601 0.128011 0.136853
0.313969 0.855351 0.933748
0.323307 0.756551 0.617681
0.329483 0.063287 0.162855
0.331112 -0.25441 -0.374836
0.327364 -3.28018 -3.02457
0.297118 -0.958381 -0.955693
0.287561 -1.2404 -1.05069
0.277054 -0.460313 -0.509739
0.271957 0.0768858 0.0709442
0.272666 0.620995 0.653233
0.279199 0.596974 0.601862
0.285217 0.0313922 -0.0592354
0.284625 -0.180291 -0.154934
0.283076 -2.70074 -2.52763
0.257799 -0.811919 -0.717167
0.250628 -1.10593 -0.970538
0.240922 -0.377382 -0.391863
0.237004 0.0515714 0.0427298
0.237431 0.441372 0.403179
0.241463 0.462986 0.489605
0.246359 0.0182078 -0.0248462
0.24611 -0.115719 -0.114412
0.244966 -2.1574 -1.98636
0.225102 -0.658725 -0.582324
0.219279 -0.9302 -0.820987
0.211069 -0.295218 -0.306904
0.208 0.05012 0.0543855
0.208544 0.325761 0.298744
0.211532 0.377747 0.405831
0.21559 0.0266058 0.00182166
0.215608 -0.0621999 -0.111894
0.214489 -1.6324 -1.44341
0.200055 -0.494903 -0.448904
0.195566 -0.702941 -0.575149
0.189815 -0.215261 -0.224697
0.187568 0.0770563 0.0537658
0.188105