#1 rho_s 
#2 coeffs 
0.0614153 0.1 0.1 0.05 0.0333333 0.025 0.02 0.0166667 0.0142857 0.0125 0.0111111 0.01 0.00909091 0.00833333 0.00769231 0.00714286 0.00666667 0.00625 
0.0614662 0.1 0.0792493 0.0489196 0.0376121 0.0223942 0.0247877 0.017639 0.0153797 0.01272 0.0109548 0.0106145 0.00986547 0.00934288 0.0082748 0.00768964 0.00653569 0.00634161 
0.0615258 0.1 0 0.0363168 0.0597596 0 0.0534024 0.0264949 0.0243346 0.0139454 0.00900676 0.0152327 0.017191 0.018511 0.0134854 0.0118637 0.00462618 0.00662137 
0.0615676 0.1 0 0.0463107 0.0960274 0.00103544 0.0701228 0.0297556 0.0281489 0.0145084 0.00896379 0.0158487 0.0197252 0.0235366 0.016781 0.0122976 0.00426359 0.00651603 
2.8389 0.1 0 0.459955 0.979679 0.0817238 0.452314 0.146546 0.180578 0.0310073 0.00354666 0.0460015 0.108753 0.150473 0.121884 0.0324146 0 0 
0.942549 0.1 0 2.72796 4.86768 2.34972 4.34031 0 0 1.32701 1.29955 0 0 1.44647 1.41788 0 1.296 0 
0.971105 0.1 0 2.72796 4.86768 2.34972 4.34031 0 0 1.32701 1.29728 0 0 1.44647 1.41788 0 1.296 0 
0.963512 0.1 0 2.40601 4.86768 2.32033 4.34031 0 0 1.21318 1.03129 0 0 1.44647 1.41788 0 1.17696 0 
0.994694 0.1 0 1.59428 4.86768 1.81803 4.34031 0 0 0.809416 0.519684 0 0 1.35135 1.26399 0 0.768054 0 
1.21237 0.1 0 0.752948 4.21757 0.900205 3.9602 0 0 0.282299 0.110935 0 0 0.966967 0.823518 0 0.24352 0 
1.26896 0.1 0 0.497188 2.77779 0.242595 2.72708 0 0 0.0668578 0.0161442 0 0 0.436454 0.323638 0 0.0343644 0 
2.30704 0.1 0 0.468554 1.77327 0.121848 1.64942 0.0272245 0.0519796 0.0394188 0.006429 0.0136114 0 0.239003 0.178708 0.0248085 0.00804985 0 
5.62018 0.1 0 0.462937 1.3273 0.0958663 1.04196 0.100649 0.130697 0.0339333 0.00454425 0.0344864 0.0462262 0.183591 0.142539 0.0297707 0.00279921 0 
1.08415 0.1 0 0.416834 0.785506 0.0852179 0.879502 0.0826177 0.128933 0.0370998 0.00448584 0.0337383 0.0150961 0.151887 0.0929818 0.0203205 0.00520951 0 
10.9659 0.1 0 0.444354 1.07919 0.0916465 0.974933 0.0934314 0.13 0.035185 0.00452122 0.0341913 0.0336277 0.170754 0.122171 0.0260151 0.00375144 0 
0.74312 0.1 0.180217 0.475564 1.31431 0.0929305 1.09984 0.109101 0.154814 0.0382662 0.00384907 0.0385057 0.051206 0.188338 0.140633 0.0280454 0.00267527 0.000157049 
2.21917 0.1 0.0801178 0.45764 1.18424 0.0921856 1.02913 0.100091 0.140623 0.0364812 0.00423901 0.0360081 0.0411093 0.178238 0.130035 0.0268685 0.00329944 6.5918e-05 
1.08902 0.1 0.0343499 0.449939 1.12433 0.0918718 0.997909 0.0962286 0.134477 0.0357271 0.00440328 0.0349515 0.0367725 0.1739 0.125478 0.0263719 0.00356252 2.75435e-05 
3.14468 0.1 0.0133514 0.446505 1.09676 0.091733 0.983817 0.0945085 0.131727 0.0353934 0.00447591 0.0344835 0.034839 0.171966 0.123445 0.0261522 0.00367885 1.05813e-05 
6.92634 0.1 0.00449831 0.445076 1.08511 0.0916755 0.97792 0.0937929 0.13058 0.0352549 0.00450603 0.0342893 0.0340343 0.171161 0.122599 0.0260611 0.0037271 3.54753e-06 
11.6951 0.1 0.00133064 0.444567 1.08094 0.0916551 0.975816 0.0935382 0.130172 0.0352057 0.00451674 0.0342202 0.0337478 0.170874 0.122298 0.0260287 0.00374425 1.04755e-06 
11.6192 0.1 0.000954139 0.444502 1.08029 0.0916483 0.97542 0.0935062 0.130125 0.0352077 0.00451662 0.0342155 0.0337032 0.170833 0.122248 0.026019 0.00374549 3.43302e-07 
11.5256 0.1 0.00118686 0.444542 1.08069 0.0916525 0.975664 0.093526 0.130154 0.0352064 0.00451669 0.0342184 0.0337308 0.170859 0.122279 0.026025 0.00374473 7.78635e-07 
11.4756 0.1 0.00129971 0.444562 1.08089 0.0916545 0.975783 0.0935355 0.130168 0.0352058 0.00451673 0.0342198 0.0337441 0.170871 0.122294 0.0260279 0.00374435 9.89698e-07 
11.4573 0.1 0.00132755 0.444567 1.08094 0.091655 0.975812 0.0935379 0.130171 0.0352057 0.00451674 0.0342202 0.0337474 0.170874 0.122297 0.0260286 0.00374426 1.04177e-06 
11.8356 0.1 0.00133033 0.444567 1.08094 0.091655 0.975815 0.0935381 0.130172 0.0352057 0.00451674 0.0342202 0.0337478 0.170874 0.122298 0.0260287 0.00374425 1.04697e-06 
11.2749 0.1 0.00133077 0.444567 1.08094 0.091655 0.975814 0.0935381 0.130172 0.0352057 0.00451673 0.0342202 0.0337477 0.170874 0.122298 0.0260287 0.00374425 1.04602e-06 
11.8751 0.1 0.00133038 0.444567 1.08094 0.091655 0.975815 0.0935381 0.130172 0.0352057 0.00451674 0.0342202 0.0337478 0.170874 0.122298 0.0260287 0.00374425 1.04688e-06 
