#1 rho_s 
#2 coeffs 
72.7564 0.02 0 0 0 0 1 0 0 0 1 0 0 0 0 0 0 0 0 0 0 0 0 0 0 0 0 
75.2528 0.02 -0.0537854 0.0163633 -0.00959313 -0.00241462 1.00716 0.010377 0.021045 0.00520609 0.992638 -0.0023743 -0.027316 -0.00651146 0.00485038 -0.00207927 0.0286162 0.0172115 0.000657657 0.00695064 0.000261923 -0.00280154 0.00698792 -0.00532321 -0.00027071 0.00780163 0.0626609 
69.3591 0.02 -0.107571 0.0327265 -0.0191863 -0.00482924 1.01433 0.020754 0.0420901 0.0104122 0.985276 -0.0047486 -0.0546319 -0.0130229 0.00970077 -0.00415855 0.0572323 0.034423 0.00131531 0.0139013 0.000523845 -0.00560307 0.0139758 -0.0106464 -0.000541421 0.0156033 0.125322 
69.1038 0.02 -0.161356 0.0490898 -0.0287794 -0.00724386 1.02149 0.031131 0.0631351 0.0156183 0.977914 -0.00712289 -0.0819479 -0.0195344 0.0145511 -0.00623782 0.0858485 0.0516345 0.00197297 0.0208519 0.000785768 -0.00840461 0.0209638 -0.0159696 -0.000812131 0.0234049 0.187983 
59.9619 0.02 -0.215142 0.0654531 -0.0383725 -0.00965848 1.02865 0.0415079 0.0841802 0.0208244 0.970552 -0.00949719 -0.109264 -0.0260459 0.0194015 -0.00831709 0.114465 0.068846 0.00263063 0.0278026 0.00104769 -0.0112061 0.0279517 -0.0212928 -0.00108284 0.0312065 0.250644 
64.9069 0.02 -0.268927 0.0818163 -0.0479656 -0.0120731 1.03582 0.0518849 0.105225 0.0260305 0.96319 -0.0118715 -0.13658 -0.0325573 0.0242519 -0.0103964 0.143081 0.0860575 0.00328829 0.0347532 0.00130961 -0.0140077 0.0349396 -0.026616 -0.00135355 0.0390081 0.313304 
50.9662 0.02 -0.322712 0.0981796 -0.0575588 -0.0144877 1.04298 0.0622619 0.12627 0.0312365 0.955828 -0.0142458 -0.163896 -0.0390688 0.0291023 -0.0124756 0.171697 0.103269 0.00394594 0.0417038 0.00157154 -0.0168092 0.0419275 -0.0319393 -0.00162426 0.0468098 0.375965 
40.1613 0.02 -0.376498 0.114543 -0.0671519 -0.0169023 1.05014 0.0726389 0.147315 0.0364426 0.948467 -0.0166201 -0.191212 -0.0455803 0.0339527 -0.0145549 0.200313 0.120481 0.0046036 0.0486545 0.00183346 -0.0196108 0.0489154 -0.0372625 -0.00189497 0.0546114 0.438626 
45.4508 0.02 -0.430283 0.130906 -0.076745 -0.019317 1.05731 0.0830159 0.16836 0.0416487 0.941105 -0.0189944 -0.218528 -0.0520917 0.0388031 -0.0166342 0.228929 0.137692 0.00526126 0.0556051 0.00209538 -0.0224123 0.0559034 -0.0425857 -0.00216568 0.062413 0.501287 
45.5825 0.02 -0.484069 0.147269 -0.0863382 -0.0217316 1.06447 0.0933929 0.189405 0.0468548 0.933743 -0.0213687 -0.245844 -0.0586032 0.0436534 -0.0187135 0.257546 0.154904 0.00591892 0.0625558 0.0023573 -0.0252138 0.0628913 -0.0479089 -0.00243639 0.0702146 0.563948 
32.8369 0.02 -0.537854 0.163633 -0.0959313 -0.0241462 1.07163 0.10377 0.21045 0.0520609 0.926381 -0.023743 -0.27316 -0.0651146 0.0485038 -0.0207927 0.286162 0.172115 0.00657657 0.0695064 0.00261923 -0.0280154 0.0698792 -0.0532321 -0.0027071 0.0780163 0.626609 
36.3589 0.02 -0.59164 0.179996 -0.105524 -0.0265608 1.0788 0.114147 0.231495 0.057267 0.919019 -0.0261173 -0.300476 -0.0716261 0.0533542 -0.022872 0.314778 0.189327 0.00723423 0.0764571 0.00288115 -0.0308169 0.0768671 -0.0585553 -0.00297781 0.0858179 0.68927 
32.4469 0.02 -0.645425 0.196359 -0.115118 -0.0289754 1.08596 0.124524 0.25254 0.0624731 0.911657 -0.0284916 -0.327791 -0.0781376 0.0582046 -0.0249513 0.343394 0.206538 0.00789189 0.0834077 0.00314307 -0.0336184 0.083855 -0.0638785 -0.00324852 0.0936195 0.751931 
32.3811 0.02 -0.69921 0.212722 -0.124711 -0.0313901 1.09312 0.134901 0.273585 0.0676792 0.904295 -0.0308659 -0.355107 -0.084649 0.063055 -0.0270306 0.37201 0.22375 0.00854954 0.0903583 0.00340499 -0.03642 0.090843 -0.0692017 -0.00351923 0.101421 0.814592 
29.2998 0.02 -0.752996 0.229086 -0.134304 -0.0338047 1.10029 0.145278 0.294631 0.0728853 0.896933 -0.0332402 -0.382423 -0.0911605 0.0679054 -0.0291098 0.400626 0.240961 0.0092072 0.097309 0.00366692 -0.0392215 0.0978309 -0.0745249 -0.00378995 0.109223 0.877252 
30.0766 0.02 -0.806781 0.245449 -0.143897 -0.0362193 1.10745 0.155655 0.315676 0.0780914 0.889571 -0.0356145 -0.409739 -0.097672 0.0727557 -0.0311891 0.429243 0.258173 0.00986486 0.10426 0.00392884 -0.0420231 0.104819 -0.0798481 -0.00406066 0.117024 0.939913 
27.2764 0.02 -0.860567 0.261812 -0.15349 -0.0386339 1.11461 0.166032 0.336721 0.0832975 0.882209 -0.0379888 -0.437055 -0.104183 0.0776061 -0.0332684 0.457859 0.275384 0.0105225 0.11121 0.00419076 -0.0448246 0.111807 -0.0851713 -0.00433137 0.124826 1.00257 
27.3669 0.02 -0.914352 0.278176 -0.163083 -0.0410485 1.12178 0.176409 0.357766 0.0885035 0.874847 -0.0403631 -0.464371 -0.110695 0.0824565 -0.0353476 0.486475 0.292596 0.0111802 0.118161 0.00445268 -0.0476261 0.118795 -0.0904946 -0.00460208 0.132628 1.06524 
26.6527 0.02 -0.968137 0.294539 -0.172676 -0.0434632 1.12894 0.186786 0.378811 0.0937096 0.867485 -0.0427374 -0.491687 -0.117206 0.0873069 -0.0374269 0.515091 0.309807 0.0118378 0.125112 0.00471461 -0.0504277 0.125783 -0.0958178 -0.00487279 0.140429 1.1279 
21.4789 0.02 -1.02192 0.310902 -0.182269 -0.0458778 1.1361 0.197163 0.399856 0.0989157 0.860124 -0.0451117 -0.519003 -0.123718 0.0921573 -0.0395062 0.543707 0.327019 0.0124955 0.132062 0.00497653 -0.0532292 0.13277 -0.101141 -0.0051435 0.148231 1.19056 
20.6222 0.02 -1.07571 0.327265 -0.191863 -0.0482924 1.14327 0.20754 0.420901 0.104122 0.852762 -0.047486 -0.546319 -0.130229 0.0970077 -0.0415855 0.572323 0.34423 0.0131531 0.139013 0.00523845 -0.0560307 0.139758 -0.106464 -0.00541421 0.156033 1.25322 
20.8836 0.02 -1.12949 0.343629 -0.201456 -0.050707 1.15043 0.217917 0.441946 0.109328 0.8454 -0.0498603 -0.573635 -0.136741 0.101858 -0.0436647 0.60094 0.361442 0.0138108 0.145963 0.00550037 -0.0588323 0.146746 -0.111787 -0.00568492 0.163834 1.31588 
23.7144 0.02 -1.18328 0.359992 -0.211049 -0.0531216 1.15759 0.228294 0.462991 0.114534 0.838038 -0.0522345 -0.600951 -0.143252 0.106708 -0.045744 0.629556 0.378653 0.0144685 0.152914 0.0057623 -0.0616338 0.153734 -0.117111 -0.00595563 0.171636 1.37854 
16.7928 0.02 -1.23706 0.376355 -0.220642 -0.0555363 1.16476 0.238671 0.484036 0.11974 0.830676 -0.0546088 -0.628267 -0.149764 0.111559 -0.0478233 0.658172 0.395865 0.0151261 0.159865 0.00602422 -0.0644354 0.160722 -0.122434 -0.00622634 0.179437 1.4412 
16.7428 0.02 -1.29085 0.392718 -0.230235 -0.0579509 1.17192 0.249048 0.505081 0.124946 0.823314 -0.0569831 -0.655583 -0.156275 0.116409 -0.0499026 0.686788 0.413076 0.0157838 0.166815 0.00628614 -0.0672369 0.16771 -0.127757 -0.00649705 0.187239 1.50386 
14.1705 0.02 -1.34464 0.409082 -0.239828 -0.0603655 1.17909 0.259425 0.526126 0.130152 0.815952 -0.0593574 -0.682899 -0.162787 0.12126 -0.0519818 0.715404 0.430288 0.0164414 0.173766 0.00654806 -0.0700384 0.174698 -0.13308 -0.00676776 0.195041 1.56652 
4.45146 0.02 -1.39842 0.425445 -0.249421 -0.0627801 1.18625 0.269802 0.547171 0.135358 0.80859 -0.0617317 -0.710215 -0.169298 0.12611 -0.0540611 0.74402 0.447499 0.0170991 0.180717 0.00680999 -0.07284 0.181686 -0.138403 -0.00703847 0.202842 1.62918 
13.0905 0.02 -1.45221 0.441808 -0.259014 -0.0651947 1.19341 0.280179 0.568216 0.140564 0.801228 -0.064106 -0.737531 -0.17581 0.13096 -0.0561404 0.772637 0.464711 0.0177567 0.187667 0.00707191 -0.0756415 0.188674 -0.143727 -0.00730918 0.210644 1.69184 
4.58143 0.02 -1.50599 0.458171 -0.268608 -0.0676093 1.20058 0.290556 0.589261 0.145771 0.793866 -0.0664803 -0.764847 -0.182321 0.135811 -0.0582197 0.801253 0.481922 0.0184144 0.194618 0.00733383 -0.078443 0.195662 -0.14905 -0.00757989 0.218446 1.7545 
7.8246 0.02 -1.55978 0.474535 -0.278201 -0.070024 1.20774 0.300933 0.610306 0.150977 0.786504 -0.0688546 -0.792163 -0.188832 0.140661 -0.0602989 0.829869 0.499134 0.0190721 0.201569 0.00759575 -0.0812446 0.20265 -0.154373 -0.0078506 0.226247 1.81717 
9.68458 0.02 -1.61356 0.490898 -0.287794 -0.0724386 1.2149 0.31131 0.631351 0.156183 0.779142 -0.0712289 -0.819479 -0.195344 0.145511 -0.0623782 0.858485 0.516345 0.0197297 0.208519 0.00785768 -0.0840461 0.209638 -0.159696 -0.00812131 0.234049 1.87983 
9.20218 0.02 -1.66735 0.507261 -0.297387 -0.0748532 1.22207 0.321686 0.652396 0.161389 0.77178 -0.0736032 -0.846795 -0.201855 0.150362 -0.0644575 0.887101 0.533557 0.0203874 0.21547 0.0081196 -0.0868477 0.216626 -0.165019 -0.00839202 0.24185 1.94249 
3.14684 0.02 -1.72113 0.523625 -0.30698 -0.0772678 1.22923 0.332063 0.673441 0.166595 0.764419 -0.0759775 -0.874111 -0.208367 0.155212 -0.0665367 0.915718 0.550768 0.021045 0.222421 0.00838152 -0.0896492 0.223613 -0.170343 -0.00866273 0.249652 2.00515 
8.97169 0.02 -1.77492 0.539988 -0.316573 -0.0796824 1.23639 0.34244 0.694486 0.171801 0.757057 -0.0783518 -0.901427 -0.214878 0.160063 -0.068616 0.944334 0.56798 0.0217027 0.229371 0.00864344 -0.0924507 0.230601 -0.175666 -0.00893344 0.257454 2.06781 
3.34433 0.02 -1.8287 0.556351 -0.326166 -0.0820971 1.24356 0.352817 0.715531 0.177007 0.749695 -0.0807261 -0.928742 -0.22139 0.164913 -0.0706953 0.97295 0.585191 0.0223603 0.236322 0.00890537 -0.0952523 0.237589 -0.180989 -0.00920415 0.265255 2.13047 
4.97869 0.02 -1.88249 0.572714 -0.335759 -0.0845117 1.25072 0.363194 0.736576 0.182213 0.742333 -0.0831004 -0.956058 -0.227901 0.169763 -0.0727746 1.00157 0.602403 0.023018 0.243272 0.00916729 -0.0980538 0.244577 -0.186312 -0.00947486 0.273057 2.19313 
2.87681 0.02 -1.93627 0.589078 -0.345353 -0.0869263 1.25788 0.373571 0.757621 0.187419 0.734971 -0.0854747 -0.983374 -0.234413 0.174614 -0.0748538 1.03018 0.619614 0.0236757 0.250223 0.00942921 -0.100855 0.251565 -0.191636 -0.00974557 0.280859 2.25579 
1.90354 0.02 -1.99006 0.605441 -0.354946 -0.0893409 1.26505 0.383948 0.778666 0.192625 0.727609 -0.087849 -1.01069 -0.240924 0.179464 -0.0769331 1.0588 0.636826 0.0243333 0.257174 0.00969113 -0.103657 0.258553 -0.196959 -0.0100163 0.28866 2.31845 
2.49381 0.02 -2.04385 0.621804 -0.364539 -0.0917555 1.27221 0.394325 0.799711 0.197831 0.720247 -0.0902233 -1.03801 -0.247436 0.184315 -0.0790124 1.08741 0.654037 0.024991 0.264124 0.00995306 -0.106458 0.265541 -0.202282 -0.010287 0.296462 2.38111 
2.36639 0.02 -2.09763 0.638167 -0.374132 -0.0941702 1.27937 0.404702 0.820756 0.203038 0.712885 -0.0925976 -1.06532 -0.253947 0.189165 -0.0810917 1.11603 0.671249 0.0256486 0.271075 0.010215 -0.10926 0.272529 -0.207605 -0.0105577 0.304263 2.44377 
3.87437 0.02 -2.15142 0.654531 -0.383725 -0.0965848 1.28654 0.415079 0.841802 0.208244 0.705523 -0.0949719 -1.09264 -0.260459 0.194015 -0.0831709 1.14465 0.68846 0.0263063 0.278026 0.0104769 -0.112061 0.279517 -0.212928 -0.0108284 0.312065 2.50644 
