#1 rho_s 
#2 coeffs 
18.9923 0.02 0 1 0 0 0 0 0 0 0 0 0 0 0 0 0 0 0 0 0 0 0 0 0 0 0 
19.4186 0.02 -0.184664 1.00005 0.00110575 -0.000708506 0.0570326 -5.84976e-05 -0.0473771 0.00136733 0.000156507 -7.47058e-05 4.09487e-05 2.66171e-05 0.00120481 -0.00055363 -5.11591e-05 0.000361754 0.0139448 5.27973e-05 -0.0102376 -0.000148693 0.00973917 -0.000837416 0.000126028 -0.00121892 -0.000157679 
19.5394 0.02 -0.166198 1.00005 0.000995172 -0.000637655 0.0513293 -5.26479e-05 -0.0426394 0.0012306 0.000140856 -6.72352e-05 3.68538e-05 2.39554e-05 0.00108433 -0.000498267 -4.60432e-05 0.000325579 0.0125503 4.75175e-05 -0.00921388 -0.000133824 0.00876526 -0.000753674 0.000113426 -0.00109703 -0.000141911 
19.5227 0.02 -0.147731 1.00004 0.000884597 -0.000566804 0.045626 -4.67981e-05 -0.0379017 0.00109387 0.000125206 -5.97646e-05 3.27589e-05 2.12937e-05 0.000963851 -0.000442904 -4.09273e-05 0.000289403 0.0111558 4.22378e-05 -0.00819011 -0.000118955 0.00779134 -0.000669933 0.000100823 -0.000975139 -0.000126143 
19.4625 0.02 -0.129265 1.00004 0.000774023 -0.000495954 0.0399228 -4.09483e-05 -0.033164 0.000957134 0.000109555 -5.22941e-05 2.86641e-05 1.8632e-05 0.00084337 -0.000387541 -3.58114e-05 0.000253228 0.00976133 3.69581e-05 -0.00716635 -0.000104085 0.00681742 -0.000586191 8.82199e-05 -0.000853246 -0.000110375 
19.5681 0.02 -0.110798 1.00003 0.000663448 -0.000425103 0.0342195 -3.50986e-05 -0.0284263 0.0008204 9.39042e-05 -4.48235e-05 2.45692e-05 1.59703e-05 0.000722888 -0.000332178 -3.06955e-05 0.000217052 0.00836686 3.16784e-05 -0.00614258 -8.92159e-05 0.0058435 -0.000502449 7.56171e-05 -0.000731354 -9.46072e-05 
19.239 0.02 -0.092332 1.00003 0.000552873 -0.000354253 0.0285163 -2.92488e-05 -0.0236886 0.000683667 7.82535e-05 -3.73529e-05 2.04743e-05 1.33086e-05 0.000602407 -0.000276815 -2.55796e-05 0.000180877 0.00697238 2.63986e-05 -0.00511882 -7.43466e-05 0.00486959 -0.000418708 6.30142e-05 -0.000609462 -7.88394e-05 
19.2105 0.02 -0.0738656 1.00002 0.000442299 -0.000283402 0.022813 -2.3399e-05 -0.0189508 0.000546934 6.26028e-05 -2.98823e-05 1.63795e-05 1.06469e-05 0.000481926 -0.000221452 -2.04637e-05 0.000144702 0.00557791 2.11189e-05 -0.00409506 -5.94773e-05 0.00389567 -0.000334966 5.04114e-05 -0.000487569 -6.30715e-05 
19.0952 0.02 -0.0553992 1.00002 0.000331724 -0.000212552 0.0171098 -1.75493e-05 -0.0142131 0.0004102 4.69521e-05 -2.24117e-05 1.22846e-05 7.98514e-06 0.000361444 -0.000166089 -1.53477e-05 0.000108526 0.00418343 1.58392e-05 -0.00307129 -4.4608e-05 0.00292175 -0.000251225 3.78085e-05 -0.000365677 -4.73036e-05 
19.283 0.02 -0.0369328 1.00001 0.000221149 -0.000141701 0.0114065 -1.16995e-05 -0.00947542 0.000273467 3.13014e-05 -1.49412e-05 8.18973e-06 5.32343e-06 0.000240963 -0.000110726 -1.02318e-05 7.23508e-05 0.00278895 1.05595e-05 -0.00204753 -2.97386e-05 0.00194783 -0.000167483 2.52057e-05 -0.000243785 -3.15357e-05 
19.0118 0.02 -0.0184664 1.00001 0.000110575 -7.08506e-05 0.00570326 -5.84976e-06 -0.00473771 0.000136733 1.56507e-05 -7.47058e-06 4.09487e-06 2.66171e-06 0.000120481 -5.5363e-05 -5.11591e-06 3.61754e-05 0.00139448 5.27973e-06 -0.00102376 -1.48693e-05 0.000973917 -8.37416e-05 1.26028e-05 -0.000121892 -1.57679e-05 
19.2974 0.02 -1.92205e-17 1 1.1509e-19 -7.37437e-20 5.93614e-18 -6.08863e-21 -4.93117e-18 1.42317e-19 1.62898e-20 -7.77563e-21 4.26208e-21 2.7704e-21 1.25401e-19 -5.76237e-20 -5.32482e-21 3.76526e-20 1.45142e-18 5.49532e-21 -1.06557e-18 -1.54765e-20 1.01369e-18 -8.71611e-20 1.31175e-20 -1.2687e-19 -1.64117e-20 
19.1112 0.02 0.0184664 0.999995 -0.000110575 7.08506e-05 -0.00570326 5.84976e-06 0.00473771 -0.000136733 -1.56507e-05 7.47058e-06 -4.09487e-06 -2.66171e-06 -0.000120481 5.5363e-05 5.11591e-06 -3.61754e-05 -0.00139448 -5.27973e-06 0.00102376 1.48693e-05 -0.000973917 8.37416e-05 -1.26028e-05 0.000121892 1.57679e-05 
19.213 0.02 0.0369328 0.99999 -0.000221149 0.000141701 -0.0114065 1.16995e-05 0.00947542 -0.000273467 -3.13014e-05 1.49412e-05 -8.18973e-06 -5.32343e-06 -0.000240963 0.000110726 1.02318e-05 -7.23508e-05 -0.00278895 -1.05595e-05 0.00204753 2.97386e-05 -0.00194783 0.000167483 -2.52057e-05 0.000243785 3.15357e-05 
19.3075 0.02 0.0553992 0.999985 -0.000331724 0.000212552 -0.0171098 1.75493e-05 0.0142131 -0.0004102 -4.69521e-05 2.24117e-05 -1.22846e-05 -7.98514e-06 -0.000361444 0.000166089 1.53477e-05 -0.000108526 -0.00418343 -1.58392e-05 0.00307129 4.4608e-05 -0.00292175 0.000251225 -3.78085e-05 0.000365677 4.73036e-05 
19.2077 0.02 0.0738656 0.99998 -0.000442299 0.000283402 -0.022813 2.3399e-05 0.0189508 -0.000546934 -6.26028e-05 2.98823e-05 -1.63795e-05 -1.06469e-05 -0.000481926 0.000221452 2.04637e-05 -0.000144702 -0.00557791 -2.11189e-05 0.00409506 5.94773e-05 -0.00389567 0.000334966 -5.04114e-05 0.000487569 6.30715e-05 
19.2042 0.02 0.092332 0.999975 -0.000552873 0.000354253 -0.0285163 2.92488e-05 0.0236886 -0.000683667 -7.82535e-05 3.73529e-05 -2.04743e-05 -1.33086e-05 -0.000602407 0.000276815 2.55796e-05 -0.000180877 -0.00697238 -2.63986e-05 0.00511882 7.43466e-05 -0.00486959 0.000418708 -6.30142e-05 0.000609462 7.88394e-05 
19.5435 0.02 0.110798 0.99997 -0.000663448 0.000425103 -0.0342195 3.50986e-05 0.0284263 -0.0008204 -9.39042e-05 4.48235e-05 -2.45692e-05 -1.59703e-05 -0.000722888 0.000332178 3.06955e-05 -0.000217052 -0.00836686 -3.16784e-05 0.00614258 8.92159e-05 -0.0058435 0.000502449 -7.56171e-05 0.000731354 9.46072e-05 
19.6089 0.02 0.129265 0.999965 -0.000774023 0.000495954 -0.0399228 4.09483e-05 0.033164 -0.000957134 -0.000109555 5.22941e-05 -2.86641e-05 -1.8632e-05 -0.00084337 0.000387541 3.58114e-05 -0.000253228 -0.00976133 -3.69581e-05 0.00716635 0.000104085 -0.00681742 0.000586191 -8.82199e-05 0.000853246 0.000110375 
19.5572 0.02 0.147731 0.99996 -0.000884597 0.000566804 -0.045626 4.67981e-05 0.0379017 -0.00109387 -0.000125206 5.97646e-05 -3.27589e-05 -2.12937e-05 -0.000963851 0.000442904 4.09273e-05 -0.000289403 -0.0111558 -4.22378e-05 0.00819011 0.000118955 -0.00779134 0.000669933 -0.000100823 0.000975139 0.000126143 
19.5148 0.02 0.166198 0.999955 -0.000995172 0.000637655 -0.0513293 5.26479e-05 0.0426394 -0.0012306 -0.000140856 6.72352e-05 -3.68538e-05 -2.39554e-05 -0.00108433 0.000498267 4.60432e-05 -0.000325579 -0.0125503 -4.75175e-05 0.00921388 0.000133824 -0.00876526 0.000753674 -0.000113426 0.00109703 0.000141911 
19.4831 0.02 0.184664 0.99995 -0.00110575 0.000708506 -0.0570326 5.84976e-05 0.0473771 -0.00136733 -0.000156507 7.47058e-05 -4.09487e-05 -2.66171e-05 -0.00120481 0.00055363 5.11591e-05 -0.000361754 -0.0139448 -5.27973e-05 0.0102376 0.000148693 -0.00973917 0.000837416 -0.000126028 0.00121892 0.000157679 
19.5974 0.02 0.20313 0.999945 -0.00121632 0.000779356 -0.0627358 6.43474e-05 0.0521148 -0.00150407 -0.000172158 8.21764e-05 -4.50435e-05 -2.92789e-05 -0.0013253 0.000608993 5.6275e-05 -0.000397929 -0.0153392 -5.8077e-05 0.0112614 0.000163563 -0.0107131 0.000921157 -0.000138631 0.00134082 0.000173447 
19.585 0.02 0.221597 0.99994 -0.0013269 0.000850207 -0.0684391 7.01971e-05 0.0568525 -0.0016408 -0.000187808 8.9647e-05 -4.91384e-05 -3.19406e-05 -0.00144578 0.000664356 6.1391e-05 -0.000434105 -0.0167337 -6.33567e-05 0.0122852 0.000178432 -0.011687 0.0010049 -0.000151234 0.00146271 0.000189214 
19.5995 0.02 0.240063 0.999935 -0.00143747 0.000921057 -0.0741423 7.60469e-05 0.0615902 -0.00177753 -0.000203459 9.71175e-05 -5.32333e-05 -3.46023e-05 -0.00156626 0.000719719 6.65069e-05 -0.00047028 -0.0181282 -6.86364e-05 0.0133089 0.000193301 -0.0126609 0.00108864 -0.000163837 0.0015846 0.000204982 
19.5686 0.02 0.25853 0.99993 -0.00154805 0.000991908 -0.0798456 8.18967e-05 0.066328 -0.00191427 -0.00021911 0.000104588 -5.73281e-05 -3.7264e-05 -0.00168674 0.000775082 7.16228e-05 -0.000506456 -0.0195227 -7.39162e-05 0.0143327 0.000208171 -0.0136348 0.00117238 -0.00017644 0.00170649 0.00022075 
19.8091 0.02 0.276996 0.999925 -0.00165862 0.00106276 -0.0855488 8.77464e-05 0.0710657 -0.002051 -0.000234761 0.000112059 -6.1423e-05 -3.99257e-05 -0.00180722 0.000830445 7.67387e-05 -0.000542631 -0.0209171 -7.91959e-05 0.0153565 0.00022304 -0.0146088 0.00125612 -0.000189043 0.00182838 0.000236518 
19.7262 0.02 0.295462 0.99992 -0.00176919 0.00113361 -0.0912521 9.35962e-05 0.0758034 -0.00218773 -0.000250411 0.000119529 -6.55179e-05 -4.25874e-05 -0.0019277 0.000885808 8.18546e-05 -0.000578806 -0.0223116 -8.44756e-05 0.0163802 0.000237909 -0.0155827 0.00133987 -0.000201646 0.00195028 0.000252286 
19.9226 0.02 0.313929 0.999915 -0.00187977 0.00120446 -0.0969553 9.94459e-05 0.0805411 -0.00232447 -0.000266062 0.000127 -6.96127e-05 -4.52491e-05 -0.00204818 0.000941171 8.69705e-05 -0.000614982 -0.0237061 -8.97554e-05 0.017404 0.000252778 -0.0165566 0.00142361 -0.000214248 0.00207217 0.000268054 
20.139 0.02 0.332395 0.99991 -0.00199034 0.00127531 -0.102659 0.000105296 0.0852788 -0.0024612 -0.000281713 0.00013447 -7.37076e-05 -4.79108e-05 -0.00216867 0.000996534 9.20864e-05 -0.000651157 -0.0251006 -9.50351e-05 0.0184278 0.000267648 -0.0175305 0.00150735 -0.000226851 0.00219406 0.000283822 
20.357 0.02 0.350862 0.999905 -0.00210092 0.00134616 -0.108362 0.000111145 0.0900165 -0.00259793 -0.000297363 0.000141941 -7.78025e-05 -5.05726e-05 -0.00228915 0.0010519 9.72024e-05 -0.000687333 -0.026495 -0.000100315 0.0194515 0.000282517 -0.0185044 0.00159109 -0.000239454 0.00231595 0.00029959 
20.5772 0.02 0.369328 0.9999 -0.00221149 0.00141701 -0.114065 0.000116995 0.0947542 -0.00273467 -0.000313014 0.000149412 -8.18973e-05 -5.32343e-05 -0.00240963 0.00110726 0.000102318 -0.000723508 -0.0278895 -0.000105595 0.0204753 0.000297386 -0.0194783 0.00167483 -0.000252057 0.00243785 0.000315357 
20.8779 0.02 0.387794 0.999895 -0.00232207 0.00148786 -0.119768 0.000122845 0.0994919 -0.0028714 -0.000328665 0.000156882 -8.59922e-05 -5.5896e-05 -0.00253011 0.00116262 0.000107434 -0.000759683 -0.029284 -0.000110874 0.021499 0.000312256 -0.0204523 0.00175857 -0.00026466 0.00255974 0.000331125 
21.2445 0.02 0.406261 0.99989 -0.00243264 0.00155871 -0.125472 0.000128695 0.10423 -0.00300813 -0.000344316 0.000164353 -9.00871e-05 -5.85577e-05 -0.00265059 0.00121799 0.00011255 -0.000795859 -0.0306785 -0.000116154 0.0225228 0.000327125 -0.0214262 0.00184231 -0.000277263 0.00268163 0.000346893 
21.82 0.02 0.424727 0.999885 -0.00254322 0.00162956 -0.131175 0.000134545 0.108967 -0.00314487 -0.000359966 0.000171823 -9.41819e-05 -6.12194e-05 -0.00277107 0.00127335 0.000117666 -0.000832034 -0.032073 -0.000121434 0.0235466 0.000341994 -0.0224001 0.00192606 -0.000289865 0.00280352 0.000362661 
22.7984 0.02 0.443194 0.99988 -0.00265379 0.00170041 -0.136878 0.000140394 0.113705 -0.0032816 -0.000375617 0.000179294 -9.82768e-05 -6.38811e-05 -0.00289155 0.00132871 0.000122782 -0.000868209 -0.0334674 -0.000126713 0.0245703 0.000356864 -0.023374 0.0020098 -0.000302468 0.00292542 0.000378429 
24.1628 0.02 0.46166 0.999875 -0.00276437 0.00177126 -0.142581 0.000146244 0.118443 -0.00341833 -0.000391268 0.000186765 -0.000102372 -6.65428e-05 -0.00301204 0.00138407 0.000127898 -0.000904385 -0.0348619 -0.000131993 0.0255941 0.000371733 -0.0243479 0.00209354 -0.000315071 0.00304731 0.000394197 
25.7134 0.02 0.480126 0.99987 -0.00287494 0.00184211 -0.148285 0.000152094 0.12318 -0.00355507 -0.000406918 0.000194235 -0.000106467 -6.92046e-05 -0.00313252 0.00143944 0.000133014 -0.00094056 -0.0362564 -0.000137273 0.0266179 0.000386602 -0.0253219 0.00217728 -0.000327674 0.0031692 0.000409965 
25.7339 0.02 0.498593 0.999865 -0.00298552 0.00191297 -0.153988 0.000157944 0.127918 -0.0036918 -0.000422569 0.000201706 -0.000110561 -7.18663e-05 -0.003253 0.0014948 0.00013813 -0.000976736 -0.0376509 -0.000142553 0.0276416 0.000401472 -0.0262958 0.00226102 -0.000340277 0.00329109 0.000425732 
25.6023 0.02 0.517059 0.99986 -0.00309609 0.00198382 -0.159691 0.000163793 0.132656 -0.00382853 -0.00043822 0.000209176 -0.000114656 -7.4528e-05 -0.00337348 0.00155016 0.000143246 -0.00101291 -0.0390453 -0.000147832 0.0286654 0.000416341 -0.0272697 0.00234476 -0.00035288 0.00341298 0.0004415 
26.036 0.02 0.535526 0.999855 -0.00320667 0.00205467 -0.165394 0.000169643 0.137394 -0.00396527 -0.00045387 0.000216647 -0.000118751 -7.71897e-05 -0.00349396 0.00160553 0.000148361 -0.00104909 -0.0404398 -0.000153112 0.0296892 0.00043121 -0.0282436 0.00242851 -0.000365482 0.00353488 0.000457268 
