#1 rho_s 
#2 coeffs 
5.95348 0.05 0.709852 0.000384388 -2.70978e-17 2.7529e-16 0.00039109 -3.01354e-19 -0.328663 -1.1364e-18 -2.57582e-16 0.000391201 2.54261e-18 -7.68667e-05 1.08405e-16 3.10331e-16 1.94764e-18 1.52803e-15 0.000388832 -3.12498e-19 -2.53422e-05 5.31776e-19 0.0676087 -2.58094e-19 5.60294e-17 -1.40988e-18 -1.4463e-16 
0.977937 0.05 9.70985 -2.76091 -0.811388 -2.11986 -5.85028 2.45695 -9.32866 -2.68373 -3.17027 -6.76658 -2.20804 -4.77432 3.21755 -1.92617 3.6537 4.83406 -7.02039 2.0508 3.2475 -3.16689 9.06761 1.52943 2.16407 2.90351 -0.631389 
0.959392 0.05 9.70985 -0.477434 -0.0942973 -0.319889 -2.11316 0.398121 -9.32866 -0.456628 -0.600483 -3.09026 -0.339408 -1.31792 0.615935 -0.279215 0.772442 1.35406 -3.42195 0.305047 0.625849 -0.599387 9.06761 0.204528 0.329595 0.518328 -0.0709194 
0.943303 0.05 8.84985 -0.0517649 -0.00959169 -0.0339069 -0.318127 0.042813 -8.94656 -0.0496406 -0.0670572 -0.574691 -0.0361054 -0.169045 0.0689827 -0.0293752 0.0891082 0.17486 -0.685789 0.0322456 0.0702017 -0.0669211 8.64446 0.0212255 0.0349983 0.0569993 -0.00718328 
1.02097 0.05 5.978 -0.00487981 -0.000960827 -0.00341147 -0.0333621 0.00431447 -6.60021 -0.00500869 -0.00678734 -0.0635242 -0.00363411 -0.0174986 0.00698467 -0.00295311 0.00905535 0.0180486 -0.0774848 0.00324335 0.00708692 -0.0067734 6.2475 0.00213068 0.00352197 0.00575883 -0.000719257 
1.14336 0.05 3.1361 -0.000562778 -0.000172756 -0.000613625 -0.00571045 0.000776164 -3.79298 -0.000901155 -0.00122152 -0.0112202 -0.000653696 -0.00321775 0.00125708 -0.000531139 0.00163031 0.00325423 -0.0137909 0.000583369 0.00125473 -0.00121901 3.42585 0.000383167 0.000633512 0.00103625 -0.000129316 
3.07273 0.05 1.75053 9.40302e-05 -5.29533e-05 -0.000188101 -0.0014807 0.000237931 -2.03755 -0.000276251 -0.000374478 -0.00317359 -0.000200385 -0.00104001 0.00038538 -0.000162814 0.000499825 0.000997919 -0.003966 0.000178825 0.000367086 -0.000373708 1.70102 0.000117452 0.000194198 0.00031767 -3.96381e-05 
0.32825 0.05 1.16147 0.000273446 -2.02322e-05 -7.18701e-05 -0.000324238 9.09098e-05 -1.132 -0.000105552 -0.000143085 -0.000971413 -7.65638e-05 -0.000444903 0.00014725 -6.2208e-05 0.000190982 0.000381325 -0.00127593 6.8326e-05 0.000124602 -0.00014279 0.828623 4.48761e-05 7.41996e-05 0.000121378 -1.51447e-05 
0.482657 0.05 0.908675 0.000338033 -8.4536e-06 -3.00296e-05 9.21805e-05 3.79851e-05 -0.696834 -4.41031e-05 -5.97858e-05 -0.000178228 -3.19908e-05 -0.000230649 6.15264e-05 -2.59924e-05 7.97993e-05 0.000159336 -0.000306888 2.85487e-05 3.73096e-05 -5.96628e-05 0.414711 1.87506e-05 3.10029e-05 5.07159e-05 -6.32791e-06 
0.17242 0.05 0.797783 0.000364343 -3.65551e-06 -1.29854e-05 0.000261831 1.64256e-05 -0.494622 -1.90712e-05 -2.58528e-05 0.000144953 -1.38335e-05 -0.000143367 2.66054e-05 -1.12397e-05 3.45071e-05 6.89011e-05 8.79648e-05 1.23451e-05 1.74988e-06 -2.57996e-05 0.223701 8.10815e-06 1.34063e-05 2.19307e-05 -2.73632e-06 
0.333071 0.05 0.748215 0.000375729 -1.57904e-06 -5.60921e-06 0.000335254 7.09521e-06 -0.401712 -8.23801e-06 -1.11674e-05 0.000284829 -5.97554e-06 -0.000105592 1.14925e-05 -4.85511e-06 1.49058e-05 2.97628e-05 0.000258865 5.3326e-06 -1.36395e-05 -1.11444e-05 0.136238 3.5024e-06 5.79102e-06 9.47322e-06 -1.18198e-06 
3.01194 0.05 0.725967 0.000380767 -6.60358e-07 -2.34579e-06 0.000367739 2.96724e-06 -0.359473 -3.44516e-06 -4.67025e-06 0.000346715 -2.49899e-06 -8.88798e-05 4.80622e-06 -2.03042e-06 6.23365e-06 1.24469e-05 0.000334478 2.23011e-06 -2.04481e-05 -4.66064e-06 0.0965396 1.46472e-06 2.42182e-06 3.96173e-06 -4.94308e-07 
71.3048 0.05 0.716514 0.000382894 -2.72474e-07 -9.6791e-07 0.000381455 1.22433e-06 -0.341422 -1.42153e-06 -1.92702e-06 0.000372845 -1.03112e-06 -8.18235e-05 1.98312e-06 -8.37784e-07 2.57211e-06 5.13581e-06 0.000366404 9.20179e-07 -2.33228e-05 -1.92306e-06 0.0795867 6.04365e-07 9.99283e-07 1.63468e-06 -2.03959e-07 
0.169681 0.05 0.79425 0.000338392 3.55817e-06 4.91859e-06 0.000225467 1.33818e-05 -0.507717 2.49144e-05 -1.05328e-05 0.000174209 -2.15668e-05 -5.77103e-05 -0.000143819 -3.7892e-07 4.13383e-05 5.23827e-05 4.37195e-05 -2.99113e-05 4.92095e-05 -1.26046e-05 0.152554 5.36269e-06 -5.05928e-05 4.13645e-05 -2.50233e-05 
0.722358 0.05 0.739848 0.000369681 8.64854e-07 7.79809e-07 0.00033514 4.83392e-06 -0.391964 6.39769e-06 -4.48211e-06 0.000313868 -7.12824e-06 -7.46642e-05 -4.13068e-05 -7.01546e-07 1.4082e-05 1.91636e-05 0.000270594 -8.23381e-06 -1.78759e-06 -5.09444e-06 0.101474 2.01713e-06 -1.43187e-05 1.34306e-05 -7.57291e-06 
18.0036 0.05 0.720509 0.00038064 -7.84756e-08 -6.69794e-07 0.000373555 1.84004e-06 -0.350116 -8.77718e-08 -2.36285e-06 0.000362785 -2.07113e-06 -8.06023e-05 -5.40106e-06 -8.14546e-07 4.53539e-06 7.5286e-06 0.000350061 -6.41257e-07 -1.96495e-05 -2.46401e-06 0.0833337 8.45346e-07 -1.61357e-06 3.64677e-06 -1.46091e-06 
69.8916 0.05 0.716914 0.000382669 -2.53074e-07 -9.38098e-07 0.000380665 1.2859e-06 -0.342292 -1.28815e-06 -1.9706e-06 0.000371839 -1.13513e-06 -8.17014e-05 1.2447e-06 -8.35461e-07 2.76844e-06 5.37509e-06 0.00036477 7.64036e-07 -2.29555e-05 -1.97715e-06 0.0799616 6.28463e-07 7.37998e-07 1.83589e-06 -3.29655e-07 
71.3763 0.05 0.716576 0.000382859 -2.69451e-07 -9.63264e-07 0.000381332 1.23393e-06 -0.341557 -1.40075e-06 -1.93381e-06 0.000372689 -1.04733e-06 -8.18044e-05 1.86805e-06 -8.37422e-07 2.6027e-06 5.1731e-06 0.00036615 8.95847e-07 -2.32656e-05 -1.93149e-06 0.0796451 6.08121e-07 9.58565e-07 1.66603e-06 -2.23547e-07 
70.1231 0.05 0.716415 0.00038278 -1.19136e-07 -1.02222e-06 0.000381466 1.5316e-06 -0.341603 -1.43653e-06 -2.12358e-06 0.000372237 -1.11035e-06 -8.14088e-05 1.69342e-06 -7.89252e-07 2.72909e-06 5.27129e-06 0.000366432 8.26155e-07 -2.27928e-05 -2.05318e-06 0.0785246 3.63311e-07 1.00575e-06 1.2836e-06 -7.74623e-07 
71.3967 0.05 0.716558 0.00038285 -2.5297e-07 -9.69729e-07 0.000381346 1.26656e-06 -0.341562 -1.40467e-06 -1.95462e-06 0.000372639 -1.05424e-06 -8.17611e-05 1.8489e-06 -8.32141e-07 2.61656e-06 5.18386e-06 0.000366181 8.88206e-07 -2.32138e-05 -1.94483e-06 0.0795222 5.81279e-07 9.63739e-07 1.6241e-06 -2.83968e-07 
70.9724 0.05 0.716585 0.000382808 -2.5132e-07 -9.76124e-07 0.000381287 1.22804e-06 -0.341641 -1.39606e-06 -1.94211e-06 0.000372548 -1.03713e-06 -8.1727e-05 1.82328e-06 -8.72837e-07 2.55455e-06 5.15948e-06 0.000366021 8.89466e-07 -2.31078e-05 -1.82099e-06 0.0794937 6.49455e-07 9.69784e-07 1.64273e-06 -2.56676e-07 
71.354 0.05 0.716561 0.000382846 -2.52805e-07 -9.70368e-07 0.00038134 1.26271e-06 -0.34157 -1.40381e-06 -1.95337e-06 0.00037263 -1.05253e-06 -8.17577e-05 1.84634e-06 -8.3621e-07 2.61036e-06 5.18143e-06 0.000366165 8.88332e-07 -2.32032e-05 -1.93244e-06 0.0795194 5.88097e-07 9.64344e-07 1.62596e-06 -2.81239e-07 
71.3181 0.05 0.716559 0.00038285 -2.52954e-07 -9.69792e-07 0.000381346 1.26618e-06 -0.341563 -1.40458e-06 -1.95449e-06 0.000372638 -1.05407e-06 -8.17607e-05 1.84865e-06 -8.32548e-07 2.61594e-06 5.18362e-06 0.000366179 8.88218e-07 -2.32127e-05 -1.94359e-06 0.0795219 5.81961e-07 9.638e-07 1.62429e-06 -2.83695e-07 
71.3375 0.05 0.716558 0.00038285 -2.52969e-07 -9.69735e-07 0.000381346 1.26653e-06 -0.341562 -1.40466e-06 -1.95461e-06 0.000372639 -1.05422e-06 -8.1761e-05 1.84888e-06 -8.32182e-07 2.6165e-06 5.18384e-06 0.00036618 8.88207e-07 -2.32136e-05 -1.9447e-06 0.0795222 5.81348e-07 9.63745e-07 1.62412e-06 -2.8394e-07 
71.3907 0.05 0.716558 0.00038285 -2.5297e-07 -9.69729e-07 0.000381346 1.26656e-06 -0.341562 -1.40467e-06 -1.95462e-06 0.000372639 -1.05424e-06 -8.17611e-05 1.8489e-06 -8.32145e-07 2.61655e-06 5.18386e-06 0.000366181 8.88206e-07 -2.32137e-05 -1.94482e-06 0.0795222 5.81286e-07 9.6374e-07 1.6241e-06 -2.83965e-07 
71.3618 0.05 0.716558 0.00038285 -2.5297e-07 -9.69729e-07 0.000381346 1.26656e-06 -0.341562 -1.40467e-06 -1.95462e-06 0.000372639 -1.05424e-06 -8.17611e-05 1.8489e-06 -8.32141e-07 2.61656e-06 5.18386e-06 0.000366181 8.88206e-07 -2.32138e-05 -1.94483e-06 0.0795222 5.8128e-07 9.63739e-07 1.6241e-06 -2.83967e-07 
71.3929 0.05 0.716558 0.00038285 -2.5297e-07 -9.69729e-07 0.000381346 1.26656e-06 -0.341562 -1.40467e-06 -1.95462e-06 0.000372639 -1.05424e-06 -8.17611e-05 1.8489e-06 -8.32141e-07 2.61656e-06 5.18386e-06 0.000366181 8.88206e-07 -2.32138e-05 -1.94483e-06 0.0795222 5.81279e-07 9.63739e-07 1.6241e-06 -2.83968e-07 
71.3546 0.05 0.716558 0.00038285 -2.5297e-07 -9.69729e-07 0.000381346 1.26656e-06 -0.341562 -1.40467e-06 -1.95462e-06 0.000372639 -1.05424e-06 -8.17611e-05 1.8489e-06 -8.32141e-07 2.61656e-06 5.18386e-06 0.000366181 8.88206e-07 -2.32138e-05 -1.94483e-06 0.0795222 5.81279e-07 9.63739e-07 1.6241e-06 -2.83968e-07 
71.177 0.05 0.716558 0.00038285 -2.5297e-07 -9.69729e-07 0.000381346 1.26656e-06 -0.341562 -1.40467e-06 -1.95462e-06 0.000372639 -1.05424e-06 -8.17611e-05 1.8489e-06 -8.32141e-07 2.61656e-06 5.18386e-06 0.000366181 8.88206e-07 -2.32138e-05 -1.94483e-06 0.0795222 5.81279e-07 9.63739e-07 1.6241e-06 -2.83968e-07 
71.3694 0.05 0.716558 0.00038285 -2.5297e-07 -9.69729e-07 0.000381346 1.26656e-06 -0.341562 -1.40467e-06 -1.95462e-06 0.000372639 -1.05424e-06 -8.17611e-05 1.8489e-06 -8.32141e-07 2.61656e-06 5.18386e-06 0.000366181 8.88206e-07 -2.32138e-05 -1.94483e-06 0.0795222 5.81279e-07 9.63739e-07 1.6241e-06 -2.83968e-07 
71.2685 0.05 0.716558 0.00038285 -2.5297e-07 -9.69729e-07 0.000381346 1.26656e-06 -0.341562 -1.40467e-06 -1.95462e-06 0.000372639 -1.05424e-06 -8.17611e-05 1.8489e-06 -8.32141e-07 2.61656e-06 5.18386e-06 0.000366181 8.88206e-07 -2.32138e-05 -1.94483e-06 0.0795222 5.81279e-07 9.63739e-07 1.6241e-06 -2.83968e-07 
71.3736 0.05 0.716558 0.00038285 -2.5297e-07 -9.69729e-07 0.000381346 1.26656e-06 -0.341562 -1.40467e-06 -1.95462e-06 0.000372639 -1.05424e-06 -8.17611e-05 1.8489e-06 -8.32141e-07 2.61656e-06 5.18386e-06 0.000366181 8.88206e-07 -2.32138e-05 -1.94483e-06 0.0795222 5.81279e-07 9.63739e-07 1.6241e-06 -2.83968e-07 
71.3993 0.05 0.716558 0.00038285 -2.5297e-07 -9.69729e-07 0.000381346 1.26656e-06 -0.341562 -1.40467e-06 -1.95462e-06 0.000372639 -1.05424e-06 -8.17611e-05 1.8489e-06 -8.32141e-07 2.61656e-06 5.18386e-06 0.000366181 8.88206e-07 -2.32138e-05 -1.94483e-06 0.0795222 5.81279e-07 9.63739e-07 1.6241e-06 -2.83968e-07 
71.3565 0.05 0.716558 0.00038285 -2.5297e-07 -9.69729e-07 0.000381346 1.26656e-06 -0.341562 -1.40467e-06 -1.95462e-06 0.000372639 -1.05424e-06 -8.17611e-05 1.8489e-06 -8.32141e-07 2.61656e-06 5.18386e-06 0.000366181 8.88206e-07 -2.32138e-05 -1.94483e-06 0.0795222 5.81279e-07 9.63739e-07 1.6241e-06 -2.83968e-07 
71.3591 0.05 0.716558 0.00038285 -2.5297e-07 -9.69729e-07 0.000381346 1.26656e-06 -0.341562 -1.40467e-06 -1.95462e-06 0.000372639 -1.05424e-06 -8.17611e-05 1.8489e-06 -8.32141e-07 2.61656e-06 5.18386e-06 0.000366181 8.88206e-07 -2.32138e-05 -1.94483e-06 0.0795222 5.81279e-07 9.63739e-07 1.6241e-06 -2.83968e-07 
71.3717 0.05 0.716558 0.00038285 -2.5297e-07 -9.69729e-07 0.000381346 1.26656e-06 -0.341562 -1.40467e-06 -1.95462e-06 0.000372639 -1.05424e-06 -8.17611e-05 1.8489e-06 -8.32141e-07 2.61656e-06 5.18386e-06 0.000366181 8.88206e-07 -2.32138e-05 -1.94483e-06 0.0795222 5.81279e-07 9.63739e-07 1.6241e-06 -2.83968e-07 
71.3601 0.05 0.716558 0.00038285 -2.5297e-07 -9.69729e-07 0.000381346 1.26656e-06 -0.341562 -1.40467e-06 -1.95462e-06 0.000372639 -1.05424e-06 -8.17611e-05 1.8489e-06 -8.32141e-07 2.61656e-06 5.18386e-06 0.000366181 8.88206e-07 -2.32138e-05 -1.94483e-06 0.0795222 5.81279e-07 9.63739e-07 1.6241e-06 -2.83968e-07 
71.3506 0.05 0.716558 0.00038285 -2.5297e-07 -9.69729e-07 0.000381346 1.26656e-06 -0.341562 -1.40467e-06 -1.95462e-06 0.000372639 -1.05424e-06 -8.17611e-05 1.8489e-06 -8.32141e-07 2.61656e-06 5.18386e-06 0.000366181 8.88206e-07 -2.32138e-05 -1.94483e-06 0.0795222 5.81279e-07 9.63739e-07 1.6241e-06 -2.83968e-07 
71.3786 0.05 0.716558 0.00038285 -2.5297e-07 -9.69729e-07 0.000381346 1.26656e-06 -0.341562 -1.40467e-06 -1.95462e-06 0.000372639 -1.05424e-06 -8.17611e-05 1.8489e-06 -8.32141e-07 2.61656e-06 5.18386e-06 0.000366181 8.88206e-07 -2.32138e-05 -1.94483e-06 0.0795222 5.81279e-07 9.63739e-07 1.6241e-06 -2.83968e-07 
71.4179 0.05 0.716558 0.00038285 -2.5297e-07 -9.69729e-07 0.000381346 1.26656e-06 -0.341562 -1.40467e-06 -1.95462e-06 0.000372639 -1.05424e-06 -8.17611e-05 1.8489e-06 -8.32141e-07 2.61656e-06 5.18386e-06 0.000366181 8.88206e-07 -2.32138e-05 -1.94483e-06 0.0795222 5.81279e-07 9.63739e-07 1.6241e-06 -2.83968e-07 
