#1 rho_s 
#2 coeffs 
102.939 0.02 0 0 0 0 1 0 0 0 0 0 0 0 0 0 0 0 0 0 0 0 0 0 0 0 0 
100.923 0.02 0.0242652 0.000781056 -0.00181434 0.00259039 1.00013 0.00318929 -0.0265216 -0.000303603 -0.00421001 -0.000976343 9.73751e-05 -0.000977166 0.00223104 -0.000875153 -0.00134753 0.00262448 -0.0329519 -0.003574 -9.46656e-05 -0.0028663 0.00639635 0.000438288 0.00217427 -0.00039229 -0.000112449 
100.496 0.02 0.0218387 0.000702951 -0.00163291 0.00233135 1.00012 0.00287036 -0.0238694 -0.000273243 -0.00378901 -0.000878709 8.76376e-05 -0.000879449 0.00200794 -0.000787638 -0.00121277 0.00236203 -0.0296567 -0.0032166 -8.5199e-05 -0.00257967 0.00575671 0.00039446 0.00195684 -0.000353061 -0.000101204 
102.939 0.02 0.0194122 0.000624845 -0.00145147 0.00207231 1.0001 0.00255143 -0.0212173 -0.000242883 -0.00336801 -0.000781075 7.79001e-05 -0.000781733 0.00178483 -0.000700123 -0.00107802 0.00209958 -0.0263615 -0.0028592 -7.57325e-05 -0.00229304 0.00511708 0.000350631 0.00173941 -0.000313832 -8.99593e-05 
99.5133 0.02 0.0169857 0.000546739 -0.00127004 0.00181327 1.00009 0.0022325 -0.0185651 -0.000212522 -0.00294701 -0.00068344 6.81626e-05 -0.000684016 0.00156173 -0.000612607 -0.000943269 0.00183713 -0.0230663 -0.0025018 -6.62659e-05 -0.00200641 0.00447744 0.000306802 0.00152199 -0.000274603 -7.87144e-05 
105.179 0.02 0.0145591 0.000468634 -0.00108861 0.00155423 1.00008 0.00191357 -0.015913 -0.000182162 -0.002526 -0.000585806 5.84251e-05 -0.0005863 0.00133862 -0.000525092 -0.000808516 0.00157469 -0.0197711 -0.0021444 -5.67994e-05 -0.00171978 0.00383781 0.000262973 0.00130456 -0.000235374 -6.74695e-05 
107.446 0.02 0.0121326 0.000390528 -0.000907171 0.00129519 1.00007 0.00159464 -0.0132608 -0.000151802 -0.002105 -0.000488172 4.86875e-05 -0.000488583 0.00111552 -0.000437577 -0.000673764 0.00131224 -0.0164759 -0.001787 -4.73328e-05 -0.00143315 0.00319817 0.000219144 0.00108713 -0.000196145 -5.62246e-05 
101.594 0.02 0.00970609 0.000312422 -0.000725737 0.00103616 1.00005 0.00127571 -0.0106086 -0.000121441 -0.001684 -0.000390537 3.895e-05 -0.000390866 0.000892416 -0.000350061 -0.000539011 0.00104979 -0.0131807 -0.0014296 -3.78662e-05 -0.00114652 0.00255854 0.000175315 0.000869706 -0.000156916 -4.49797e-05 
99.5389 0.02 0.00727957 0.000234317 -0.000544303 0.000777116 1.00004 0.000956786 -0.00795648 -9.10809e-05 -0.001263 -0.000292903 2.92125e-05 -0.00029315 0.000669312 -0.000262546 -0.000404258 0.000787343 -0.00988556 -0.0010722 -2.83997e-05 -0.00085989 0.0019189 0.000131487 0.00065228 -0.000117687 -3.37347e-05 
100.927 0.02 0.00485304 0.000156211 -0.000362869 0.000518078 1.00003 0.000637857 -0.00530432 -6.07206e-05 -0.000842002 -0.000195269 1.9475e-05 -0.000195433 0.000446208 -0.000175031 -0.000269505 0.000524896 -0.00659037 -0.0007148 -1.89331e-05 -0.00057326 0.00127927 8.76577e-05 0.000434853 -7.84581e-05 -2.24898e-05 
101.299 0.02 0.00242652 7.81056e-05 -0.000181434 0.000259039 1.00001 0.000318929 -0.00265216 -3.03603e-05 -0.000421001 -9.76343e-05 9.73751e-06 -9.77166e-05 0.000223104 -8.75153e-05 -0.000134753 0.000262448 -0.00329519 -0.0003574 -9.46656e-06 -0.00028663 0.000639635 4.38288e-05 0.000217427 -3.9229e-05 -1.12449e-05 
100.762 0.02 2.52561e-18 8.1295e-20 -1.88843e-19 2.69616e-19 1 3.31952e-19 -2.76046e-18 -3.16e-20 -4.38192e-19 -1.01621e-19 1.01351e-20 -1.01707e-19 2.32214e-19 -9.10889e-20 -1.40255e-19 2.73165e-19 -3.42974e-18 -3.71994e-19 -9.85312e-21 -2.98334e-19 6.65754e-19 4.56185e-20 2.26305e-19 -4.08309e-20 -1.17041e-20 
107.919 0.02 -0.00242652 -7.81056e-05 0.000181434 -0.000259039 0.999987 -0.000318929 0.00265216 3.03603e-05 0.000421001 9.76343e-05 -9.73751e-06 9.77166e-05 -0.000223104 8.75153e-05 0.000134753 -0.000262448 0.00329519 0.0003574 9.46656e-06 0.00028663 -0.000639635 -4.38288e-05 -0.000217427 3.9229e-05 1.12449e-05 
102.585 0.02 -0.00485304 -0.000156211 0.000362869 -0.000518078 0.999974 -0.000637857 0.00530432 6.07206e-05 0.000842002 0.000195269 -1.9475e-05 0.000195433 -0.000446208 0.000175031 0.000269505 -0.000524896 0.00659037 0.0007148 1.89331e-05 0.00057326 -0.00127927 -8.76577e-05 -0.000434853 7.84581e-05 2.24898e-05 
105.275 0.02 -0.00727957 -0.000234317 0.000544303 -0.000777116 0.999961 -0.000956786 0.00795648 9.10809e-05 0.001263 0.000292903 -2.92125e-05 0.00029315 -0.000669312 0.000262546 0.000404258 -0.000787343 0.00988556 0.0010722 2.83997e-05 0.00085989 -0.0019189 -0.000131487 -0.00065228 0.000117687 3.37347e-05 
108.037 0.02 -0.00970609 -0.000312422 0.000725737 -0.00103616 0.999948 -0.00127571 0.0106086 0.000121441 0.001684 0.000390537 -3.895e-05 0.000390866 -0.000892416 0.000350061 0.000539011 -0.00104979 0.0131807 0.0014296 3.78662e-05 0.00114652 -0.00255854 -0.000175315 -0.000869706 0.000156916 4.49797e-05 
107.099 0.02 -0.0121326 -0.000390528 0.000907171 -0.00129519 0.999935 -0.00159464 0.0132608 0.000151802 0.002105 0.000488172 -4.86875e-05 0.000488583 -0.00111552 0.000437577 0.000673764 -0.00131224 0.0164759 0.001787 4.73328e-05 0.00143315 -0.00319817 -0.000219144 -0.00108713 0.000196145 5.62246e-05 
100.791 0.02 -0.0145591 -0.000468634 0.00108861 -0.00155423 0.999922 -0.00191357 0.015913 0.000182162 0.002526 0.000585806 -5.84251e-05 0.0005863 -0.00133862 0.000525092 0.000808516 -0.00157469 0.0197711 0.0021444 5.67994e-05 0.00171978 -0.00383781 -0.000262973 -0.00130456 0.000235374 6.74695e-05 
100.316 0.02 -0.0169857 -0.000546739 0.00127004 -0.00181327 0.999909 -0.0022325 0.0185651 0.000212522 0.00294701 0.00068344 -6.81626e-05 0.000684016 -0.00156173 0.000612607 0.000943269 -0.00183713 0.0230663 0.0025018 6.62659e-05 0.00200641 -0.00447744 -0.000306802 -0.00152199 0.000274603 7.87144e-05 
104.185 0.02 -0.0194122 -0.000624845 0.00145147 -0.00207231 0.999895 -0.00255143 0.0212173 0.000242883 0.00336801 0.000781075 -7.79001e-05 0.000781733 -0.00178483 0.000700123 0.00107802 -0.00209958 0.0263615 0.0028592 7.57325e-05 0.00229304 -0.00511708 -0.000350631 -0.00173941 0.000313832 8.99593e-05 
99.8113 0.02 -0.0218387 -0.000702951 0.00163291 -0.00233135 0.999882 -0.00287036 0.0238694 0.000273243 0.00378901 0.000878709 -8.76376e-05 0.000879449 -0.00200794 0.000787638 0.00121277 -0.00236203 0.0296567 0.0032166 8.5199e-05 0.00257967 -0.00575671 -0.00039446 -0.00195684 0.000353061 0.000101204 
96.8881 0.02 -0.0242652 -0.000781056 0.00181434 -0.00259039 0.999869 -0.00318929 0.0265216 0.000303603 0.00421001 0.000976343 -9.73751e-05 0.000977166 -0.00223104 0.000875153 0.00134753 -0.00262448 0.0329519 0.003574 9.46656e-05 0.0028663 -0.00639635 -0.000438288 -0.00217427 0.00039229 0.000112449 
98.3223 0.02 -0.0266917 -0.000859162 0.00199578 -0.00284943 0.999856 -0.00350821 0.0291738 0.000333963 0.00463101 0.00107398 -0.000107113 0.00107488 -0.00245414 0.000962669 0.00148228 -0.00288693 0.036247 0.0039314 0.000104132 0.00315293 -0.00703598 -0.000482117 -0.00239169 0.000431519 0.000123694 
100.084 0.02 -0.0291183 -0.000937267 0.00217721 -0.00310847 0.999843 -0.00382714 0.0318259 0.000364324 0.00505201 0.00117161 -0.00011685 0.0011726 -0.00267725 0.00105018 0.00161703 -0.00314937 0.0395422 0.0042888 0.000113599 0.00343956 -0.00767562 -0.000525946 -0.00260912 0.000470748 0.000134939 
