#1 rho_s 
#2 coeffs 
0.861778 0.02 1 0 0 0 0 0 0 0 0 0 0 0 0 0 0 0 0 0 0 0 0 0 0 0 0 
0.480717 0.02 0.800001 3.22465e-06 1.18872e-05 -1.32013e-05 -9.13284e-05 5.10426e-05 0.000259501 -5.44381e-06 6.81394e-05 1.83298e-05 -3.18819e-05 -0.00010595 -0.000104289 0.000133222 -6.8625e-05 1.46059e-05 2.85092e-05 4.54901e-05 6.85483e-05 -8.13779e-05 -7.56667e-05 8.87745e-05 0.000165918 -2.69704e-05 -0.00021708 
0.48195 0.02 0.820001 2.90219e-06 1.06985e-05 -1.18812e-05 -8.21955e-05 4.59384e-05 0.000233551 -4.89943e-06 6.13254e-05 1.64968e-05 -2.86937e-05 -9.53549e-05 -9.38603e-05 0.0001199 -6.17625e-05 1.31453e-05 2.56583e-05 4.09411e-05 6.16934e-05 -7.32401e-05 -6.81001e-05 7.98971e-05 0.000149326 -2.42734e-05 -0.000195372 
0.487581 0.02 0.84 2.57972e-06 9.50974e-06 -1.05611e-05 -7.30627e-05 4.08341e-05 0.000207601 -4.35504e-06 5.45115e-05 1.46638e-05 -2.55055e-05 -8.47599e-05 -8.34314e-05 0.000106578 -5.49e-05 1.16847e-05 2.28074e-05 3.63921e-05 5.48386e-05 -6.51023e-05 -6.05334e-05 7.10196e-05 0.000132735 -2.15763e-05 -0.000173664 
0.49818 0.02 0.86 2.25726e-06 8.32102e-06 -9.24094e-06 -6.39299e-05 3.57298e-05 0.000181651 -3.81066e-06 4.76976e-05 1.28309e-05 -2.23173e-05 -7.41649e-05 -7.30025e-05 9.32557e-05 -4.80375e-05 1.02241e-05 1.99565e-05 3.18431e-05 4.79838e-05 -5.69645e-05 -5.29667e-05 6.21422e-05 0.000116143 -1.88793e-05 -0.000151956 
0.514556 0.02 0.88 1.93479e-06 7.1323e-06 -7.92081e-06 -5.4797e-05 3.06256e-05 0.000155701 -3.26628e-06 4.08836e-05 1.09979e-05 -1.91291e-05 -6.35699e-05 -6.25735e-05 7.99335e-05 -4.1175e-05 8.76355e-06 1.71055e-05 2.72941e-05 4.1129e-05 -4.88267e-05 -4.54e-05 5.32647e-05 9.95509e-05 -1.61822e-05 -0.000130248 
0.537954 0.02 0.9 1.61233e-06 5.94359e-06 -6.60067e-06 -4.56642e-05 2.55213e-05 0.000129751 -2.7219e-06 3.40697e-05 9.1649e-06 -1.59409e-05 -5.29749e-05 -5.21446e-05 6.66112e-05 -3.43125e-05 7.30296e-06 1.42546e-05 2.27451e-05 3.42741e-05 -4.06889e-05 -3.78334e-05 4.43873e-05 8.29591e-05 -1.34852e-05 -0.00010854 
0.570099 0.02 0.92 1.28986e-06 4.75487e-06 -5.28054e-06 -3.65313e-05 2.04171e-05 0.000103801 -2.17752e-06 2.72558e-05 7.33192e-06 -1.27528e-05 -4.238e-05 -4.17157e-05 5.3289e-05 -2.745e-05 5.84237e-06 1.14037e-05 1.81961e-05 2.74193e-05 -3.25511e-05 -3.02667e-05 3.55098e-05 6.63673e-05 -1.07882e-05 -8.6832e-05 
0.61355 0.02 0.94 9.67395e-07 3.56615e-06 -3.9604e-06 -2.73985e-05 1.53128e-05 7.78504e-05 -1.63314e-06 2.04418e-05 5.49894e-06 -9.56457e-06 -3.1785e-05 -3.12868e-05 3.99667e-05 -2.05875e-05 4.38177e-06 8.55277e-06 1.3647e-05 2.05645e-05 -2.44134e-05 -2.27e-05 2.66324e-05 4.97754e-05 -8.09112e-06 -6.5124e-05 
0.672031 0.02 0.96 6.4493e-07 2.37743e-06 -2.64027e-06 -1.82657e-05 1.02085e-05 5.19003e-05 -1.08876e-06 1.36279e-05 3.66596e-06 -6.37638e-06 -2.119e-05 -2.08578e-05 2.66445e-05 -1.3725e-05 2.92118e-06 5.70185e-06 9.09803e-06 1.37097e-05 -1.62756e-05 -1.51333e-05 1.77549e-05 3.31836e-05 -5.39408e-06 -4.3416e-05 
0.751591 0.02 0.98 3.22465e-07 1.18872e-06 -1.32013e-06 -9.13284e-06 5.10426e-06 2.59501e-05 -5.44381e-07 6.81394e-06 1.83298e-06 -3.18819e-06 -1.0595e-05 -1.04289e-05 1.33222e-05 -6.8625e-06 1.46059e-06 2.85092e-06 4.54901e-06 6.85483e-06 -8.13779e-06 -7.56667e-06 8.87745e-06 1.65918e-05 -2.69704e-06 -2.1708e-05 
0.86183 0.02 1 3.35633e-22 1.23726e-21 -1.37404e-21 -9.50577e-21 5.31269e-21 2.70098e-20 -5.6661e-22 7.09218e-21 1.90783e-21 -3.31838e-21 -1.10276e-20 -1.08548e-20 1.38662e-20 -7.14272e-21 1.52023e-21 2.96734e-21 4.73477e-21 7.13474e-21 -8.47009e-21 -7.87565e-21 9.23996e-21 1.72693e-20 -2.80717e-21 -2.25944e-20 
1.01761 0.02 1.02 -3.22465e-07 -1.18872e-06 1.32013e-06 9.13284e-06 -5.10426e-06 -2.59501e-05 5.44381e-07 -6.81394e-06 -1.83298e-06 3.18819e-06 1.0595e-05 1.04289e-05 -1.33222e-05 6.8625e-06 -1.46059e-06 -2.85092e-06 -4.54901e-06 -6.85483e-06 8.13779e-06 7.56667e-06 -8.87745e-06 -1.65918e-05 2.69704e-06 2.1708e-05 
1.24775 0.02 1.04 -6.4493e-07 -2.37743e-06 2.64027e-06 1.82657e-05 -1.02085e-05 -5.19003e-05 1.08876e-06 -1.36279e-05 -3.66596e-06 6.37638e-06 2.119e-05 2.08578e-05 -2.66445e-05 1.3725e-05 -2.92118e-06 -5.70185e-06 -9.09803e-06 -1.37097e-05 1.62756e-05 1.51333e-05 -1.77549e-05 -3.31836e-05 5.39408e-06 4.3416e-05 
1.60581 0.02 1.06 -9.67395e-07 -3.56615e-06 3.9604e-06 2.73985e-05 -1.53128e-05 -7.78504e-05 1.63314e-06 -2.04418e-05 -5.49894e-06 9.56457e-06 3.1785e-05 3.12868e-05 -3.99667e-05 2.05875e-05 -4.38177e-06 -8.55277e-06 -1.3647e-05 -2.05645e-05 2.44134e-05 2.27e-05 -2.66324e-05 -4.97754e-05 8.09112e-06 6.5124e-05 
2.20508 0.02 1.08 -1.28986e-06 -4.75487e-06 5.28054e-06 3.65313e-05 -2.04171e-05 -0.000103801 2.17752e-06 -2.72558e-05 -7.33192e-06 1.27528e-05 4.238e-05 4.17157e-05 -5.3289e-05 2.745e-05 -5.84237e-06 -1.14037e-05 -1.81961e-05 -2.74193e-05 3.25511e-05 3.02667e-05 -3.55098e-05 -6.63673e-05 1.07882e-05 8.6832e-05 
3.31265 0.02 1.1 -1.61233e-06 -5.94359e-06 6.60067e-06 4.56642e-05 -2.55213e-05 -0.000129751 2.7219e-06 -3.40697e-05 -9.1649e-06 1.59409e-05 5.29749e-05 5.21446e-05 -6.66112e-05 3.43125e-05 -7.30296e-06 -1.42546e-05 -2.27451e-05 -3.42741e-05 4.06889e-05 3.78334e-05 -4.43873e-05 -8.29591e-05 1.34852e-05 0.00010854 
5.66793 0.02 1.12 -1.93479e-06 -7.1323e-06 7.92081e-06 5.4797e-05 -3.06256e-05 -0.000155701 3.26628e-06 -4.08836e-05 -1.09979e-05 1.91291e-05 6.35699e-05 6.25735e-05 -7.99335e-05 4.1175e-05 -8.76355e-06 -1.71055e-05 -2.72941e-05 -4.1129e-05 4.88267e-05 4.54e-05 -5.32647e-05 -9.95509e-05 1.61822e-05 0.000130248 
11.5737 0.02 1.14 -2.25726e-06 -8.32102e-06 9.24094e-06 6.39299e-05 -3.57298e-05 -0.000181651 3.81066e-06 -4.76976e-05 -1.28309e-05 2.23173e-05 7.41649e-05 7.30025e-05 -9.32557e-05 4.80375e-05 -1.02241e-05 -1.99565e-05 -3.18431e-05 -4.79838e-05 5.69645e-05 5.29667e-05 -6.21422e-05 -0.000116143 1.88793e-05 0.000151956 
23.6821 0.02 1.16 -2.57972e-06 -9.50974e-06 1.05611e-05 7.30627e-05 -4.08341e-05 -0.000207601 4.35504e-06 -5.45115e-05 -1.46638e-05 2.55055e-05 8.47599e-05 8.34314e-05 -0.000106578 5.49e-05 -1.16847e-05 -2.28074e-05 -3.63921e-05 -5.48386e-05 6.51023e-05 6.05334e-05 -7.10196e-05 -0.000132735 2.15763e-05 0.000173664 
18.3479 0.02 1.18 -2.90219e-06 -1.06985e-05 1.18812e-05 8.21955e-05 -4.59384e-05 -0.000233551 4.89943e-06 -6.13254e-05 -1.64968e-05 2.86937e-05 9.53549e-05 9.38603e-05 -0.0001199 6.17625e-05 -1.31453e-05 -2.56583e-05 -4.09411e-05 -6.16934e-05 7.32401e-05 6.81001e-05 -7.98971e-05 -0.000149326 2.42734e-05 0.000195372 
7.4421 0.02 1.2 -3.22465e-06 -1.18872e-05 1.32013e-05 9.13284e-05 -5.10426e-05 -0.000259501 5.44381e-06 -6.81394e-05 -1.83298e-05 3.18819e-05 0.00010595 0.000104289 -0.000133222 6.8625e-05 -1.46059e-05 -2.85092e-05 -4.54901e-05 -6.85483e-05 8.13779e-05 7.56667e-05 -8.87745e-05 -0.000165918 2.69704e-05 0.00021708 
3.41621 0.02 1.22 -3.54712e-06 -1.30759e-05 1.45215e-05 0.000100461 -5.61469e-05 -0.000285451 5.98819e-06 -7.49533e-05 -2.01628e-05 3.50701e-05 0.000116545 0.000114718 -0.000146545 7.54875e-05 -1.60665e-05 -3.13602e-05 -5.00392e-05 -7.54031e-05 8.95157e-05 8.32334e-05 -9.7652e-05 -0.00018251 2.96674e-05 0.000238788 
1.85032 0.02 1.24 -3.86958e-06 -1.42646e-05 1.58416e-05 0.000109594 -6.12512e-05 -0.000311402 6.53257e-06 -8.17673e-05 -2.19958e-05 3.82583e-05 0.00012714 0.000125147 -0.000159867 8.235e-05 -1.75271e-05 -3.42111e-05 -5.45882e-05 -8.22579e-05 9.76534e-05 9.08001e-05 -0.000106529 -0.000199102 3.23645e-05 0.000260496 
1.12578 0.02 1.26 -4.19205e-06 -1.54533e-05 1.71618e-05 0.000118727 -6.63554e-05 -0.000337352 7.07695e-06 -8.85812e-05 -2.38288e-05 4.14465e-05 0.000137735 0.000135576 -0.000173189 8.92124e-05 -1.89877e-05 -3.7062e-05 -5.91372e-05 -8.91127e-05 0.000105791 9.83667e-05 -0.000115407 -0.000215694 3.50615e-05 0.000282204 
0.74332 0.02 1.28 -4.51451e-06 -1.6642e-05 1.84819e-05 0.00012786 -7.14597e-05 -0.000363302 7.62133e-06 -9.53951e-05 -2.56617e-05 4.46346e-05 0.00014833 0.000146005 -0.000186511 9.60749e-05 -2.04483e-05 -3.99129e-05 -6.36862e-05 -9.59676e-05 0.000113929 0.000105933 -0.000124284 -0.000232285 3.77586e-05 0.000303912 
0.520477 0.02 1.3 -4.83698e-06 -1.78308e-05 1.9802e-05 0.000136993 -7.65639e-05 -0.000389252 8.16571e-06 -0.000102209 -2.74947e-05 4.78228e-05 0.000158925 0.000156434 -0.000199834 0.000102937 -2.19089e-05 -4.27639e-05 -6.82352e-05 -0.000102822 0.000122067 0.0001135 -0.000133162 -0.000248877 4.04556e-05 0.00032562 
0.381658 0.02 1.32 -5.15944e-06 -1.90195e-05 2.11222e-05 0.000146125 -8.16682e-05 -0.000415202 8.71009e-06 -0.000109023 -2.93277e-05 5.1011e-05 0.00016952 0.000166863 -0.000213156 0.0001098 -2.33695e-05 -4.56148e-05 -7.27842e-05 -0.000109677 0.000130205 0.000121067 -0.000142039 -0.000265469 4.31527e-05 0.000347328 
0.289838 0.02 1.34 -5.48191e-06 -2.02082e-05 2.24423e-05 0.000155258 -8.67725e-05 -0.000441152 9.25447e-06 -0.000115837 -3.11607e-05 5.41992e-05 0.000180115 0.000177292 -0.000226478 0.000116662 -2.48301e-05 -4.84657e-05 -7.73332e-05 -0.000116532 0.000138342 0.000128633 -0.000150917 -0.000282061 4.58497e-05 0.000369036 
0.226847 0.02 1.36 -5.80437e-06 -2.13969e-05 2.37624e-05 0.000164391 -9.18767e-05 -0.000467102 9.79885e-06 -0.000122651 -3.29937e-05 5.73874e-05 0.00019071 0.000187721 -0.0002398 0.000123525 -2.62906e-05 -5.13166e-05 -8.18823e-05 -0.000123387 0.00014648 0.0001362 -0.000159794 -0.000298653 4.85467e-05 0.000390744 
0.181833 0.02 1.38 -6.12684e-06 -2.25856e-05 2.50826e-05 0.000173524 -9.6981e-05 -0.000493053 1.03432e-05 -0.000129465 -3.48266e-05 6.05756e-05 0.000201305 0.00019815 -0.000253123 0.000130387 -2.77512e-05 -5.41676e-05 -8.64313e-05 -0.000130242 0.000154618 0.000143767 -0.000168672 -0.000315245 5.12438e-05 0.000412452 
0.148857 0.02 1.4 -6.4493e-06 -2.37743e-05 2.64027e-05 0.000182657 -0.000102085 -0.000519003 1.08876e-05 -0.000136279 -3.66596e-05 6.37638e-05 0.0002119 0.000208578 -0.000266445 0.00013725 -2.92118e-05 -5.70185e-05 -9.09803e-05 -0.000137097 0.000162756 0.000151333 -0.000177549 -0.000331836 5.39408e-05 0.00043416 
0.124188 0.02 1.42 -6.77177e-06 -2.49631e-05 2.77228e-05 0.00019179 -0.00010719 -0.000544953 1.1432e-05 -0.000143093 -3.84926e-05 6.6952e-05 0.000222495 0.000219007 -0.000279767 0.000144112 -3.06724e-05 -5.98694e-05 -9.55293e-05 -0.000143951 0.000170894 0.0001589 -0.000186427 -0.000348428 5.66379e-05 0.000455868 
0.105319 0.02 1.44 -7.09423e-06 -2.61518e-05 2.9043e-05 0.000200922 -0.000112294 -0.000570903 1.19764e-05 -0.000149907 -4.03256e-05 7.01402e-05 0.00023309 0.000229436 -0.000293089 0.000150975 -3.2133e-05 -6.27203e-05 -0.000100078 -0.000150806 0.000179031 0.000166467 -0.000195304 -0.00036502 5.93349e-05 0.000477576 
0.0906414 0.02 1.46 -7.4167e-06 -2.73405e-05 3.03631e-05 0.000210055 -0.000117398 -0.000596853 1.25208e-05 -0.000156721 -4.21586e-05 7.33283e-05 0.000243685 0.000239865 -0.000306412 0.000157837 -3.35936e-05 -6.55712e-05 -0.000104627 -0.000157661 0.000187169 0.000174033 -0.000204181 -0.000381612 6.20319e-05 0.000499284 
0.0790717 0.02 1.48 -7.73916e-06 -2.85292e-05 3.16832e-05 0.000219188 -0.000122502 -0.000622803 1.30651e-05 -0.000163535 -4.39915e-05 7.65165e-05 0.00025428 0.000250294 -0.000319734 0.0001647 -3.50542e-05 -6.84222e-05 -0.000109176 -0.000164516 0.000195307 0.0001816 -0.000213059 -0.000398204 6.4729e-05 0.000520992 
0.0698821 0.02 1.5 -8.06163e-06 -2.97179e-05 3.30034e-05 0.000228321 -0.000127607 -0.000648753 1.36095e-05 -0.000170348 -4.58245e-05 7.97047e-05 0.000264875 0.000260723 -0.000333056 0.000171562 -3.65148e-05 -7.12731e-05 -0.000113725 -0.000171371 0.000203445 0.000189167 -0.000221936 -0.000414795 6.7426e-05 0.0005427 
0.0625211 0.02 1.52 -8.38409e-06 -3.09066e-05 3.43235e-05 0.000237454 -0.000132711 -0.000674704 1.41539e-05 -0.000177162 -4.76575e-05 8.28929e-05 0.00027547 0.000271152 -0.000346378 0.000178425 -3.79754e-05 -7.4124e-05 -0.000118274 -0.000178225 0.000211582 0.000196733 -0.000230814 -0.000431387 7.01231e-05 0.000564408 
0.0565875 0.02 1.54 -8.70656e-06 -3.20954e-05 3.56436e-05 0.000246587 -0.000137815 -0.000700654 1.46983e-05 -0.000183976 -4.94905e-05 8.60811e-05 0.000286065 0.000281581 -0.000359701 0.000185287 -3.9436e-05 -7.69749e-05 -0.000122823 -0.00018508 0.00021972 0.0002043 -0.000239691 -0.000447979 7.28201e-05 0.000586116 
0.0518 0.02 1.56 -9.02902e-06 -3.32841e-05 3.69638e-05 0.000255719 -0.000142919 -0.000726604 1.52427e-05 -0.00019079 -5.13235e-05 8.92693e-05 0.00029666 0.00029201 -0.000373023 0.00019215 -4.08966e-05 -7.98259e-05 -0.000127372 -0.000191935 0.000227858 0.000211867 -0.000248569 -0.000464571 7.55171e-05 0.000607824 
0.0479465 0.02 1.58 -9.35149e-06 -3.44728e-05 3.82839e-05 0.000264852 -0.000148024 -0.000752554 1.5787e-05 -0.000197604 -5.31564e-05 9.24575e-05 0.000307255 0.000302439 -0.000386345 0.000199012 -4.23571e-05 -8.26768e-05 -0.000131921 -0.00019879 0.000235996 0.000219434 -0.000257446 -0.000481163 7.82142e-05 0.000629532 
