#1 rho_s 
#2 coeffs 
74.56 0.02 0 0 0 0 1 0 0 0 1 0 0 0 0 0 0 0 0 0 0 0 0 0 0 0 0 
73.9568 0.02 -0.0226473 0.00688617 0.0100006 -0.00256799 0.995161 0.0155693 0.013586 -0.00236459 1.00516 -0.00270181 -0.00487398 0.0046419 -0.0109285 0.00345529 0.00501559 0.00472184 0.000212456 -0.000765154 -0.00208559 -0.00286629 0.000172104 -0.00206671 0.00212733 0.0147705 0.0296457 
77.7921 0.02 -0.0452945 0.0137723 0.0200013 -0.00513597 0.990322 0.0311387 0.0271721 -0.00472917 1.01031 -0.00540361 -0.00974796 0.00928379 -0.021857 0.00691057 0.0100312 0.00944367 0.000424912 -0.00153031 -0.00417119 -0.00573258 0.000344208 -0.00413341 0.00425466 0.029541 0.0592914 
77.1173 0.02 -0.0679418 0.0206585 0.0300019 -0.00770396 0.985483 0.046708 0.0407581 -0.00709376 1.01547 -0.00810542 -0.0146219 0.0139257 -0.0327854 0.0103659 0.0150468 0.0141655 0.000637368 -0.00229546 -0.00625678 -0.00859886 0.000516312 -0.00620012 0.006382 0.0443115 0.0889371 
73.8284 0.02 -0.0905891 0.0275447 0.0400025 -0.0102719 0.980643 0.0622774 0.0543442 -0.00945835 1.02063 -0.0108072 -0.0194959 0.0185676 -0.0437139 0.0138211 0.0200623 0.0188873 0.000849824 -0.00306061 -0.00834238 -0.0114652 0.000688417 -0.00826682 0.00850933 0.059082 0.118583 
69.5897 0.02 -0.113236 0.0344308 0.0500032 -0.0128399 0.975804 0.0778467 0.0679302 -0.0118229 1.02579 -0.013509 -0.0243699 0.0232095 -0.0546424 0.0172764 0.0250779 0.0236092 0.00106228 -0.00382577 -0.010428 -0.0143314 0.000860521 -0.0103335 0.0106367 0.0738526 0.148228 
62.4088 0.02 -0.135884 0.041317 0.0600038 -0.0154079 0.970965 0.0934161 0.0815162 -0.0141875 1.03094 -0.0162108 -0.0292439 0.0278514 -0.0655709 0.0207317 0.0300935 0.028331 0.00127474 -0.00459092 -0.0125136 -0.0171977 0.00103262 -0.0124002 0.012764 0.0886231 0.177874 
72.4731 0.02 -0.158531 0.0482032 0.0700044 -0.0179759 0.966126 0.108985 0.0951023 -0.0165521 1.0361 -0.0189126 -0.0341179 0.0324933 -0.0764994 0.024187 0.0351091 0.0330529 0.00148719 -0.00535607 -0.0145992 -0.020064 0.00120473 -0.0144669 0.0148913 0.103394 0.20752 
72.0252 0.02 -0.181178 0.0550893 0.0800051 -0.0205439 0.961287 0.124555 0.108688 -0.0189167 1.04126 -0.0216145 -0.0389919 0.0371352 -0.0874279 0.0276423 0.0401247 0.0377747 0.00169965 -0.00612123 -0.0166848 -0.0229303 0.00137683 -0.0165336 0.0170187 0.118164 0.237166 
68.6773 0.02 -0.203825 0.0619755 0.0900057 -0.0231119 0.956448 0.140124 0.122274 -0.0212813 1.04642 -0.0243163 -0.0438658 0.0417771 -0.0983563 0.0310976 0.0451403 0.0424965 0.0019121 -0.00688638 -0.0187704 -0.0257966 0.00154894 -0.0186003 0.019146 0.132935 0.266811 
65.303 0.02 -0.226473 0.0688617 0.100006 -0.0256799 0.951608 0.155693 0.13586 -0.0236459 1.05157 -0.0270181 -0.0487398 0.046419 -0.109285 0.0345529 0.0501559 0.0472184 0.00212456 -0.00765154 -0.0208559 -0.0286629 0.00172104 -0.0206671 0.0212733 0.147705 0.296457 
60.4285 0.02 -0.24912 0.0757479 0.110007 -0.0282479 0.946769 0.171263 0.149446 -0.0260105 1.05673 -0.0297199 -0.0536138 0.0510609 -0.120213 0.0380081 0.0551714 0.0519402 0.00233701 -0.00841669 -0.0229415 -0.0315292 0.00189315 -0.0227338 0.0234007 0.162476 0.326103 
51.9643 0.02 -0.271767 0.082634 0.120008 -0.0308158 0.94193 0.186832 0.163032 -0.028375 1.06189 -0.0324217 -0.0584878 0.0557027 -0.131142 0.0414634 0.060187 0.056662 0.00254947 -0.00918184 -0.0250271 -0.0343955 0.00206525 -0.0248005 0.025528 0.177246 0.355748 
46.0862 0.02 -0.294415 0.0895202 0.130008 -0.0333838 0.937091 0.202402 0.176618 -0.0307396 1.06705 -0.0351235 -0.0633618 0.0603446 -0.14207 0.0449187 0.0652026 0.0613839 0.00276193 -0.009947 -0.0271127 -0.0372617 0.00223735 -0.0268672 0.0276553 0.192017 0.385394 
47.2753 0.02 -0.317062 0.0964064 0.140009 -0.0359518 0.932252 0.217971 0.190205 -0.0331042 1.0722 -0.0378253 -0.0682358 0.0649865 -0.152999 0.048374 0.0702182 0.0661057 0.00297438 -0.0107121 -0.0291983 -0.040128 0.00240946 -0.0289339 0.0297826 0.206787 0.41504 
37.7197 0.02 -0.339709 0.103293 0.15001 -0.0385198 0.927413 0.23354 0.203791 -0.0354688 1.07736 -0.0405271 -0.0731097 0.0696284 -0.163927 0.0518293 0.0752338 0.0708275 0.00318684 -0.0114773 -0.0312839 -0.0429943 0.00258156 -0.0310006 0.03191 0.221558 0.444685 
42.0747 0.02 -0.362356 0.110179 0.16001 -0.0410878 0.922573 0.24911 0.217377 -0.0378334 1.08252 -0.0432289 -0.0779837 0.0742703 -0.174856 0.0552846 0.0802494 0.0755494 0.00339929 -0.0122425 -0.0333695 -0.0458606 0.00275367 -0.0330673 0.0340373 0.236328 0.474331 
41.3389 0.02 -0.385004 0.117065 0.170011 -0.0436558 0.917734 0.264679 0.230963 -0.040198 1.08767 -0.0459307 -0.0828577 0.0789122 -0.185784 0.0587398 0.085265 0.0802712 0.00361175 -0.0130076 -0.0354551 -0.0487269 0.00292577 -0.035134 0.0361646 0.251099 0.503977 
46.5113 0.02 -0.407651 0.123951 0.180011 -0.0462238 0.912895 0.280248 0.244549 -0.0425626 1.09283 -0.0486325 -0.0877317 0.0835541 -0.196713 0.0621951 0.0902805 0.0849931 0.00382421 -0.0137728 -0.0375407 -0.0515932 0.00309787 -0.0372007 0.038292 0.265869 0.533622 
45.3077 0.02 -0.430298 0.130837 0.190012 -0.0487917 0.908056 0.295818 0.258135 -0.0449272 1.09799 -0.0513343 -0.0926057 0.088196 -0.207641 0.0656504 0.0952961 0.0897149 0.00403666 -0.0145379 -0.0396263 -0.0544595 0.00326998 -0.0392674 0.0404193 0.28064 0.563268 
40.709 0.02 -0.452945 0.137723 0.200013 -0.0513597 0.903217 0.311387 0.271721 -0.0472917 1.10315 -0.0540361 -0.0974796 0.0928379 -0.21857 0.0691057 0.100312 0.0944367 0.00424912 -0.0153031 -0.0417119 -0.0573258 0.00344208 -0.0413341 0.0425466 0.29541 0.592914 
37.0215 0.02 -0.475593 0.14461 0.210013 -0.0539277 0.898378 0.326956 0.285307 -0.0496563 1.1083 -0.0567379 -0.102354 0.0974798 -0.229498 0.072561 0.105327 0.0991586 0.00446157 -0.0160682 -0.0437975 -0.060192 0.00361419 -0.0434008 0.044674 0.310181 0.62256 
35.3835 0.02 -0.49824 0.151496 0.220014 -0.0564957 0.893538 0.342526 0.298893 -0.0520209 1.11346 -0.0594398 -0.107228 0.102122 -0.240427 0.0760163 0.110343 0.10388 0.00467403 -0.0168334 -0.0458831 -0.0630583 0.00378629 -0.0454675 0.0468013 0.324951 0.652205 
39.8991 0.02 -0.520887 0.158382 0.230015 -0.0590637 0.888699 0.358095 0.312479 -0.0543855 1.11862 -0.0621416 -0.112102 0.106764 -0.251355 0.0794716 0.115358 0.108602 0.00488649 -0.0175985 -0.0479687 -0.0659246 0.0039584 -0.0475342 0.0489286 0.339722 0.681851 
33.0844 0.02 -0.543535 0.165268 0.240015 -0.0616317 0.88386 0.373664 0.326065 -0.0567501 1.12378 -0.0648434 -0.116976 0.111405 -0.262284 0.0829268 0.120374 0.113324 0.00509894 -0.0183637 -0.0500543 -0.0687909 0.0041305 -0.0496009 0.051056 0.354492 0.711497 
36.6925 0.02 -0.566182 0.172154 0.250016 -0.0641997 0.879021 0.389234 0.339651 -0.0591147 1.12893 -0.0675452 -0.12185 0.116047 -0.273212 0.0863821 0.12539 0.118046 0.0053114 -0.0191288 -0.0521399 -0.0716572 0.0043026 -0.0516676 0.0531833 0.369263 0.741142 
27.8181 0.02 -0.588829 0.17904 0.260017 -0.0667677 0.874182 0.404803 0.353237 -0.0614793 1.13409 -0.070247 -0.126724 0.120689 -0.284141 0.0898374 0.130405 0.122768 0.00552385 -0.019894 -0.0542255 -0.0745235 0.00447471 -0.0537343 0.0553106 0.384033 0.770788 
26.7205 0.02 -0.611476 0.185927 0.270017 -0.0693356 0.869343 0.420372 0.366823 -0.0638439 1.13925 -0.0729488 -0.131598 0.125331 -0.295069 0.0932927 0.135421 0.12749 0.00573631 -0.0206591 -0.0563111 -0.0773898 0.00464681 -0.055801 0.057438 0.398804 0.800434 
25.4163 0.02 -0.634124 0.192813 0.280018 -0.0719036 0.864503 0.435942 0.380409 -0.0662084 1.14441 -0.0756506 -0.136472 0.129973 -0.305997 0.096748 0.140436 0.132211 0.00594876 -0.0214243 -0.0583966 -0.0802561 0.00481892 -0.0578677 0.0595653 0.413574 0.830079 
29.8931 0.02 -0.656771 0.199699 0.290018 -0.0744716 0.859664 0.451511 0.393995 -0.068573 1.14956 -0.0783524 -0.141345 0.134615 -0.316926 0.100203 0.145452 0.136933 0.00616122 -0.0221895 -0.0604822 -0.0831224 0.00499102 -0.0599345 0.0616926 0.428345 0.859725 
37.0191 0.02 -0.679418 0.206585 0.300019 -0.0770396 0.854825 0.46708 0.407581 -0.0709376 1.15472 -0.0810542 -0.146219 0.139257 -0.327854 0.103659 0.150468 0.141655 0.00637368 -0.0229546 -0.0625678 -0.0859886 0.00516312 -0.0620012 0.06382 0.443115 0.889371 
23.321 0.02 -0.702065 0.213471 0.31002 -0.0796076 0.849986 0.48265 0.421167 -0.0733022 1.15988 -0.083756 -0.151093 0.143899 -0.338783 0.107114 0.155483 0.146377 0.00658613 -0.0237198 -0.0646534 -0.0888549 0.00533523 -0.0640679 0.0659473 0.457886 0.919016 
26.2249 0.02 -0.724713 0.220357 0.32002 -0.0821756 0.845147 0.498219 0.434753 -0.0756668 1.16503 -0.0864578 -0.155967 0.148541 -0.349711 0.110569 0.160499 0.151099 0.00679859 -0.0244849 -0.066739 -0.0917212 0.00550733 -0.0661346 0.0680746 0.472656 0.948662 
27.4919 0.02 -0.74736 0.227244 0.330021 -0.0847436 0.840308 0.513788 0.448339 -0.0780314 1.17019 -0.0891596 -0.160841 0.153183 -0.36064 0.114024 0.165514 0.155821 0.00701104 -0.0252501 -0.0688246 -0.0945875 0.00567944 -0.0682013 0.070202 0.487427 0.978308 
16.4813 0.02 -0.770007 0.23413 0.340022 -0.0873115 0.835468 0.529358 0.461925 -0.080396 1.17535 -0.0918614 -0.165715 0.157824 -0.371568 0.11748 0.17053 0.160542 0.0072235 -0.0260152 -0.0709102 -0.0974538 0.00585154 -0.070268 0.0723293 0.502197 1.00795 
25.8097 0.02 -0.792655 0.241016 0.350022 -0.0898795 0.830629 0.544927 0.475511 -0.0827605 1.18051 -0.0945632 -0.170589 0.162466 -0.382497 0.120935 0.175545 0.165264 0.00743596 -0.0267804 -0.0729958 -0.10032 0.00602365 -0.0723347 0.0744566 0.516968 1.0376 
15.7719 0.02 -0.815302 0.247902 0.360023 -0.0924475 0.82579 0.560496 0.489097 -0.0851251 1.18566 -0.0972651 -0.175463 0.167108 -0.393425 0.12439 0.180561 0.169986 0.00764841 -0.0275455 -0.0750814 -0.103186 0.00619575 -0.0744014 0.0765839 0.531738 1.06724 
20.5822 0.02 -0.837949 0.254788 0.370023 -0.0950155 0.820951 0.576066 0.502683 -0.0874897 1.19082 -0.0999669 -0.180337 0.17175 -0.404354 0.127846 0.185577 0.174708 0.00786087 -0.0283107 -0.077167 -0.106053 0.00636785 -0.0764681 0.0787113 0.546509 1.09689 
20.6468 0.02 -0.860596 0.261674 0.380024 -0.0975835 0.816112 0.591635 0.516269 -0.0898543 1.19598 -0.102669 -0.185211 0.176392 -0.415282 0.131301 0.190592 0.17943 0.00807332 -0.0290758 -0.0792526 -0.108919 0.00653996 -0.0785348 0.0808386 0.561279 1.12654 
19.6365 0.02 -0.883244 0.268561 0.390025 -0.100151 0.811273 0.607205 0.529855 -0.0922189 1.20114 -0.10537 -0.190085 0.181034 -0.426211 0.134756 0.195608 0.184152 0.00828578 -0.029841 -0.0813382 -0.111785 0.00671206 -0.0806015 0.0829659 0.57605 1.15618 
26.5718 0.02 -0.905891 0.275447 0.400025 -0.102719 0.806433 0.622774 0.543442 -0.0945835 1.20629 -0.108072 -0.194959 0.185676 -0.437139 0.138211 0.200623 0.188873 0.00849824 -0.0306061 -0.0834238 -0.114652 0.00688417 -0.0826682 0.0850933 0.59082 1.18583 
