 #1 r1
 #2 r2
 #3 Rho_s
 #4 Dfdr1_t (Theoretical gradients using SIE) 
 #5 Dfdr2_t (Theoretical gradients using SIE) 
0.18 0.09 1.72337 356.687 -142.833
0.18 0.092 1.47102 284.762 -111.001
0.18 0.094 1.27102 231.185 -87.7078
0.18 0.096 1.12228 193.809 -71.4436
0.18 0.098 0.989183 161.65 -57.9867
0.18 0.1 0.887644 138.474 -48.2776
0.18 0.102 0.798014 118.736 -40.2342
0.18 0.104 0.724288 103.225 -33.9698
0.18 0.106 0.661282 90.407 -28.8719
0.18 0.108 0.609351 80.2389 -24.8427
0.182 0.09 2.74499 717.011 -276.302
0.182 0.092 2.26423 546.167 -204.88
0.182 0.094 1.90656 427.943 -156.221
0.182 0.096 1.63868 345.368 -122.592
0.182 0.098 1.42145 282.154 -97.4109
0.182 0.1 1.24696 234.07 -78.5973
0.182 0.102 1.10192 196.039 -64.0294
0.182 0.104 0.990485 168.339 -53.3858
0.182 0.106 0.891326 144.534 -44.5375
0.182 0.108 0.810394 125.973 -37.6829
0.184 0.09 5.00426 1726.06 -640.087
0.184 0.092 3.95268 1244.22 -448.627
0.184 0.094 3.1747 915.494 -321.225
0.184 0.096 2.61672 696.977 -238.046
0.184 0.098 2.2186 552.532 -183.414
0.184 0.1 1.89719 442.578 -142.903
0.184 0.102 1.64096 360.047 -113.082
0.184 0.104 1.43815 298.322 -91.0928
0.184 0.106 1.27689 251.811 -74.701
0.184 0.108 1.14185 214.53 -61.8342
0.186 0.09 11.227 5272.81 -1883.96
0.186 0.092 8.16459 3488.24 -1210.96
0.186 0.094 6.24587 2435.03 -821.292
0.186 0.096 4.88887 1740.3 -570.584
0.186 0.098 3.92175 1281.74 -408.648
0.186 0.1 3.2165 971.421 -301.288
0.186 0.102 2.69809 758.736 -228.828
0.186 0.104 2.29171 602.369 -176.717
0.186 0.106 1.98533 491.751 -140.187
0.186 0.108 1.73588 406.354 -112.588
0.188 0.09 29.8977 12769.8 -4473.84
0.188 0.092 21.8506 11259.4 -3785.47
0.188 0.094 15.3989 7967.66 -2592.48
0.188 0.096 11.1679 5429.47 -1713.9
0.188 0.098 8.39862 3764.25 -1153.76
0.188 0.1 6.46454 2654.78 -790.897
0.188 0.102 5.1736 1960.35 -567.262
0.188 0.104 4.19218 1466.01 -412.698
0.188 0.106 3.51483 1147.89 -313.852
0.188 0.108 2.9638 903.558 -240.199
0.19 0.09 30.0114 -12780.6 3984.32
0.19 0.092 36.4216 -6879.65 1950.31
0.19 0.094 36.532 5298.34 -1835.94
0.19 0.096 30.6738 12170.9 -3774.47
0.19 0.098 23.4817 12038.7 -3573.5
0.19 0.1 17.0403 9173.19 -2632.19
0.19 0.102 12.706 6602.04 -1836.64
0.19 0.104 9.61115 4668.28 -1260.65
0.19 0.106 7.53166 3398.1 -891.333
0.19 0.108 5.99082 2498.99 -636.888
0.192 0.09 11.1413 -5255.92 1602.96
0.192 0.092 15.1372 -7768.51 2299.26
0.192 0.094 20.3086 -10681.3 3059.18
0.192 0.096 26.5737 -12689.8 3500.33
0.192 0.098 33.2134 -10098.5 2631.83
0.192 0.1 36.004 -1157.91 124.311
0.192 0.102 33.4171 8877.39 -2482.18
0.192 0.104 27.6029 12531.7 -3295.96
0.192 0.106 21.2534 11473 -2903.17
0.192 0.108 16.1612 8966.74 -2195.03
0.194 0.09 4.97229 -1729.08 505.201
0.194 0.092 6.06342 -2325.47 659.574
0.194 0.094 7.67584 -3270.77 902.628
0.194 0.096 9.66896 -4524.46 1211.67
0.194 0.098 12.4198 -6317.33 1641.82
0.194 0.1 16.2341 -8738.31 2201.79
0.194 0.102 21.0931 -11313.3 2757.95
0.194 0.104 27.2139 -12585.5 2954.15
0.194 0.106 32.0959 -9821.05 2179.51
0.194 0.108 34.6323 -1589.92 211.498
0.196 0.09 2.69051 -706.695 196.417
0.196 0.092 3.1332 -896.979 242.557
0.196 0.094 3.68175 -1151.2 302.721
0.196 0.096 4.31882 -1470.2 375.437
