#1 rho_s 
#2 coeffs 
0.0979764 0.1 0.5 0.25 0.166667 0.125 0.1 0.0833333 0.0714286 0.0625 0.0555556 0.05 0.0454545 0.0416667 0.0384615 0.0357143 0.0333333 0.03125 
0.236201 0.1 0.742559 0.330213 0.335655 0.147129 0.312045 0.111476 0.257634 0.156661 0.155838 0.241987 0.151042 0.0719376 0.17575 0.186294 0.101842 0.0683212 
0.619292 0.1 0.847034 0.373343 0.391271 0.158129 0.420176 0.112357 0.30474 0.201948 0.189233 0.324447 0.213377 0.0387418 0.2026 0.270088 0.118826 0.0668038 
0.480915 0.1 0.802804 0.366493 0.348731 0.153499 0.392633 0.101139 0.246467 0.186531 0.16353 0.289023 0.205307 0 0.149873 0.253988 0.0985067 0.0456194 
0.603316 0.1 0.846344 0.373236 0.390608 0.158057 0.419746 0.112183 0.303832 0.201707 0.188833 0.323894 0.213251 0.038138 0.201778 0.269837 0.11851 0.0664736 
0.616807 0.1 0.84679 0.373305 0.391037 0.158104 0.420024 0.112296 0.304419 0.201863 0.189091 0.324251 0.213332 0.0385283 0.202309 0.269999 0.118714 0.066687 
0.602691 0.1 0.847008 0.373339 0.391247 0.158127 0.42016 0.112351 0.304707 0.201939 0.189219 0.324426 0.213372 0.0387197 0.20257 0.270079 0.118815 0.0667917 
0.620623 0.1 0.847033 0.373343 0.391271 0.158129 0.420176 0.112357 0.30474 0.201947 0.189233 0.324446 0.213377 0.0387416 0.2026 0.270088 0.118826 0.0668037 
0.185473 0.1 0.809984 0.416319 0.382617 0.0902016 0.361484 0.176975 0.265575 0.127997 0.174038 0.3039 0.161125 0.0454695 0.0268518 0.166666 0.164851 0 
2.61947 0.1 0.837451 0.384458 0.389033 0.140561 0.404996 0.12907 0.294611 0.182821 0.185303 0.319132 0.199863 0.0404817 0.157145 0.243339 0.13073 0.049526 
0.63461 0.1 0.846702 0.37664 0.392241 0.154212 0.417452 0.11563 0.304096 0.197733 0.188643 0.32452 0.209036 0.039151 0.194755 0.264346 0.122646 0.0631392 
1.84195 0.1 0.839044 0.383112 0.389585 0.142911 0.407141 0.126756 0.296244 0.185389 0.185878 0.32006 0.201442 0.0402526 0.16362 0.246956 0.129338 0.0518698 
2.65385 0.1 0.837742 0.384212 0.389133 0.14099 0.405387 0.128648 0.294908 0.18329 0.185408 0.319302 0.200151 0.0404399 0.158326 0.243999 0.130476 0.0499534 
2.33142 0.1 0.838171 0.383078 0.388746 0.142398 0.406419 0.126571 0.295903 0.184766 0.185583 0.319776 0.200286 0.040202 0.162935 0.246099 0.129487 0.0514426 
2.67767 0.1 0.837823 0.383997 0.38906 0.141256 0.405582 0.128254 0.295097 0.183569 0.185441 0.319391 0.200176 0.0403948 0.159199 0.244397 0.130289 0.0502355 
2.83988 0.1 0.837723 0.383059 0.38831 0.142148 0.406072 0.126488 0.295696 0.184467 0.185451 0.319636 0.19974 0.0401731 0.162581 0.245683 0.129557 0.0512376 
2.71477 0.1 0.837143 0.38156 0.3867 0.143309 0.406503 0.123567 0.296465 0.185582 0.185325 0.319898 0.198432 0.0397699 0.167638 0.2473 0.128493 0.0526259 
2.78228 0.1 0.837631 0.382821 0.388055 0.142332 0.40614 0.126025 0.295818 0.184643 0.185431 0.319677 0.199532 0.0401092 0.163382 0.245939 0.129388 0.0514576 
2.73966 0.1 0.837715 0.383037 0.388287 0.142165 0.406078 0.126446 0.295707 0.184482 0.185449 0.319639 0.199721 0.0401675 0.162652 0.245706 0.129542 0.0512572 
2.92483 0.1 0.837723 0.383058 0.38831 0.142149 0.406072 0.126487 0.295696 0.184467 0.185451 0.319636 0.199739 0.0401731 0.162582 0.245684 0.129557 0.0512378 
0.115996 0.1 0.637346 0.29856 0.1587 0.114287 0.30533 0 0.212468 0.13936 0.135495 0.255257 0.0231937 0.0077368 0.188262 0.179435 0.0789561 0.04062 
0.627522 0.1 0.776498 0.35724 0.318152 0.133635 0.37529 0.0878389 0.270266 0.170685 0.170187 0.299965 0.145796 0.0302622 0.170428 0.225441 0.114096 0.0479935 
2.39643 0.1 0.826216 0.378206 0.375123 0.140548 0.400287 0.119223 0.290916 0.181876 0.182582 0.315938 0.189601 0.0383103 0.164056 0.241879 0.126651 0.0506281 
2.927 0.1 0.836135 0.382389 0.38649 0.141928 0.405274 0.125485 0.295036 0.184109 0.185055 0.319125 0.19834 0.039916 0.162785 0.245159 0.129156 0.0511537 
2.99043 0.1 0.836942 0.382714 0.387297 0.142021 0.405659 0.12569 0.29551 0.184261 0.185239 0.31951 0.198575 0.0399777 0.163162 0.245395 0.12945 0.0512322 
3.01085 0.1 0.837599 0.382957 0.387723 0.142052 0.405941 0.125243 0.296178 0.184321 0.185353 0.32007 0.197822 0.0398764 0.164443 0.245533 0.129866 0.0513585 
3.14222 0.1 0.837234 0.382793 0.387189 0.141977 0.405742 0.124702 0.296169 0.184207 0.185244 0.32008 0.19702 0.0397383 0.164981 0.245385 0.129867 0.0513703 
2.82345 0.1 0.834858 0.381722 0.383705 0.141488 0.404446 0.121173 0.296112 0.183462 0.184532 0.320147 0.191786 0.0388368 0.16849 0.244416 0.129869 0.051447 
3.31665 0.1 0.836447 0.382438 0.386035 0.141815 0.405313 0.123533 0.29615 0.18396 0.185008 0.320102 0.195287 0.0394397 0.166143 0.245064 0.129867 0.0513957 
3.40288 0.1 0.835925 0.38214 0.38463 0.141582 0.404942 0.12107 0.296896 0.183626 0.184759 0.320806 0.191532 0.0388096 0.16957 0.244699 0.130362 0.0515861 
4.86863 0.1 0.83457 0.381075 0.378074 0.140415 0.40359 0.107033 0.302248 0.181987 0.183701 0.325766 0.170001 0.0352165 0.190473 0.243049 0.133879 0.0528714 
4.67901 0.1 0.834142 0.379285 0.371136 0.139623 0.402019 0.091267 0.308912 0.180445 0.18355 0.332061 0.146445 0.03181 0.213896 0.241197 0.137471 0.0547539 
5.00307 0.1 0.834469 0.38065 0.376427 0.140227 0.403217 0.103291 0.30383 0.181621 0.183665 0.32726 0.164409 0.0344079 0.196033 0.24261 0.134731 0.0533183 
6.39978 0.1 0.835417 0.377635 0.366972 0.139549 0.401001 0.0793647 0.315263 0.179648 0.184405 0.337656 0.129077 0.0299844 0.232309 0.240045 0.140214 0.0566516 
5.31636 0.1 0.836148 0.375305 0.359976 0.139081 0.399313 0.0618417 0.32361 0.178174 0.184984 0.345218 0.103291 0.0267681 0.258598 0.238114 0.144042 0.0591125 
6.35878 0.1 0.835697 0.376741 0.364288 0.139369 0.400353 0.0726405 0.318466 0.179083 0.184627 0.340558 0.119182 0.0287502 0.242397 0.239304 0.141683 0.057596 
6.43713 0.1 0.835532 0.377268 0.36587 0.139475 0.400735 0.0766051 0.316577 0.179416 0.184496 0.338847 0.125016 0.0294779 0.236449 0.239741 0.140817 0.0570392 
6.40818 0.1 0.835672 0.376411 0.362954 0.139232 0.400125 0.0697008 0.319626 0.178806 0.184633 0.341773 0.114874 0.0280711 0.246604 0.238973 0.142308 0.0579526 
6.44642 0.1 0.835568 0.377049 0.365126 0.139413 0.40058 0.0748438 0.317355 0.179261 0.184531 0.339594 0.122429 0.029119 0.239039 0.239545 0.141197 0.0572722 
6.44354 0.1 0.835398 0.376766 0.363897 0.139254 0.400327 0.0722787 0.318321 0.178987 0.184452 0.340561 0.118608 0.0285107 0.242723 0.239231 0.141752 0.0575497 
6.46074 0.1 0.835527 0.376981 0.364832 0.139375 0.400519 0.0742304 0.317586 0.179195 0.184512 0.339825 0.121515 0.0289736 0.23992 0.23947 0.14133 0.0573386 
1.14937 0.1 0.833167 0.371996 0.343973 0.136809 0.396209 0.0299195 0.334706 0.174589 0.183482 0.35684 0.0556417 0.0186884 0.303792 0.234126 0.150905 0.062291 
6.49087 0.1 0.835449 0.376817 0.364144 0.13929 0.400377 0.0727677 0.318151 0.179043 0.184478 0.340387 0.119341 0.0286341 0.242029 0.239294 0.141646 0.057502 
6.40011 0.1 0.835233 0.376383 0.362301 0.139061 0.400002 0.068875 0.31964 0.178637 0.184383 0.341879 0.113556 0.0277219 0.247627 0.238823 0.142486 0.0579339 
6.47288 0.1 0.835429 0.376776 0.36397 0.139269 0.400342 0.0724008 0.318292 0.179005 0.184469 0.340527 0.118795 0.0285481 0.242556 0.239249 0.141725 0.0575427 
6.54478 0.1 0.835448 0.376815 0.364136 0.139289 0.400375 0.0727501 0.318158 0.179041 0.184478 0.340393 0.119314 0.0286299 0.242054 0.239291 0.14165 0.057504 
0.665105 0.1 0.788512 0.36549 0.290652 0.129469 0.398435 0.0435002 0.261393 0.168121 0.174705 0.336477 0.0995212 0 0.203189 0.225927 0.122773 0.0516134 
0.407932 0.1 0.822703 0.37374 0.344182 0.136623 0.399848 0.0648077 0.302744 0.176076 0.181824 0.33933 0.11394 0.0208559 0.231501 0.235662 0.136524 0.0559045 
5.80571 0.1 0.834491 0.376584 0.362637 0.139089 0.400336 0.0721537 0.317001 0.178819 0.184279 0.340314 0.118911 0.0280462 0.241262 0.239019 0.141265 0.0573839 
6.53869 0.1 0.835311 0.376782 0.36392 0.139261 0.40037 0.0726644 0.317992 0.179009 0.184449 0.340382 0.119256 0.0285461 0.24194 0.239252 0.141594 0.0574867 
6.45057 0.1 0.835424 0.376809 0.364098 0.139284 0.400374 0.0727352 0.318129 0.179036 0.184473 0.340391 0.119304 0.0286154 0.242034 0.239285 0.14164 0.057501 
6.34619 0.1 0.835448 0.376815 0.364135 0.139289 0.400375 0.0727499 0.318158 0.179041 0.184478 0.340393 0.119314 0.0286298 0.242054 0.239291 0.14165 0.057504 
6.2881 0.1 0.835448 0.376815 0.364136 0.139289 0.400375 0.0727501 0.318158 0.179041 0.184478 0.340393 0.119314 0.0286299 0.242054 0.239291 0.14165 0.057504 
6.34069 0.1 0.835448 0.376815 0.364136 0.139289 0.400375 0.0727501 0.318158 0.179041 0.184478 0.340393 0.119314 0.0286299 0.242054 0.239291 0.14165 0.057504 
6.53093 0.1 0.835448 0.376815 0.364136 0.139289 0.400375 0.0727501 0.318158 0.179041 0.184478 0.340393 0.119314 0.0286299 0.242054 0.239291 0.14165 0.057504 
6.4746 0.1 0.835448 0.376815 0.364136 0.139289 0.400375 0.0727501 0.318158 0.179041 0.184478 0.340393 0.119314 0.0286299 0.242054 0.239291 0.14165 0.057504 
6.50608 0.1 0.835448 0.376815 0.364136 0.139289 0.400375 0.0727501 0.318158 0.179041 0.184478 0.340393 0.119314 0.0286299 0.242054 0.239291 0.14165 0.057504 
