#1 rho_s 
#2 coeffs 
108.277 0.02 0 0 1 0 0 0 0 0 0 0 0 0 0 0 0 0 0 0 0 0 0 0 0 0 0 
66.6154 0.02 0.0418483 -4.72506e-05 0.99996 -6.99079e-05 -0.000599605 7.85925e-06 0.0257125 1.6734e-06 -0.000254133 0.000411199 0.000153387 6.57711e-05 1.75548e-05 5.54018e-05 1.8995e-05 7.19787e-05 0.000100916 5.3239e-05 -0.000129552 7.69985e-06 0.00932089 1.91261e-05 -0.000175385 2.66971e-05 9.66467e-05 
70.3237 0.02 0.0376634 -4.25255e-05 0.999964 -6.29171e-05 -0.000539645 7.07332e-06 0.0231413 1.50606e-06 -0.00022872 0.000370079 0.000138048 5.9194e-05 1.57993e-05 4.98616e-05 1.70955e-05 6.47808e-05 9.08244e-05 4.79151e-05 -0.000116597 6.92986e-06 0.0083888 1.72135e-05 -0.000157846 2.40274e-05 8.6982e-05 
75.0415 0.02 0.0334786 -3.78005e-05 0.999968 -5.59263e-05 -0.000479684 6.2874e-06 0.02057 1.33872e-06 -0.000203307 0.000328959 0.00012271 5.26169e-05 1.40438e-05 4.43215e-05 1.5196e-05 5.7583e-05 8.07328e-05 4.25912e-05 -0.000103642 6.15988e-06 0.00745671 1.53009e-05 -0.000140308 2.13577e-05 7.73173e-05 
82.085 0.02 0.0292938 -3.30754e-05 0.999972 -4.89356e-05 -0.000419724 5.50147e-06 0.0179988 1.17138e-06 -0.000177893 0.00028784 0.000107371 4.60398e-05 1.22884e-05 3.87813e-05 1.32965e-05 5.03851e-05 7.06412e-05 3.72673e-05 -9.06866e-05 5.38989e-06 0.00652462 1.33882e-05 -0.000122769 1.8688e-05 6.76527e-05 
88.6929 0.02 0.025109 -2.83504e-05 0.999976 -4.19448e-05 -0.000359763 4.71555e-06 0.0154275 1.00404e-06 -0.00015248 0.00024672 9.20322e-05 3.94626e-05 1.05329e-05 3.32411e-05 1.1397e-05 4.31872e-05 6.05496e-05 3.19434e-05 -7.77314e-05 4.61991e-06 0.00559253 1.14756e-05 -0.000105231 1.60183e-05 5.7988e-05 
94.6594 0.02 0.0209241 -2.36253e-05 0.99998 -3.4954e-05 -0.000299803 3.92962e-06 0.0128563 8.36698e-07 -0.000127067 0.0002056 7.66935e-05 3.28855e-05 8.7774e-06 2.77009e-05 9.49752e-06 3.59894e-05 5.0458e-05 2.66195e-05 -6.47762e-05 3.84992e-06 0.00466045 9.56303e-06 -8.76925e-05 1.33486e-05 4.83233e-05 
99.3817 0.02 0.0167393 -1.89002e-05 0.999984 -2.79632e-05 -0.000239842 3.1437e-06 0.010285 6.69359e-07 -0.000101653 0.00016448 6.13548e-05 2.63084e-05 7.02192e-06 2.21607e-05 7.59802e-06 2.87915e-05 4.03664e-05 2.12956e-05 -5.18209e-05 3.07994e-06 0.00372836 7.65043e-06 -7.0154e-05 1.06788e-05 3.86587e-05 
103.012 0.02 0.0125545 -1.41752e-05 0.999988 -2.09724e-05 -0.000179882 2.35777e-06 0.00771375 5.02019e-07 -7.624e-05 0.00012336 4.60161e-05 1.97313e-05 5.26644e-06 1.66205e-05 5.69851e-06 2.15936e-05 3.02748e-05 1.59717e-05 -3.88657e-05 2.30995e-06 0.00279627 5.73782e-06 -5.26155e-05 8.00913e-06 2.8994e-05 
106.186 0.02 0.00836966 -9.45012e-06 0.999992 -1.39816e-05 -0.000119921 1.57185e-06 0.0051425 3.34679e-07 -5.08267e-05 8.22399e-05 3.06774e-05 1.31542e-05 3.51096e-06 1.10804e-05 3.79901e-06 1.43957e-05 2.01832e-05 1.06478e-05 -2.59105e-05 1.53997e-06 0.00186418 3.82521e-06 -3.5077e-05 5.33942e-06 1.93293e-05 
108.123 0.02 0.00418483 -4.72506e-06 0.999996 -6.99079e-06 -5.99605e-05 7.85925e-07 0.00257125 1.6734e-07 -2.54133e-05 4.11199e-05 1.53387e-05 6.57711e-06 1.75548e-06 5.54018e-06 1.8995e-06 7.19787e-06 1.00916e-05 5.3239e-06 -1.29552e-05 7.69985e-07 0.000932089 1.91261e-06 -1.75385e-05 2.66971e-06 9.66467e-06 
108.411 0.02 4.35571e-18 -4.918e-21 1 -7.27626e-21 -6.2409e-20 8.18017e-22 2.67625e-18 1.74173e-22 -2.64511e-20 4.2799e-20 1.5965e-20 6.84568e-21 1.82716e-21 5.76641e-21 1.97707e-21 7.49179e-21 1.05037e-20 5.5413e-21 -1.34842e-20 8.01426e-22 9.7015e-19 1.99071e-21 -1.82547e-20 2.77873e-21 1.00593e-20 
107.592 0.02 -0.00418483 4.72506e-06 1 6.99079e-06 5.99605e-05 -7.85925e-07 -0.00257125 -1.6734e-07 2.54133e-05 -4.11199e-05 -1.53387e-05 -6.57711e-06 -1.75548e-06 -5.54018e-06 -1.8995e-06 -7.19787e-06 -1.00916e-05 -5.3239e-06 1.29552e-05 -7.69985e-07 -0.000932089 -1.91261e-06 1.75385e-05 -2.66971e-06 -9.66467e-06 
106.437 0.02 -0.00836966 9.45012e-06 1.00001 1.39816e-05 0.000119921 -1.57185e-06 -0.0051425 -3.34679e-07 5.08267e-05 -8.22399e-05 -3.06774e-05 -1.31542e-05 -3.51096e-06 -1.10804e-05 -3.79901e-06 -1.43957e-05 -2.01832e-05 -1.06478e-05 2.59105e-05 -1.53997e-06 -0.00186418 -3.82521e-06 3.5077e-05 -5.33942e-06 -1.93293e-05 
103.097 0.02 -0.0125545 1.41752e-05 1.00001 2.09724e-05 0.000179882 -2.35777e-06 -0.00771375 -5.02019e-07 7.624e-05 -0.00012336 -4.60161e-05 -1.97313e-05 -5.26644e-06 -1.66205e-05 -5.69851e-06 -2.15936e-05 -3.02748e-05 -1.59717e-05 3.88657e-05 -2.30995e-06 -0.00279627 -5.73782e-06 5.26155e-05 -8.00913e-06 -2.8994e-05 
98.9593 0.02 -0.0167393 1.89002e-05 1.00002 2.79632e-05 0.000239842 -3.1437e-06 -0.010285 -6.69359e-07 0.000101653 -0.00016448 -6.13548e-05 -2.63084e-05 -7.02192e-06 -2.21607e-05 -7.59802e-06 -2.87915e-05 -4.03664e-05 -2.12956e-05 5.18209e-05 -3.07994e-06 -0.00372836 -7.65043e-06 7.0154e-05 -1.06788e-05 -3.86587e-05 
94.1345 0.02 -0.0209241 2.36253e-05 1.00002 3.4954e-05 0.000299803 -3.92962e-06 -0.0128563 -8.36698e-07 0.000127067 -0.0002056 -7.66935e-05 -3.28855e-05 -8.7774e-06 -2.77009e-05 -9.49752e-06 -3.59894e-05 -5.0458e-05 -2.66195e-05 6.47762e-05 -3.84992e-06 -0.00466045 -9.56303e-06 8.76925e-05 -1.33486e-05 -4.83233e-05 
88.4506 0.02 -0.025109 2.83504e-05 1.00002 4.19448e-05 0.000359763 -4.71555e-06 -0.0154275 -1.00404e-06 0.00015248 -0.00024672 -9.20322e-05 -3.94626e-05 -1.05329e-05 -3.32411e-05 -1.1397e-05 -4.31872e-05 -6.05496e-05 -3.19434e-05 7.77314e-05 -4.61991e-06 -0.00559253 -1.14756e-05 0.000105231 -1.60183e-05 -5.7988e-05 
81.3795 0.02 -0.0292938 3.30754e-05 1.00003 4.89356e-05 0.000419724 -5.50147e-06 -0.0179988 -1.17138e-06 0.000177893 -0.00028784 -0.000107371 -4.60398e-05 -1.22884e-05 -3.87813e-05 -1.32965e-05 -5.03851e-05 -7.06412e-05 -3.72673e-05 9.06866e-05 -5.38989e-06 -0.00652462 -1.33882e-05 0.000122769 -1.8688e-05 -6.76527e-05 
75.1055 0.02 -0.0334786 3.78005e-05 1.00003 5.59263e-05 0.000479684 -6.2874e-06 -0.02057 -1.33872e-06 0.000203307 -0.000328959 -0.00012271 -5.26169e-05 -1.40438e-05 -4.43215e-05 -1.5196e-05 -5.7583e-05 -8.07328e-05 -4.25912e-05 0.000103642 -6.15988e-06 -0.00745671 -1.53009e-05 0.000140308 -2.13577e-05 -7.73173e-05 
70.015 0.02 -0.0376634 4.25255e-05 1.00004 6.29171e-05 0.000539645 -7.07332e-06 -0.0231413 -1.50606e-06 0.00022872 -0.000370079 -0.000138048 -5.9194e-05 -1.57993e-05 -4.98616e-05 -1.70955e-05 -6.47808e-05 -9.08244e-05 -4.79151e-05 0.000116597 -6.92986e-06 -0.0083888 -1.72135e-05 0.000157846 -2.40274e-05 -8.6982e-05 
66.8664 0.02 -0.0418483 4.72506e-05 1.00004 6.99079e-05 0.000599605 -7.85925e-06 -0.0257125 -1.6734e-06 0.000254133 -0.000411199 -0.000153387 -6.57711e-05 -1.75548e-05 -5.54018e-05 -1.8995e-05 -7.19787e-05 -0.000100916 -5.3239e-05 0.000129552 -7.69985e-06 -0.00932089 -1.91261e-05 0.000175385 -2.66971e-05 -9.66467e-05 
65.031 0.02 -0.0460331 5.19757e-05 1.00004 7.68987e-05 0.000659566 -8.64517e-06 -0.0282838 -1.84074e-06 0.000279547 -0.000452319 -0.000168726 -7.23482e-05 -1.93103e-05 -6.0942e-05 -2.08946e-05 -7.91766e-05 -0.000111008 -5.85629e-05 0.000142508 -8.46983e-06 -0.010253 -2.10387e-05 0.000192923 -2.93668e-05 -0.000106311 
66.016 0.02 -0.0502179 5.67007e-05 1.00005 8.38895e-05 0.000719526 -9.4311e-06 -0.030855 -2.00808e-06 0.00030496 -0.000493439 -0.000184064 -7.89253e-05 -2.10658e-05 -6.64822e-05 -2.27941e-05 -8.63744e-05 -0.000121099 -6.38868e-05 0.000155463 -9.23982e-06 -0.0111851 -2.29513e-05 0.000210462 -3.20365e-05 -0.000115976 
66.6374 0.02 -0.0544028 6.14258e-05 1.00005 9.08803e-05 0.000779487 -1.0217e-05 -0.0334263 -2.17542e-06 0.000330373 -0.000534559 -0.000199403 -8.55024e-05 -2.28212e-05 -7.20224e-05 -2.46936e-05 -9.35723e-05 -0.000131191 -6.92107e-05 0.000168418 -1.00098e-05 -0.0121172 -2.48639e-05 0.000228 -3.47062e-05 -0.000125641 
70.3056 0.02 -0.0585876 6.61508e-05 1.00006 9.78711e-05 0.000839447 -1.10029e-05 -0.0359975 -2.34276e-06 0.000355787 -0.000575679 -0.000214742 -9.20795e-05 -2.45767e-05 -7.75626e-05 -2.65931e-05 -0.00010077 -0.000141282 -7.45346e-05 0.000181373 -1.07798e-05 -0.0130492 -2.67765e-05 0.000245539 -3.73759e-05 -0.000135305 
74.8491 0.02 -0.0627724 7.08759e-05 1.00006 0.000104862 0.000899408 -1.17889e-05 -0.0385688 -2.51009e-06 0.0003812 -0.000616799 -0.00023008 -9.86566e-05 -2.63322e-05 -8.31027e-05 -2.84926e-05 -0.000107968 -0.000151374 -7.98585e-05 0.000194328 -1.15498e-05 -0.0139813 -2.86891e-05 0.000263077 -4.00457e-05 -0.00014497 
78.501 0.02 -0.0669572 7.5601e-05 1.00006 0.000111853 0.000959368 -1.25748e-05 -0.04114 -2.67743e-06 0.000406613 -0.000657919 -0.000245419 -0.000105234 -2.80877e-05 -8.86429e-05 -3.03921e-05 -0.000115166 -0.000161466 -8.51824e-05 0.000207284 -1.23198e-05 -0.0149134 -3.06017e-05 0.000280616 -4.27154e-05 -0.000154635 
80.4241 0.02 -0.0711421 8.0326e-05 1.00007 0.000118843 0.00101933 -1.33607e-05 -0.0437113 -2.84477e-06 0.000432027 -0.000699039 -0.000260758 -0.000111811 -2.98432e-05 -9.41831e-05 -3.22916e-05 -0.000122364 -0.000171557 -9.05063e-05 0.000220239 -1.30897e-05 -0.0158455 -3.25143e-05 0.000298154 -4.53851e-05 -0.000164299 
83.8922 0.02 -0.0753269 8.50511e-05 1.00007 0.000125834 0.00107929 -1.41466e-05 -0.0462825 -3.01211e-06 0.00045744 -0.000740159 -0.000276097 -0.000118388 -3.15986e-05 -9.97233e-05 -3.41911e-05 -0.000129562 -0.000181649 -9.58302e-05 0.000233194 -1.38597e-05 -0.0167776 -3.44269e-05 0.000315693 -4.80548e-05 -0.000173964 
86.0551 0.02 -0.0795117 8.97761e-05 1.00008 0.000132825 0.00113925 -1.49326e-05 -0.0488538 -3.17945e-06 0.000482853 -0.000781279 -0.000291435 -0.000124965 -3.33541e-05 -0.000105263 -3.60906e-05 -0.00013676 -0.00019174 -0.000101154 0.000246149 -1.46297e-05 -0.0177097 -3.63395e-05 0.000333231 -5.07245e-05 -0.000183629 
89.8704 0.02 -0.0836966 9.45012e-05 1.00008 0.000139816 0.00119921 -1.57185e-05 -0.051425 -3.34679e-06 0.000508267 -0.000822399 -0.000306774 -0.000131542 -3.51096e-05 -0.000110804 -3.79901e-05 -0.000143957 -0.000201832 -0.000106478 0.000259105 -1.53997e-05 -0.0186418 -3.82521e-05 0.00035077 -5.33942e-05 -0.000193293 
93.1592 0.02 -0.0878814 9.92263e-05 1.00008 0.000146807 0.00125917 -1.65044e-05 -0.0539963 -3.51413e-06 0.00053368 -0.000863519 -0.000322113 -0.000138119 -3.68651e-05 -0.000116344 -3.98896e-05 -0.000151155 -0.000211924 -0.000111802 0.00027206 -1.61697e-05 -0.0195739 -4.01647e-05 0.000368308 -5.60639e-05 -0.000202958 
93.9797 0.02 -0.0920662 0.000103951 1.00009 0.000153797 0.00131913 -1.72903e-05 -0.0565675 -3.68147e-06 0.000559093 -0.000904639 -0.000337451 -0.000144696 -3.86206e-05 -0.000121884 -4.17891e-05 -0.000158353 -0.000222015 -0.000117126 0.000285015 -1.69397e-05 -0.020506 -4.20773e-05 0.000385847 -5.87336e-05 -0.000212623 
97.5419 0.02 -0.096251 0.000108676 1.00009 0.000160788 0.00137909 -1.80763e-05 -0.0591388 -3.84881e-06 0.000584507 -0.000945759 -0.00035279 -0.000151273 -4.0376e-05 -0.000127424 -4.36886e-05 -0.000165551 -0.000232107 -0.00012245 0.00029797 -1.77096e-05 -0.021438 -4.39899e-05 0.000403385 -6.14033e-05 -0.000222287 
99.7914 0.02 -0.100436 0.000113401 1.0001 0.000167779 0.00143905 -1.88622e-05 -0.06171 -4.01615e-06 0.00060992 -0.000986878 -0.000368129 -0.000157851 -4.21315e-05 -0.000132964 -4.55881e-05 -0.000172749 -0.000242198 -0.000127774 0.000310926 -1.84796e-05 -0.0223701 -4.59026e-05 0.000420924 -6.4073e-05 -0.000231952 
