 #1 r1
 #2 r2
 #3 Rho_s
 #4 Dfdr1_t (Theoretical gradients using SIE) 
 #5 Dfdr2_t (Theoretical gradients using SIE) 
0.19 0.19 1.04461 97.8723 48.9616
0.19 0.191 1.09308 102.795 54.7904
0.19 0.192 1.15251 109.312 61.9843
0.19 0.193 1.2182 116.866 70.2126
0.19 0.194 1.29141 125.814 79.5676
0.19 0.195 1.37549 136.712 90.5656
0.19 0.196 1.4739 150.192 103.859
0.19 0.197 1.58667 166.487 119.691
0.19 0.198 1.71628 186.29 138.608
0.19 0.199 1.86308 210.022 160.92
0.19 0.2 2.03987 240.396 188.776
0.19 0.201 2.24287 277.365 222.419
0.19 0.202 2.4906 325.409 265.37
0.19 0.203 2.78064 385.408 318.282
0.19 0.204 3.12546 461.573 384.807
0.19 0.205 3.55116 562.282 471.388
0.19 0.206 4.08375 697.671 586.68
0.19 0.207 4.73824 876.913 737.293
0.19 0.208 5.52982 1110.77 931.575
0.19 0.209 6.65697 1471.29 1228.65
0.191 0.19 1.14961 116.406 53.994
0.191 0.191 1.20749 122.618 61.1172
0.191 0.192 1.27258 129.696 69.6638
0.191 0.193 1.34342 138.166 78.8827
0.191 0.194 1.42916 148.963 90.4551
0.191 0.195 1.5284 162.247 104.249
0.191 0.196 1.63983 178.068 120.266
0.191 0.197 1.77042 197.796 139.625
0.191 0.198 1.91826 221.347 162.636
0.191 0.199 2.09657 251.708 191.216
0.191 0.2 2.30136 288.569 225.99
0.191 0.201 2.5528 336.979 270.326
0.191 0.202 2.84557 397.05 325.106
0.191 0.203 3.2075 476.559 396.349
0.191 0.204 3.63214 576.602 484.636
0.191 0.205 4.18158 715.694 606.198
0.191 0.206 4.87129 904.271 769.059
0.191 0.207 5.75569 1166.15 992.636
0.191 0.208 6.89701 1532.92 1301.84
0.191 0.209 8.35861 2042.79 1726.8
0.192 0.19 1.27593 140.933 59.6407
0.192 0.191 1.3407 147.86 68.1896
0.192 0.192 1.41626 156.641 78.279
0.192 0.193 1.49761 166.391 89.7374
0.192 0.194 1.59379 179.028 103.316
0.192 0.195 1.70525 194.408 119.802
0.192 0.196 1.83161 213.003 139.076
0.192 0.197 1.9828 236.767 162.916
0.192 0.198 2.16081 266.517 192.24
0.192 0.199 2.37574 304.822 229.307
0.192 0.2 2.61971 351.189 273.537
0.192 0.201 2.92275 412.862 331.053
0.192 0.202 3.28832 492.558 404.58
0.192 0.203 3.73683 597.609 500.101
0.192 0.204 4.30063 739.927 627.75
0.192 0.205 4.998 930.128 796.092
0.192 0.206 5.93512 1207.28 1038.99
0.192 0.207 7.14895 1597.99 1376.94
0.192 0.208 8.65563 2124.88 1826.86
0.192 0.209 10.831 2950.09 2524.48
0.193 0.19 1.43467 175.002 66.2886
0.193 0.191 1.50501 182.467 76.2428
0.193 0.192 1.58559 191.816 87.7896
0.193 0.193 1.6833 204.069 102.129
0.193 0.194 1.79163 218.535 118.58
0.193 0.195 1.91767 236.472 138.424
0.193 0.196 2.07409 260.684 163.55
0.193 0.197 2.24409 288.376 192.457
0.193 0.198 2.45193 324.791 229.005
0.193 0.199 2.69593 370.475 273.933
0.193 0.2 3.00463 432.54 333.454
0.193 0.201 3.38561 514.749 411.512
0.193 0.202 3.8424 620.891 510.857
0.193 0.203 4.4163 764.807 643.835
0.193 0.204 5.14508 962.731 823.87
0.193 0.205 6.07639 1237.21 1070.15
0.193 0.206 7.31487 1634.22 1422.29
0.193 0.207 8.97097 2212.71 1929.7
0.193 0.208 11.2868 3092.81 2692.27
0.193 0.209 14.5398 4427.88 3834.97
0.194 0.19 1.63205 223.023 73.3026
0.194 0.191 1.7109 231.225 85.3031
0.194 0.192 1.80124 241.537 99.3296
0.194 0.193 1.90755 255.172 115.864
0.194 0.194 2.03855 273.72 136.494
0.194 0.195 2.18356 294.63 161.266
0.194 0.196 2.35697 322.149 191.398
0.194 0.197 2.57 358.921 229.48
0.194 0.198 2.81733 404.707 275.704
0.194 0.199 3.12284 464.961 336.506
0.194 0.2 3.50714 546.987 416.742
0.194 0.201 3.97694 655.316 520.647
0.194 0.202 4.53734 794.488 653.488
0.194 0.203 5.28558 996.132 841.786
0.194 0.204 6.27048 1284.98 1108.14
0.194 0.205 7.5311 1688.04 1475.18
0.194 0.206 9.28358 2299.25 2025.19
0.194 0.207 11.6953 3215.55 2838.74
0.194 0.208 15.0098 4573.05 4028.99
0.194 0.209 19.8428 6652.36 5828.3
0.195 0.19 1.88517 293.543 80.5054
0.195 0.191 1.9734 302.202 95.0992
0.195 0.192 2.07795 314.799 111.92
0.195 0.193 2.19322 328.481 132.107
0.195 0.194 2.34762 351.127 157.942
0.195 0.195 2.52014 377.409 188.844
0.195 0.196 2.72773 412.167 226.958
0.195 0.197 2.96936 455.08 274.064
0.195 0.198 3.27236 513.878 335.197
0.195 0.199 3.63912 590.144 414.043
0.195 0.2 4.10771 696.367 519.519
0.195 0.201 4.70771 843.641 664.009
0.195 0.202 5.47661 1049.42 861.038
0.195 0.203 6.45059 1333 1130.15
0.195 0.204 7.73161 1739.65 1510.96
0.195 0.205 9.50183 2353.23 2076.72
0.195 0.206 12.0068 3299.96 2939.63
0.195 0.207 15.6885 4803.44 4292.57
0.195 0.208 20.757 6971.11 6213.2
0.195 0.209 28.312 10091.5 8935.31
0.196 0.19 2.22572 401.683 88.6702
0.196 0.191 2.32074 411.099 105.186
0.196 0.192 2.43924 424.268 126.349
0.196 0.193 2.58072 442.584 151.776
0.196 0.194 2.74697 466.62 182.32
0.196 0.195 2.94757 498.158 220.672
0.196 0.196 3.20404 542.962 271.149
0.196 0.197 3.47955 592.581 330.458
0.196 0.198 3.87153 673.83 414.687
0.196 0.199 4.32518 774.58 519.383
0.196 0.2 4.92623 919.642 667.302
0.196 0.201 5.67394 1116.2 864.304
0.196 0.202 6.67655 1405.38 1144.75
0.196 0.203 8.01053 1825.37 1549.4
0.196 0.204 9.81637 2447.74 2139.75
0.196 0.205 12.4172 3426.54 3053.41
0.196 0.206 16.1166 4929.29 4440.6
0.196 0.207 21.3938 7168.16 6473.58
0.196 0.208 29.4914 10443.4 9402.13
0.196 0.209 40.2002 13459.5 12011.2
0.197 0.19 2.71486 586.458 94.9719
0.197 0.191 2.82177 594.892 115.908
0.197 0.192 2.95076 607.018 141.756
0.197 0.193 3.11378 627.477 173.686
0.197 0.194 3.29908 652.595 211.766
0.197 0.195 3.533 688.823 261.095
0.197 0.196 3.82001 739.946 322.638
0.197 0.197 4.1974 813.474 408.036
0.197 0.198 4.65722 912.382 517.351
0.197 0.199 5.20955 1040.7 658.27
0.197 0.2 5.97871 1241.02 861.322
0.197 0.201 7.0104 1533.21 1158.27
0.197 0.202 8.34257 1948.72 1568.72
0.197 0.203 10.1434 2563.53 2167.23
0.197 0.204 12.8143 3560.03 3125.55
0.197 0.205 16.5723 5075.53 4558.18
0.197 0.206 22.1253 7410.75 6735.28
0.197 0.207 30.42 10705.1 9751.69
0.197 0.208 41.3792 13590.1 12301.5
0.197 0.209 53.4952 11514.6 10224.7
0.198 0.19 3.45593 920.078 98.0117
0.198 0.191 3.56346 921.505 123.724
0.198 0.192 3.70602 930.308 156.408
0.198 0.193 3.88096 949.147 194.842
0.198 0.194 4.08607 969.076 244.982
0.198 0.195 4.36083 1014.38 305.981
0.198 0.196 4.71302 1075.75 390.247
0.198 0.197 5.17581 1172.14 502.014
0.198 0.198 5.7679 1308.96 652.947
0.198 0.199 6.46122 1476.5 849.746
0.198 0.2 7.46736 1754.39 1145.45
0.198 0.201 8.83933 2176.57 1574.31
0.198 0.202 10.6576 2788.1 2193.2
0.198 0.203 13.3087 3766.74 3162.24
0.198 0.204 17.1228 5290.73 4642.44
0.198 0.205 22.8082 7658.66 6909.21
0.198 0.206 31.1294 10919.7 9971.04
0.198 0.207 42.9496 13812.6 12587.6
0.198 0.208 54.6783 11120.5 9888.17
0.198 0.209 59.5263 -566.136 -1058.23
0.199 0.19 4.64534 1569.24 90.4743
0.199 0.191 4.75529 1557 123.991
0.199 0.192 4.90678 1560.28 163.32
0.199 0.193 5.09588 1566.79 214.617
0.199 0.194 5.34227 1590.26 278.664
0.199 0.195 5.66506 1634.57 362.386
0.199 0.196 6.09624 1716.65 471.225
0.199 0.197 6.64508 1827.5 621.859
0.199 0.198 7.34345 1985.73 825.805
0.199 0.199 8.2924 2228.95 1120.39
0.199 0.2 9.61873 2626.73 1543.56
0.199 0.201 11.4903 3244.44 2191.69
0.199 0.202 14.0448 4170.01 3145.84
0.199 0.203 17.9798 5722.67 4701.56
0.199 0.204 23.7417 8097.91 7038.66
0.199 0.205 32.2347 11376.9 10204.5
0.199 0.206 44.0606 14161 12788.8
0.199 0.207 56.1372 10879.9 9469.25
0.199 0.208 60.1709 -1158.59 -2046.91
0.199 0.209 52.7942 -11241.4 -11422.7
0.2 0.19 6.88658 3069.44 50.8112
0.2 0.191 6.93865 2991.96 96.2165
0.2 0.192 7.01981 2918.4 150.256
0.2 0.193 7.26002 2933.68 216.043
0.2 0.194 7.46653 2893.36 301.909
0.2 0.195 7.87812 2953.25 416.007
0.2 0.196 8.35148 3022.52 559.651
0.2 0.197 8.98615 3128.42 766.103
0.2 0.198 9.91652 3351.36 1062.06
0.2 0.199 11.159 3685.99 1487.46
0.2 0.2 13.0104 4282.48 2138.79
0.2 0.201 15.5423 5175.29 3106.12
0.2 0.202 19.3881 6650.66 4676.35
0.2 0.203 25.1261 8985.4 7049.35
0.2 0.204 33.8094 12290.8 10354.8
0.2 0.205 45.5956 14999.2 12952.4
0.2 0.206 57.5414 11733.5 9601.76
0.2 0.207 61.4882 -840.046 -2711.34
0.2 0.208 53.3828 -10565.7 -11924.2
0.2 0.209 40.8002 -10966.4 -12120.5
0.201 0.19 11.3959 6609.33 -63.8064
0.201 0.191 11.4333 6497.31 -5.3952
0.201 0.192 11.4707 6354.79 67.1653
0.201 0.193 11.6038 6245.06 159.783
0.201 0.194 11.8425 6175.89 275.931
0.201 0.195 12.0972 6044.02 436.783
0.201 0.196 12.6539 6092.96 641.207
0.201 0.197 13.3951 6170.93 934.926
0.201 0.198 14.6081 6466.01 1369.19
0.201 0.199 16.2824 6939.77 2006.75
0.201 0.2 18.6427 7698.09 2965.93
0.201 0.201 22.4987 9142.02 4569.48
0.201 0.202 28.2769 11423.8 7043.11
0.201 0.203 36.794 14602.6 10377.2
0.201 0.204 48.9014 17345.5 13082.7
0.201 0.205 60.9407 13727.3 9365.01
0.201 0.206 64.3339 1066.15 -3206.64
0.201 0.207 55.7162 -8411.8 -12337.8
0.201 0.208 42.9826 -8507.96 -12214
0.201 0.209 32.4754 -5417.22 -8966.91
0.202 0.19 21.401 13123.3 -283.428
0.202 0.191 21.1661 13013.8 -204.918
0.202 0.192 20.9448 12869.4 -106.563
0.202 0.193 20.9237 12774.8 12.097
0.202 0.194 21.0015 12682.6 170.629
0.202 0.195 21.2855 12644.2 384.583
0.202 0.196 21.6337 12570.3 683.149
0.202 0.197 22.6626 12797.5 1117.41
0.202 0.198 24.1141 13165.6 1766.22
0.202 0.199 26.0923 13744.1 2688.51
0.202 0.2 29.5055 14932 4260.63
0.202 0.201 35.2322 17212.4 6737.62
0.202 0.202 43.7657 20397.1 10202.1
0.202 0.203 55.5479 23030.9 13074.2
0.202 0.204 67.5504 19661.9 9641.58
0.202 0.205 71.142 6755.87 -3407.83
0.202 0.206 62.5418 -2644.84 -12621.5
0.202 0.207 49.0773 -2881.48 -12434.2
0.202 0.208 38.5326 371.954 -9036.25
0.202 0.209 30.9409 3017 -6094.53
0.203 0.19 31.2222 306.691 278.798
0.203 0.191 31.504 1745.48 301.315
0.203 0.192 31.8382 2894.95 363.895
0.203 0.193 32.2881 3552.27 477.569
0.203 0.194 32.82 4819.13 629.515
0.203 0.195 33.5504 6153.14 871.53
0.203 0.196 34.5543 7485.98 1238.17
0.203 0.197 36.2058 8200.03 1831.15
0.203 0.198 38.4928 10031.3 2780.04
0.203 0.199 41.9049 12213.4 4270.82
0.203 0.2 47.2973 14940.5 6650.63
0.203 0.201 55.4425 19092.5 10083.6
0.203 0.202 67.1787 22526.5 13172.4
0.203 0.203 80.3196 19663.1 9845.99
0.203 0.204 83.9296 8211.95 -2953.38
0.203 0.205 74.8997 -990.728 -12886.3
0.203 0.206 61.7334 -755.975 -12632.8
0.203 0.207 50.7758 3180.84 -9235.58
0.203 0.208 43.2103 6241.04 -6122.94
0.203 0.209 38.2412 8376.94 -4142.32
0.204 0.19 21.8604 -12649.5 819.325
0.204 0.191 22.5176 -12670.8 903.81
0.204 0.192 23.6741 -12746.5 1024.92
0.204 0.193 24.7803 -12694.1 1194.37
0.204 0.194 26.0099 -12543.3 1434.78
0.204 0.195 27.8593 -12259.8 1801.41
0.204 0.196 29.7044 -11763.1 2373.08
0.204 0.197 32.4572 -10937 3288.64
0.204 0.198 36.4416 -9591.84 4710.41
0.204 0.199 42.1547 -7420.28 7009.81
0.204 0.2 50.6338 -4200.97 10401.9
0.204 0.201 63.1027 -862.637 13874.3
0.204 0.202 76.7396 -2739.45 11338.4
0.204 0.203 82.2625 -14475.4 -1598.63
0.204 0.204 73.3589 -24928 -12508.8
0.204 0.205 61.3807 -24453.1 -12343.7
0.204 0.206 50.5487 -20873.4 -8698.09
0.204 0.207 43.7583 -17585.1 -5711.41
0.204 0.208 38.606 -15777.1 -3637.23
0.204 0.209 35.6884 -14230.4 -2399.77
0.205 0.19 12.3924 -6138.35 654.574
0.205 0.191 13.118 -6247.76 777.077
0.205 0.192 13.9903 -6319.3 947.768
0.205 0.193 15.0086 -6261.82 1193.93
0.205 0.194 16.3876 -6137.16 1563.84
0.205 0.195 18.1524 -5867.52 2100.45
0.205 0.196 20.7721 -5403.64 2968.07
0.205 0.197 24.301 -4333.5 4350.72
0.205 0.198 29.7508 -2494.24 6632.04
0.205 0.199 37.8264 382.247 9998.11
0.205 0.2 49.6878 3553.89 13638.8
0.205 0.201 63.5743 2149.65 12076.4
0.205 0.202 69.971 -9815.37 -942.665
0.205 0.203 62.6599 -20497.8 -12227.3
0.205 0.204 49.7994 -21427.1 -12771.3
0.205 0.205 38.2287 -17980.3 -9003.1
0.205 0.206 31.0671 -15274.1 -5864.23
0.205 0.207 26.3592 -13488.1 -3770.44
0.205 0.208 23.2538 -12375.3 -2484.9
0.205 0.209 21.1941 -11724.2 -1683.96
0.206 0.19 8.35363 -2495.4 627.856
0.206 0.191 9.0062 -2437.44 779.992
0.206 0.192 9.93272 -2321.17 1019.6
0.206 0.193 11.0858 -2119.88 1353.44
0.206 0.194 12.7275 -1771.05 1880.82
0.206 0.195 14.9304 -1167.17 2678.41
0.206 0.196 18.2158 -141.229 3982.74
0.206 0.197 23.4253 1804.93 6258.84
0.206 0.198 31.157 4617.55 9577.76
0.206 0.199 42.9004 8105.01 13493
0.206 0.2 56.2687 7606.35 12862.9
0.206 0.201 63.9248 -3181.64 678.537
0.206 0.202 57.3786 -14920.1 -12096.5
0.206 0.203 43.9058 -16066.3 -13166.9
0.206 0.204 32.7344 -12952.2 -9520.12
0.206 0.205 24.8081 -9878.73 -6142.75
0.206 0.206 19.7427 -7893.45 -3937.23
0.206 0.207 16.6786 -6803.21 -2643.74
0.206 0.208 14.4836 -6065.47 -1811.59
0.206 0.209 12.9913 -5639.65 -1275.29
0.207 0.19 6.73941 -961.587 703.535
0.207 0.191 7.53319 -815.631 920.063
0.207 0.192 8.60281 -591.023 1239.49
0.207 0.193 10.042 -220.053 1720.78
0.207 0.194 12.1665 397.722 2503.59
0.207 0.195 15.2778 1432.88 3770.08
0.207 0.196 19.9191 3120.73 5799.42
0.207 0.197 27.0489 5800.8 8962.53
0.207 0.198 38.1058 9335.3 13034.9
0.207 0.199 51.9826 9963.33 13623.1
0.207 0.2 61.1297 394.022 2509.5
0.207 0.201 55.9032 -12028.3 -11491.9
0.207 0.202 42.3117 -14090.7 -13592.9
0.207 0.203 30.4887 -10924.2 -9920.2
0.207 0.204 22.3805 -7836.48 -6414.36
0.207 0.205 17.1227 -5762.21 -4113.19
0.207 0.206 13.8741 -4560.08 -2757.49
0.207 0.207 11.5288 -3755.9 -1865.23
0.207 0.208 9.98604 -3269.74 -1332.46
0.207 0.209 8.85605 -2951.7 -969.807
0.208 0.19 6.17691 -201.349 842.124
0.208 0.191 7.14275 22.0422 1136.32
0.208 0.192 8.50895 360.721 1586.94
0.208 0.193 10.4574 939.37 2310.33
0.208 0.194 13.351 1886.98 3486.36
0.208 0.195 17.3358 3314.96 5229.9
0.208 0.196 24.2902 5936.01 8383.31
0.208 0.197 34.4915 9402.91 12457.9
0.208 0.198 48.6165 11055.2 14263.9
0.208 0.199 59.3807 2866.65 4498.59
0.208 0.2 55.8387 -10146.5 -10565.5
0.208 0.201 42.4543 -13316 -14012.3
0.208 0.202 30.1763 -10346.2 -10475.9
0.208 0.203 21.7813 -7206.84 -6860.65
0.208 0.204 16.0537 -4956.89 -4319.54
0.208 0.205 12.7243 -3718.91 -2906.64
0.208 0.206 10.1957 -2839.35 -1940.85
0.208 0.207 8.58211 -2331.33 -1372.07
0.208 0.208 7.4112 -1992.18 -997.47
0.208 0.209 6.55435 -1766.58 -744.6
0.209 0.19 6.22285 281.787 1055.25
0.209 0.191 7.51005 598.082 1478.45
0.209 0.192 9.28196 1105.46 2128.84
0.209 0.193 11.8182 1917.96 3152.39
0.209 0.194 15.8916 3346.81 4938.01
0.209 0.195 22.0453 5645.69 7763.69
0.209 0.196 31.8749 9110.46 11931.5
0.209 0.197 45.5294 11490.3 14667.4
0.209 0.198 57.5688 5499.41 7298.8
0.209 0.199 56.4752 -8272.24 -9061.99
0.209 0.2 43.7714 -12957.5 -14379.8
0.209 0.201 30.6503 -10266.9 -11099.8
0.209 0.202 21.6364 -6983.27 -7231.15
0.209 0.203 15.9059 -4749.63 -4639.77
0.209 0.204 12.0566 -3310.17 -2999.16
0.209 0.205 9.59023 -2459.11 -2029.14
0.209 0.206 7.90147 -1922.6 -1428.9
0.209 0.207 6.68432 -1568.4 -1033.52
0.209 0.208 5.79668 -1334.06 -766.167
0.209 0.209 5.10643 -1161.94 -580.728
