#1 rho_s 
#2 coeffs 
326.909 0.02 0.0225674 0.0993406 -0.150258 1.50577 -0.0147493 -0.00548959 0.0277053 0.00487117 0.00848487 0.113881 -0.125081 5.48836e-05 -0.0463862 0.150781 0.120283 0.413692 -0.0325244 -0.103048 -0.237563 0.129829 0.277949 0.046019 -0.0289832 0.00422606 0.0498751 
337.722 0.02 0.0224804 0.0995932 -0.151706 1.509 -0.0152787 -0.00587997 0.0290623 0.00467767 0.00819773 0.114465 -0.12582 -0.000443634 -0.047214 0.151881 0.119949 0.414995 -0.0319072 -0.10435 -0.241416 0.132608 0.285204 0.0467486 -0.0299587 0.00314723 0.0503726 
340.958 0.02 0.0224546 0.0998682 -0.152893 1.51174 -0.0158097 -0.00622673 0.0306488 0.00425131 0.00810943 0.114937 -0.126506 -0.00101013 -0.0479711 0.152803 0.119651 0.415996 -0.031318 -0.105549 -0.24468 0.134981 0.291825 0.0476524 -0.0308145 0.00199886 0.0506808 
335.786 0.02 0.0226005 0.10022 -0.15344 1.51311 -0.0158695 -0.00631067 0.0315027 0.00355752 0.00846959 0.115147 -0.126802 -0.00134989 -0.0489822 0.153203 0.119493 0.416634 -0.0306279 -0.106294 -0.246685 0.136464 0.295901 0.04833 -0.0314138 0.00128215 0.0507868 
335.844 0.02 0.0229485 0.100509 -0.153383 1.51294 -0.0153352 -0.00613732 0.0313293 0.00289531 0.00912214 0.115151 -0.126512 -0.00139651 -0.0500812 0.153084 0.119528 0.41684 -0.0298861 -0.106575 -0.247169 0.136934 0.296857 0.0485974 -0.0317087 0.00106395 0.0507877 
341.314 0.02 0.0234997 0.100582 -0.152986 1.5118 -0.0143113 -0.00590815 0.0303814 0.00239574 0.00990936 0.114964 -0.125684 -0.00120797 -0.0512323 0.152667 0.119731 0.416752 -0.0290327 -0.106741 -0.246673 0.136917 0.295817 0.0485469 -0.0318217 0.00112279 0.0508488 
347.186 0.02 0.0241856 0.100253 -0.152483 1.51016 -0.0129609 -0.00583509 0.0289165 0.00209013 0.0107587 0.114474 -0.124416 -0.000760703 -0.0524318 0.152121 0.120072 0.416492 -0.0280498 -0.107155 -0.245639 0.136963 0.293738 0.0482717 -0.0318702 0.00125974 0.0511113 
349.416 0.02 0.02482 0.0993957 -0.15215 1.50835 -0.0115356 -0.00603879 0.0271557 0.00196031 0.0115994 0.113582 -0.122913 3.27141e-05 -0.0536324 0.151538 0.120509 0.416136 -0.0270471 -0.108061 -0.244397 0.137519 0.291275 0.0478176 -0.0319665 0.00131272 0.0516548 
341.864 0.02 0.0251419 0.0981576 -0.152348 1.50661 -0.0102671 -0.00639139 0.0251329 0.00188935 0.0123315 0.112388 -0.121445 0.00127492 -0.0549359 0.150895 0.120929 0.415731 -0.0261398 -0.10943 -0.243284 0.138871 0.288833 0.0471473 -0.0322644 0.0011698 0.0524466 
331.9 0.02 0.0250302 0.0968473 -0.153268 1.5051 -0.00923545 -0.00668578 0.0228459 0.00171058 0.0128635 0.111126 -0.120177 0.00292336 -0.0564884 0.150118 0.121196 0.415346 -0.0253304 -0.111063 -0.242529 0.140993 0.286691 0.0461981 -0.0329071 0.000805914 0.0533761 
331.487 0.02 0.0249432 0.0954591 -0.154255 1.50393 -0.00833413 -0.00721759 0.0210079 0.00156086 0.0132842 0.109952 -0.118975 0.00435736 -0.0577515 0.149496 0.121476 0.41508 -0.0245315 -0.112848 -0.24201 0.143133 0.285411 0.0453401 -0.0336214 0.000340315 0.0544358 
335.025 0.02 0.0250285 0.0941512 -0.154965 1.50315 -0.00758362 -0.00798915 0.0199707 0.00146355 0.0136094 0.109068 -0.117888 0.00521203 -0.0584339 0.149128 0.121788 0.414951 -0.0238022 -0.114543 -0.241596 0.144733 0.285137 0.0447418 -0.0342338 -0.000125779 0.0555055 
338.888 0.02 0.0254172 0.0929089 -0.155126 1.50267 -0.00689373 -0.00903757 0.019803 0.00139162 0.0138534 0.108443 -0.116861 0.00535192 -0.0584942 0.149001 0.122119 0.414907 -0.0231197 -0.116105 -0.241113 0.145549 0.285701 0.0444529 -0.0346219 -0.000515688 0.0564603 
343.899 0.02 0.0261915 0.0915409 -0.154724 1.50238 -0.0060183 -0.0104144 0.0201247 0.00126625 0.0140288 0.107803 -0.11573 0.00503266 -0.0583318 0.149008 0.122429 0.414883 -0.0222699 -0.11775 -0.240554 0.145939 0.286762 0.0443948 -0.0348006 -0.000817267 0.0572472 
350.913 0.02 0.0273557 0.0899023 -0.153862 1.50216 -0.00475403 -0.0120934 0.0204764 0.00100926 0.0141425 0.106892 -0.114389 0.00460627 -0.0583918 0.149021 0.122674 0.414828 -0.0210666 -0.119648 -0.240004 0.146349 0.287978 0.0444575 -0.0348248 -0.00102458 0.0578327 
357.369 0.02 0.02878 0.0880268 -0.152691 1.50191 -0.00311496 -0.0139413 0.0206229 0.000582464 0.0142059 0.105696 -0.112893 0.00426752 -0.0588225 0.148943 0.122833 0.414711 -0.0195553 -0.121749 -0.239468 0.146924 0.289088 0.0445424 -0.0347354 -0.0011218 0.0582195 
362.209 0.02 0.0302589 0.0860479 -0.151382 1.50153 -0.00123861 -0.0157795 0.0204766 -3.20364e-05 0.0142132 0.104348 -0.111363 0.00408267 -0.0595861 0.148696 0.12289 0.414495 -0.0179117 -0.1239 -0.238863 0.147615 0.289894 0.0445554 -0.0345727 -0.00111433 0.0584162 
364.845 0.02 0.031561 0.0841342 -0.150145 1.50095 0.00069843 -0.0173989 0.0199666 -0.00082465 0.0141394 0.103025 -0.10994 0.00409832 -0.0606101 0.14823 0.122818 0.414136 -0.0163371 -0.125915 -0.23812 0.148354 0.290237 0.0444212 -0.0343789 -0.00103839 0.0584191 
366.978 0.02 0.0324825 0.0824874 -0.149149 1.50018 0.0024645 -0.0186128 0.0191697 -0.00174253 0.0139636 0.101955 -0.108785 0.00425814 -0.0616928 0.147564 0.122612 0.41361 -0.015063 -0.127586 -0.237201 0.148976 0.290108 0.0441287 -0.034175 -0.000949231 0.0582346 
368.863 0.02 0.0329374 0.0812269 -0.148477 1.49927 0.00390298 -0.0193504 0.0182132 -0.0027126 0.0136824 0.101286 -0.107972 0.00446945 -0.0626476 0.146759 0.122289 0.412928 -0.0142205 -0.128814 -0.236111 0.149356 0.289621 0.0436978 -0.0339815 -0.000898923 0.0578981 
370.068 0.02 0.0329997 0.0803033 -0.148103 1.49828 0.00503689 -0.0196945 0.0171583 -0.00367869 0.013309 0.100981 -0.107427 0.00468248 -0.063427 0.14587 0.121871 0.412128 -0.0137527 -0.129693 -0.234902 0.149519 0.288955 0.0431542 -0.0338194 -0.00091939 0.0574652 
370.821 0.02 0.0327859 0.0796345 -0.147951 1.49729 0.00592591 -0.0197701 0.0160793 -0.00460069 0.0128674 0.100968 -0.10706 0.00483913 -0.0640069 0.144952 0.121389 0.411252 -0.013564 -0.130349 -0.233634 0.149503 0.28832 0.042537 -0.0336999 -0.001026 0.056989 
371.542 0.02 0.0324153 0.0791498 -0.147923 1.49639 0.00662021 -0.0197021 0.0150797 -0.00544836 0.0123894 0.101181 -0.106801 0.00486613 -0.0643536 0.144062 0.120871 0.410347 -0.0135673 -0.130891 -0.232364 0.149321 0.287926 0.0419002 -0.0336209 -0.00122025 0.056514 
372.451 0.02 0.0319856 0.0787979 -0.147936 1.49565 0.00715576 -0.019591 0.0142527 -0.00620317 0.0119085 0.101565 -0.106605 0.00470503 -0.0644464 0.14325 0.120345 0.409459 -0.0136911 -0.131398 -0.231145 0.148983 0.287938 0.0412963 -0.0335756 -0.00149463 0.0560752 
373.672 0.02 0.0315506 0.0785506 -0.147949 1.49511 0.00755574 -0.0194926 0.013638 -0.00686333 0.0114515 0.102075 -0.106455 0.00434212 -0.0643039 0.142542 0.119828 0.40862 -0.0138823 -0.131917 -0.230025 0.148528 0.288437 0.0407581 -0.0335627 -0.00183936 0.055695 
375.33 0.02 0.0311173 0.0784021 -0.147973 1.49477 0.00783219 -0.0194156 0.0132136 -0.00744388 0.0110361 0.102683 -0.106352 0.00381088 -0.0639827 0.141941 0.119325 0.407849 -0.014109 -0.132466 -0.229046 0.148021 0.289417 0.0402917 -0.0335885 -0.00224619 0.0553824 
377.324 0.02 0.0306597 0.0783624 -0.148041 1.49462 0.00798794 -0.019335 0.0129205 -0.00797096 0.0106737 0.103368 -0.106316 0.0031712 -0.0635547 0.141431 0.118833 0.407147 -0.0143613 -0.133039 -0.22823 0.147529 0.290802 0.0398858 -0.033661 -0.00270677 0.0551345 
379.263 0.02 0.030142 0.0784497 -0.14818 1.49461 0.00802003 -0.0192136 0.0127 -0.00847564 0.0103748 0.104117 -0.106372 0.00248241 -0.0630802 0.14099 0.118349 0.406507 -0.0146496 -0.133608 -0.227577 0.147091 0.292467 0.0395249 -0.0337802 -0.00320831 0.0549376 
380.7 0.02 0.0295352 0.0786827 -0.148389 1.49469 0.0079239 -0.0190165 0.0125181 -0.00899116 0.0101522 0.104917 -0.106546 0.00178477 -0.062592 0.140595 0.117875 0.405913 -0.0150006 -0.134134 -0.227062 0.146701 0.294266 0.0391985 -0.0339344 -0.00373064 0.0547685 
381.437 0.02 0.0288222 0.0790781 -0.148636 1.49479 0.00769639 -0.0187171 0.0123674 -0.00955184 0.01002 0.105756 -0.106861 0.00109847 -0.0620996 0.140227 0.117415 0.405347 -0.0154499 -0.134571 -0.226637 0.146316 0.296041 0.0389011 -0.0341041 -0.00424741 0.0545981 
381.588 0.02 0.0279962 0.0796474 -0.148879 1.49484 0.00733836 -0.0182971 0.0122543 -0.0101886 0.00998976 0.10662 -0.107337 0.00043234 -0.0616014 0.139868 0.116975 0.404795 -0.0160317 -0.134874 -0.226253 0.145881 0.297646 0.0386297 -0.0342681 -0.00473041 0.0543974 
381.486 0.02 0.0270631 0.0803892 -0.149081 1.4948 0.00686062 -0.0177521 0.0121856 -0.0109209 0.0100661 0.107497 -0.107973 -0.000207573 -0.061096 0.139508 0.116559 0.404249 -0.0167617 -0.135016 -0.225865 0.14535 0.298967 0.0383814 -0.0344101 -0.00515573 0.0541469 
381.454 0.02 0.0260518 0.0812743 -0.149208 1.49464 0.00629818 -0.0171029 0.0121538 -0.0117503 0.010245 0.108361 -0.108741 -0.000809416 -0.0605958 0.139146 0.116172 0.403712 -0.0176159 -0.135006 -0.225454 0.144718 0.299947 0.0381519 -0.0345224 -0.00550874 0.0538453 
381.558 0.02 0.0250296 0.0822263 -0.14923 1.49436 0.00572956 -0.0164097 0.012124 -0.0126598 0.0105157 0.109155 -0.109564 -0.00134604 -0.0601448 0.13879 0.11582 0.403199 -0.0185092 -0.134917 -0.22503 0.144045 0.300597 0.0379354 -0.0346077 -0.00578522 0.0535123 
381.572 0.02 0.0240966 0.0831314 -0.14912 1.49398 0.00526644 -0.0157644 0.0120433 -0.0136147 0.0108616 0.109795 -0.110325 -0.00177856 -0.0598101 0.138458 0.11551 0.402733 -0.0193081 -0.134868 -0.224631 0.143441 0.300977 0.037726 -0.0346771 -0.00599068 0.0531855 
381.385 0.02 0.0233417 0.0838873 -0.148874 1.49355 0.00500109 -0.01525 0.0118726 -0.0145668 0.0112584 0.110221 -0.110916 -0.0020777 -0.0596363 0.138171 0.115248 0.40234 -0.0198924 -0.134972 -0.224303 0.143013 0.301174 0.0375179 -0.0347453 -0.00614076 0.052907 
381.169 0.02 0.0228143 0.0844328 -0.148514 1.49309 0.00497811 -0.0149127 0.0115986 -0.015464 0.0116766 0.11042 -0.111269 -0.00223299 -0.0596241 0.137949 0.11504 0.402031 -0.0201954 -0.135296 -0.22408 0.142821 0.301275 0.0373054 -0.0348263 -0.00625834 0.0527119 
381.117 0.02 0.0225241 0.0847477 -0.14808 1.49264 0.00519977 -0.0147625 0.0112254 -0.0162602 0.0120875 0.110416 -0.111353 -0.00224896 -0.0597401 0.137804 0.114887 0.401809 -0.0202061 -0.13586 -0.223978 0.14288 0.301342 0.0370814 -0.0349316 -0.00636692 0.0526221 
381.275 0.02 0.0224478 0.0848456 -0.147615 1.4922 0.00563644 -0.0147796 0.0107691 -0.0169216 0.0124676 0.110256 -0.111173 -0.00214069 -0.0599307 0.137735 0.114791 0.401661 -0.0199601 -0.136646 -0.223991 0.143165 0.301403 0.0368378 -0.0350674 -0.00648539 0.052645 
381.554 0.02 0.0225347 0.0847693 -0.147162 1.49176 0.00623235 -0.0149203 0.0102561 -0.0174305 0.0127995 0.110005 -0.110765 -0.00193154 -0.0601297 0.137736 0.114752 0.401569 -0.01953 -0.137604 -0.224092 0.143617 0.301451 0.0365679 -0.0352346 -0.00662612 0.0527739 
381.889 0.02 0.0227114 0.0845884 -0.14676 1.4913 0.00690764 -0.0151211 0.00972652 -0.0177855 0.0130716 0.109744 -0.110193 -0.00165326 -0.0602621 0.137795 0.114765 0.401507 -0.0190162 -0.138651 -0.224244 0.144148 0.30146 0.036269 -0.035428 -0.00679544 0.052991 
382.313 0.02 0.0228923 0.08439 -0.14644 1.49081 0.00756743 -0.0153095 0.00923337 -0.0180007 0.0132775 0.109561 -0.109548 -0.00134454 -0.0602535 0.137898 0.114822 0.401455 -0.0185308 -0.139684 -0.224405 0.144656 0.3014 0.0359448 -0.0356375 -0.00699405 0.0532705 
382.826 0.02 0.0230055 0.0842526 -0.146221 1.49027 0.00812931 -0.0154265 0.00882873 -0.018104 0.0134178 0.109528 -0.108917 -0.00104142 -0.0600556 0.13803 0.114914 0.401395 -0.0181645 -0.140613 -0.224541 0.145057 0.301255 0.035606 -0.0358499 -0.0072164 0.053585 
383.346 0.02 0.0230125 0.0842235 -0.146095 1.48968 0.0085476 -0.0154442 0.00854726 -0.0181326 0.0135005 0.109677 -0.108366 -0.000766735 -0.0596644 0.138182 0.115029 0.401321 -0.0179607 -0.141388 -0.224642 0.14531 0.301029 0.0352684 -0.0360531 -0.00745155 0.0539116 
383.772 0.02 0.0229053 0.084321 -0.146042 1.48906 0.00881087 -0.0153618 0.00840477 -0.0181278 0.0135388 0.110004 -0.107937 -0.000530074 -0.0591112 0.138343 0.115158 0.401237 -0.0179214 -0.141995 -0.224719 0.14542 0.300753 0.0349492 -0.0362378 -0.0076862 0.0542329 
384.056 0.02 0.0226959 0.0845452 -0.146031 1.48844 0.00892938 -0.0151946 0.00840344 -0.0181283 0.013548 0.110485 -0.107654 -0.000332373 -0.0584443 0.138505 0.115294 0.401145 -0.0180246 -0.142448 -0.224799 0.145416 0.300468 0.0346633 -0.0363989 -0.00790794 0.0545365 
384.22 0.02 0.0224086 0.0848828 -0.146033 1.48782 0.00892773 -0.0149671 0.00853463 -0.0181664 0.0135433 0.111083 -0.107525 -0.000168431 -0.0577172 0.138661 0.115433 0.401053 -0.0182353 -0.142776 -0.224915 0.145339 0.30022 0.0344218 -0.0365354 -0.00810688 0.0548144 
384.339 0.02 0.0220778 0.0853087 -0.14602 1.48723 0.00884304 -0.0147104 0.00877888 -0.0182649 0.013538 0.111754 -0.107543 -2.73176e-05 -0.0569842 0.138806 0.115572 0.400966 -0.0185092 -0.143021 -0.225104 0.145242 0.30005 0.0342304 -0.0366491 -0.00827582 0.055063 
384.5 0.02 0.0217448 0.0857859 -0.145963 1.48668 0.00872306 -0.01446 0.0091066 -0.0184365 0.0135431 0.112442 -0.107679 0.000107232 -0.0562994 0.138936 0.115713 0.400887 -0.0187955 -0.143232 -0.22539 0.145178 0.299981 0.03409 -0.036744 -0.00840966 0.0552822 
384.755 0.02 0.0214516 0.0862721 -0.145835 1.48616 0.00861896 -0.0142502 0.00948214 -0.018684 0.0135665 0.113093 -0.107895 0.00025384 -0.0557111 0.139046 0.115858 0.400821 -0.0190435 -0.14346 -0.225786 0.145195 0.300017 0.0339978 -0.0368246 -0.00850499 0.0554742 
385.102 0.02 0.0212299 0.0867304 -0.145616 1.48568 0.00857298 -0.0141054 0.00987095 -0.0190012 0.0136121 0.113661 -0.108147 0.000428461 -0.0552537 0.139132 0.116011 0.400767 -0.0192158 -0.143739 -0.226282 0.14532 0.300137 0.0339481 -0.0368942 -0.00856048 0.0556414 
385.491 0.02 0.0210932 0.0871392 -0.1453 1.4852 0.00860853 -0.014033 0.0102457 -0.0193742 0.0136795 0.114122 -0.108401 0.000640367 -0.0549392 0.13919 0.116175 0.400722 -0.0192973 -0.144082 -0.226849 0.145554 0.300302 0.0339331 -0.0369548 -0.00857743 0.055785 
385.862 0.02 0.0210349 0.0874943 -0.144891 1.48471 0.00872777 -0.014023 0.0105886 -0.0197829 0.013764 0.114473 -0.108632 0.000891006 -0.0547571 0.139216 0.116352 0.400678 -0.0192975 -0.144477 -0.227442 0.145873 0.300461 0.0339437 -0.0370077 -0.00856023 0.0559052 
386.185 0.02 0.0210332 0.0878057 -0.144404 1.48417 0.00891547 -0.0140526 0.0108906 -0.0202033 0.0138579 0.114733 -0.108827 0.00117487 -0.054678 0.139209 0.116546 0.400625 -0.0192446 -0.144896 -0.228008 0.146235 0.300562 0.0339697 -0.0370538 -0.00851652 0.0560017 
386.474 0.02 0.0210593 0.0880923 -0.143862 1.48357 0.00914604 -0.0140941 0.0111506 -0.02061 0.0139521 0.11493 -0.108981 0.00148146 -0.0546609 0.139167 0.116759 0.400554 -0.0191758 -0.145305 -0.228504 0.146594 0.300568 0.0340013 -0.0370954 -0.00845678 0.056075 
386.772 0.02 0.021085 0.0883743 -0.143291 1.4829 0.00939164 -0.0141228 0.0113724 -0.0209793 0.0140381 0.115097 -0.109096 0.00179812 -0.0546626 0.139094 0.116992 0.400456 -0.019127 -0.145677 -0.228898 0.146913 0.300464 0.0340297 -0.0371361 -0.0083934 0.056128 
387.092 0.02 0.0210897 0.0886678 -0.142715 1.48216 0.00962957 -0.0141231 0.0115621 -0.0212925 0.0141089 0.115262 -0.109175 0.00211311 -0.0546455 0.138996 0.117249 0.400325 -0.0191232 -0.145995 -0.229184 0.147174 0.300265 0.034048 -0.0371812 -0.00833913 0.0561659 
387.427 0.02 0.0210639 0.0889807 -0.142152 1.48138 0.00984682 -0.0140924 0.0117254 -0.0215376 0.0141607 0.115445 -0.109221 0.0024181 -0.0545838 0.138881 0.117529 0.400161 -0.019173 -0.146262 -0.229373 0.147379 0.300013 0.0340522 -0.0372373 -0.00830548 0.0561965 
387.76 0.02 0.0210083 0.089313 -0.141611 1.48057 0.0100406 -0.0140393 0.0118659 -0.0217097 0.0141926 0.115652 -0.109236 0.00270912 -0.054465 0.138759 0.117831 0.399966 -0.0192698 -0.146495 -0.229496 0.147551 0.299767 0.0340403 -0.0373108 -0.00830135 0.056229 
388.094 0.02 0.0209302 0.0896592 -0.141096 1.47977 0.0102154 -0.0139788 0.0119851 -0.0218104 0.0142058 0.115881 -0.109221 0.00298612 -0.0542878 0.138639 0.118156 0.399748 -0.0193968 -0.146717 -0.229588 0.14772 0.299589 0.0340123 -0.0374071 -0.00833229 0.0562719 
388.46 0.02 0.0208384 0.0900124 -0.140604 1.47901 0.0103786 -0.0139261 0.0120835 -0.0218455 0.0142032 0.116127 -0.109178 0.0032515 -0.0540577 0.138529 0.118501 0.399511 -0.0195357 -0.146949 -0.229681 0.147917 0.299529 0.0339693 -0.0375293 -0.00840016 0.056331 
388.886 0.02 0.0207386 0.090368 -0.140129 1.47829 0.0105359 -0.013891 0.012161 -0.0218236 0.0141878 0.116383 -0.109108 0.0035084 -0.0537827 0.138432 0.118864 0.39926 -0.0196739 -0.147205 -0.229792 0.148161 0.299613 0.0339131 -0.0376777 -0.0085033 0.056408 
389.373 0.02 0.0206311 0.0907261 -0.139665 1.47762 0.0106886 -0.0138745 0.0122184 -0.0217546 0.0141626 0.116647 -0.109014 0.00375956 -0.0534704 0.138348 0.119244 0.398997 -0.0198093 -0.147483 -0.229924 0.148454 0.299836 0.0338453 -0.0378494 -0.00863692 0.0564993 
389.897 0.02 0.0205107 0.0910911 -0.139205 1.47697 0.0108336 -0.0138693 0.012257 -0.0216491 0.0141298 0.116919 -0.108904 0.00400683 -0.0531277 0.138271 0.11964 0.398719 -0.0199496 -0.147772 -0.230065 0.148784 0.300164 0.0337678 -0.0380386 -0.00879369 0.0565966 
390.424 0.02 0.0203698 0.0914695 -0.138739 1.47633 0.0109658 -0.0138628 0.0122783 -0.0215178 0.0140918 0.117198 -0.108782 0.0042516 -0.0527614 0.138193 0.120051 0.398422 -0.0201088 -0.148051 -0.230191 0.149124 0.300546 0.0336826 -0.0382381 -0.00896457 0.0566888 
390.945 0.02 0.0202021 0.0918664 -0.13826 1.47568 0.0110818 -0.0138429 0.0122828 -0.0213716 0.0140509 0.117484 -0.108652 0.00449567 -0.0523807 0.138107 0.120477 0.398104 -0.0202996 -0.148301 -0.230278 0.149452 0.300925 0.033592 -0.0384404 -0.00913992 0.0567643 
391.475 0.02 0.0200063 0.0922822 -0.137757 1.47498 0.011183 -0.013803 0.012269 -0.0212211 0.0140097 0.117772 -0.108515 0.00474211 -0.0519981 0.138005 0.120918 0.397762 -0.0205275 -0.14851 -0.230308 0.149751 0.301254 0.0334983 -0.0386392 -0.00931073 0.0568137 
392.029 0.02 0.0197879 0.0927113 -0.137222 1.47424 0.0112768 -0.0137449 0.0122342 -0.0210757 0.0139713 0.118053 -0.10837 0.00499553 -0.0516288 0.137885 0.121373 0.397398 -0.0207869 -0.148679 -0.230279 0.15002 0.301508 0.0334038 -0.0388308 -0.00946987 0.0568321 
392.613 0.02 0.0195583 0.0931437 -0.136645 1.47345 0.0113756 -0.0136788 0.0121747 -0.0209433 0.0139387 0.118315 -0.108209 0.00526154 -0.0512881 0.137746 0.121843 0.397015 -0.0210619 -0.148821 -0.230201 0.150272 0.301688 0.03331 -0.0390145 -0.00961285 0.0568197 
393.214 0.02 0.0193307 0.093568 -0.13602 1.47263 0.0114921 -0.01362 0.0120883 -0.0208294 0.0139142 0.118546 -0.108029 0.00554538 -0.0509882 0.137592 0.122326 0.396621 -0.0213316 -0.148956 -0.230096 0.150533 0.301816 0.0332181 -0.039192 -0.00973799 0.056781 
393.826 0.02 0.0191157 0.093976 -0.135343 1.47179 0.0116354 -0.0135831 0.0119755 -0.0207374 0.0138995 0.11874 -0.107825 0.00585032 -0.0507346 0.137431 0.122823 0.396222 -0.0215767 -0.149104 -0.229991 0.150827 0.301927 0.0331281 -0.0393666 -0.00984596 0.0567223 
394.458 0.02 0.0189172 0.094367 -0.134616 1.47095 0.0118064 -0.0135774 0.0118411 -0.0206685 0.0138949 0.1189 -0.107599 0.00617619 -0.050524 0.137269 0.123333 0.395822 -0.0217868 -0.14928 -0.229908 0.151174 0.302059 0.0330395 -0.0395417 -0.0099388 0.0566501 
395.118 0.02 0.0187295 0.0947489 -0.133844 1.47012 0.0119963 -0.0136026 0.0116936 -0.0206232 0.0138999 0.119037 -0.107361 0.00651895 -0.0503448 0.137111 0.123856 0.395425 -0.0219648 -0.149481 -0.229862 0.151577 0.302233 0.032951 -0.0397195 -0.0100189 0.0565677 
395.81 0.02 0.0185394 0.0951367 -0.133036 1.4693 0.0121884 -0.0136495 0.0115449 -0.020601 0.0139127 0.11917 -0.107124 0.00687111 -0.0501789 0.13696 0.124392 0.395029 -0.0221255 -0.149696 -0.229854 0.152023 0.302457 0.0328614 -0.0399007 -0.010088 0.0564757 
396.526 0.02 0.0183296 0.0955489 -0.132201 1.46849 0.0123625 -0.0137032 0.0114071 -0.020601 0.0139313 0.119323 -0.1069 0.00722356 -0.0500066 0.136817 0.124939 0.394634 -0.0222909 -0.149902 -0.229877 0.152489 0.302721 0.0327696 -0.0400846 -0.0101473 0.0563717 
397.254 0.02 0.0180845 0.0960009 -0.131348 1.46768 0.0125014 -0.0137487 0.0112897 -0.0206223 0.0139537 0.119513 -0.106704 0.00756792 -0.0498115 0.136681 0.125499 0.394236 -0.0224826 -0.150079 -0.229916 0.152951 0.303003 0.0326745 -0.0402696 -0.0101966 0.0562521 
397.986 0.02 0.017795 0.0965007 -0.130482 1.46685 0.012596 -0.0137754 0.0111967 -0.0206637 0.0139783 0.119752 -0.106538 0.00789896 -0.0495849 0.136549 0.126071 0.393833 -0.022714 -0.15021 -0.229959 0.153388 0.303279 0.0325749 -0.0404543 -0.0102353 0.0561143 
398.72 0.02 0.0174619 0.0970458 -0.129604 1.46601 0.0126483 -0.0137821 0.0111263 -0.0207239 0.0140043 0.120038 -0.1064 0.00821579 -0.0493271 0.136422 0.126657 0.393426 -0.0229857 -0.150293 -0.229999 0.153793 0.303529 0.0324692 -0.0406385 -0.0102625 0.0559577 
399.461 0.02 0.0170957 0.097624 -0.128709 1.46515 0.0126713 -0.0137766 0.011071 -0.0208014 0.0140315 0.120361 -0.106277 0.00852197 -0.0490468 0.1363 0.127257 0.393016 -0.0232846 -0.150337 -0.230034 0.154174 0.303746 0.0323558 -0.040823 -0.0102772 0.0557849 
400.211 0.02 0.0167135 0.098216 -0.127792 1.46426 0.0126853 -0.0137742 0.0110197 -0.020894 0.0140603 0.120702 -0.106154 0.00882409 -0.0487579 0.136184 0.127874 0.392608 -0.0235875 -0.150362 -0.230074 0.15455 0.303931 0.0322329 -0.0410101 -0.0102791 0.0556009 
400.981 0.02 0.0163339 0.0988015 -0.126844 1.46336 0.0127118 -0.0137922 0.0109608 -0.0209998 0.0140911 0.121042 -0.106012 0.00912941 -0.0484748 0.136077 0.128508 0.392207 -0.0238689 -0.150393 -0.230128 0.154945 0.304093 0.0320982 -0.0412028 -0.0102681 0.0554119 
401.777 0.02 0.0159713 0.0993647 -0.12586 1.46244 0.0127673 -0.0138445 0.0108853 -0.0211166 0.0141241 0.121366 -0.105837 0.00944319 -0.0482072 0.135982 0.129161 0.391815 -0.0241084 -0.150447 -0.230207 0.155377 0.304241 0.0319498 -0.0414035 -0.0102449 0.055223 
402.604 0.02 0.0156313 0.0998984 -0.124838 1.46152 0.0128587 -0.0139375 0.0107892 -0.0212421 0.0141588 0.121667 -0.105625 0.00976669 -0.0479567 0.1359 0.129833 0.391434 -0.0242974 -0.150532 -0.230314 0.155855 0.304379 0.0317859 -0.0416141 -0.0102103 0.0550376 
403.464 0.02 0.0153098 0.100406 -0.12378 1.46058 0.0129819 -0.0140681 0.0106734 -0.0213744 0.0141943 0.121953 -0.105377 0.0100967 -0.0477154 0.135833 0.130524 0.391065 -0.0244405 -0.150643 -0.230447 0.156371 0.304503 0.0316052 -0.041835 -0.0101654 0.0548563 
404.354 0.02 0.0149948 0.100898 -0.122693 1.45963 0.0131241 -0.0142263 0.0105431 -0.0215117 0.0142293 0.122235 -0.105105 0.0104266 -0.0474684 0.135782 0.131234 0.390706 -0.0245526 -0.150765 -0.2306 0.156908 0.304605 0.031407 -0.0420661 -0.0101118 0.0546778 
405.268 0.02 0.0146711 0.101389 -0.121584 1.45867 0.0132688 -0.014399 0.0104055 -0.0216522 0.0142625 0.122531 -0.104822 0.0107483 -0.0471978 0.135746 0.131962 0.390353 -0.0246529 -0.150877 -0.230763 0.157446 0.304676 0.0311908 -0.0423067 -0.0100511 0.0545002 
406.201 0.02 0.0143258 0.101891 -0.120459 1.45768 0.0134018 -0.0145758 0.0102667 -0.0217948 0.0142927 0.122856 -0.10454 0.011055 -0.0468869 0.135727 0.132709 0.390006 -0.0247576 -0.150965 -0.23093 0.157965 0.304711 0.0309563 -0.0425562 -0.00998492 0.0543221 
407.148 0.02 0.0139519 0.102412 -0.119322 1.45668 0.0135151 -0.0147514 0.0101297 -0.021938 0.0143198 0.123216 -0.104267 0.0113427 -0.0465247 0.135727 0.133472 0.389663 -0.0248745 -0.151019 -0.231101 0.158458 0.304711 0.0307032 -0.042815 -0.00991497 0.0541442 
408.105 0.02 0.0135497 0.10295 -0.118173 1.45566 0.0136087 -0.0149281 0.00999367 -0.0220811 0.014344 0.123613 -0.104006 0.0116108 -0.0461069 0.135747 0.134253 0.389326 -0.0250015 -0.151043 -0.231281 0.158927 0.304683 0.0304312 -0.0430843 -0.00984254 0.053969 
409.073 0.02 0.0131259 0.103498 -0.117007 1.45464 0.0136897 -0.0151131 0.00985392 -0.0222236 0.0143665 0.12404 -0.103752 0.0118619 -0.0456356 0.13579 0.13505 0.388997 -0.0251282 -0.151047 -0.231479 0.15938 0.304638 0.0301401 -0.0433655 -0.0097685 0.0538005 
410.058 0.02 0.012691 0.104046 -0.11582 1.45362 0.0137693 -0.0153162 0.00970381 -0.022365 0.0143889 0.124484 -0.103501 0.0121004 -0.0451171 0.135859 0.135864 0.38868 -0.0252403 -0.151043 -0.231705 0.15983 0.304584 0.0298301 -0.0436602 -0.00969321 0.0536433 
411.062 0.02 0.0122555 0.104582 -0.114609 1.4526 0.0138586 -0.0155458 0.00953682 -0.0225052 0.014413 0.124935 -0.103246 0.0123304 -0.0445593 0.135956 0.136694 0.388376 -0.0253247 -0.151044 -0.231965 0.160286 0.304524 0.0295022 -0.043969 -0.00961656 0.0535012 
412.089 0.02 0.0118278 0.105099 -0.11337 1.45158 0.0139658 -0.0158063 0.00934855 -0.0226437 0.0144405 0.125384 -0.102983 0.0125549 -0.0439687 0.13608 0.13754 0.388089 -0.0253732 -0.151058 -0.23226 0.16075 0.304454 0.0291582 -0.0442913 -0.00953806 0.0533766 
413.132 0.02 0.0114126 0.105593 -0.112106 1.45056 0.014094 -0.0160972 0.00913809 -0.0227801 0.0144732 0.125828 -0.102712 0.0127754 -0.0433491 0.136231 0.1384 0.387819 -0.0253842 -0.151083 -0.232587 0.161218 0.304362 0.0288012 -0.0446256 -0.00945712 0.0532705 
414.185 0.02 0.0110108 0.106066 -0.11082 1.44953 0.0142417 -0.0164141 0.00890821 -0.0229139 0.0145126 0.126266 -0.102438 0.0129916 -0.0427012 0.136407 0.139275 0.387565 -0.0253615 -0.151117 -0.23294 0.161679 0.304237 0.0284346 -0.0449694 -0.00937326 0.0531828 
415.238 0.02 0.0106216 0.106521 -0.109518 1.44849 0.014404 -0.0167514 0.00866457 -0.0230441 0.0145601 0.126703 -0.102165 0.0132027 -0.0420235 0.136606 0.140162 0.387328 -0.025312 -0.151153 -0.233313 0.162122 0.30407 0.0280622 -0.0453203 -0.00928631 0.0531134 
416.289 0.02 0.0102435 0.106963 -0.108205 1.44744 0.0145747 -0.0171043 0.00841426 -0.02317 0.0146168 0.127145 -0.101902 0.013408 -0.0413137 0.136828 0.14106 0.387106 -0.025242 -0.151188 -0.233705 0.162539 0.30386 0.0276874 -0.0456767 -0.00919654 0.0530628 
417.31 0.02 0.00987588 0.107397 -0.106886 1.44638 0.0147484 -0.0174702 0.00816413 -0.0232909 0.014684 0.127595 -0.101652 0.013608 -0.0405706 0.137073 0.141968 0.386901 -0.0251562 -0.15122 -0.234118 0.162926 0.303615 0.0273132 -0.0460375 -0.00910459 0.0530325 
418.308 0.02 0.00951951 0.107827 -0.105564 1.44533 0.014921 -0.0178502 0.00792059 -0.0234063 0.0147627 0.128057 -0.101421 0.0138036 -0.0397935 0.137341 0.142884 0.386712 -0.0250552 -0.151255 -0.23456 0.163288 0.30335 0.0269417 -0.0464027 -0.00901153 0.0530252 
419.275 0.02 0.00917591 0.108255 -0.104241 1.44428 0.0150898 -0.0182462 0.00768832 -0.0235158 0.0148543 0.128532 -0.101209 0.0139972 -0.0389838 0.137635 0.143808 0.386541 -0.0249386 -0.151298 -0.235038 0.163629 0.303082 0.0265748 -0.0467727 -0.00891851 0.0530439 
420.208 0.02 0.00884651 0.108681 -0.102916 1.44325 0.0152529 -0.0186605 0.00747065 -0.0236194 0.0149597 0.129021 -0.101017 0.0141914 -0.0381442 0.137957 0.144738 0.386389 -0.0248056 -0.151356 -0.235559 0.163954 0.302824 0.026214 -0.0471474 -0.00882657 0.0530907 
421.104 0.02 0.00853177 0.109107 -0.101592 1.44224 0.0154082 -0.0190933 0.00726968 -0.0237175 0.0150801 0.129524 -0.100844 0.0143886 -0.0372785 0.138305 0.145672 0.386256 -0.0246573 -0.151431 -0.236127 0.164264 0.302584 0.0258613 -0.0475256 -0.00873644 0.0531666 
421.96 0.02 0.00823092 0.109532 -0.100268 1.44125 0.0155532 -0.0195426 0.00708659 -0.0238103 0.0152163 0.13004 -0.100691 0.0145914 -0.0363911 0.13868 0.14661 0.386141 -0.0244967 -0.151526 -0.236738 0.164559 0.302361 0.0255186 -0.0479056 -0.00864852 0.0532709 
422.77 0.02 0.0079421 0.109959 -0.0989445 1.44028 0.015685 -0.0200048 0.00692149 -0.0238985 0.0153691 0.130569 -0.100556 0.0148021 -0.0354872 0.139079 0.147549 0.386044 -0.0243281 -0.151638 -0.237388 0.164834 0.302149 0.0251879 -0.0482848 -0.00856287 0.0534016 
423.53 0.02 0.00766285 0.110386 -0.0976213 1.43932 0.015801 -0.0204752 0.00677319 -0.0239829 0.015539 0.13111 -0.100437 0.0150228 -0.0345728 0.1395 0.148489 0.385962 -0.0241566 -0.151765 -0.23807 0.165085 0.301939 0.0248709 -0.0486603 -0.00847941 0.053556 
424.241 0.02 0.00739068 0.110813 -0.0962967 1.43837 0.0158996 -0.0209499 0.00663895 -0.0240647 0.0157263 0.131659 -0.100331 0.0152562 -0.0336543 0.139939 0.149428 0.385895 -0.0239858 -0.151904 -0.238777 0.165309 0.301723 0.0245687 -0.0490296 -0.00839814 0.0537311 
424.904 0.02 0.00712333 0.111238 -0.094968 1.43743 0.0159798 -0.0214263 0.00651459 -0.0241451 0.015931 0.132215 -0.100232 0.0155053 -0.0327387 0.140395 0.150365 0.385842 -0.0238176 -0.152057 -0.239507 0.165509 0.301496 0.0242812 -0.0493909 -0.00831933 0.0539244 
425.519 0.02 0.00685864 0.11166 -0.0936318 1.43651 0.0160416 -0.0219029 0.00639495 -0.0242257 0.0161531 0.132773 -0.100136 0.0157731 -0.031833 0.140865 0.151299 0.385802 -0.0236524 -0.152224 -0.240259 0.165687 0.30126 0.0240077 -0.0497429 -0.00824377 0.054134 
426.091 0.02 0.00659425 0.112076 -0.0922851 1.43559 0.0160847 -0.0223791 0.00627467 -0.024308 0.016392 0.13333 -0.100036 0.0160624 -0.0309435 0.141351 0.152229 0.385774 -0.0234896 -0.15241 -0.241036 0.165851 0.301019 0.0237469 -0.0500849 -0.00817277 0.0543584 
426.619 0.02 0.00632696 0.112485 -0.0909256 1.4347 0.0161081 -0.0228537 0.00614925 -0.0243936 0.0166472 0.133885 -0.0999292 0.0163751 -0.0300754 0.141849 0.153152 0.385757 -0.0233297 -0.152616 -0.241839 0.166008 0.300781 0.0234969 -0.0504161 -0.00810821 0.0545961 
427.103 0.02 0.00605247 0.112889 -0.0895529 1.43382 0.0161091 -0.0233234 0.00601582 -0.0244841 0.0169179 0.134437 -0.0998117 0.0167115 -0.0292323 0.142361 0.154067 0.38575 -0.0231751 -0.152843 -0.242671 0.166162 0.300552 0.0232564 -0.0507355 -0.00805238 0.0548455 
427.54 0.02 0.00576558 0.113288 -0.0881684 1.43296 0.0160835 -0.0237831 0.00587342 -0.0245808 0.017203 0.134989 -0.0996826 0.0170705 -0.028416 0.142884 0.154971 0.385753 -0.0230305 -0.153088 -0.243532 0.166315 0.300337 0.0230241 -0.0510414 -0.00800785 0.0551042 
427.925 0.02 0.00546075 0.113686 -0.0867751 1.43213 0.0160265 -0.0242253 0.0057226 -0.0246852 0.0175016 0.135543 -0.0995423 0.017449 -0.0276275 0.143418 0.155861 0.385762 -0.0229025 -0.153345 -0.244417 0.166467 0.300137 0.0227989 -0.0513317 -0.0079773 0.055369 
428.252 0.02 0.00513316 0.114086 -0.0853762 1.43133 0.0159334 -0.0246418 0.00556462 -0.0247988 0.0178125 0.136103 -0.0993917 0.0178431 -0.026867 0.14396 0.156737 0.385776 -0.0227981 -0.153607 -0.245322 0.166616 0.299952 0.0225801 -0.0516039 -0.00796331 0.0556367 
428.521 0.02 0.00477978 0.114487 -0.0839748 1.43054 0.0158015 -0.0250253 0.00540062 -0.0249228 0.0181345 0.13667 -0.0992306 0.0182491 -0.0261363 0.144509 0.157594 0.385794 -0.0227225 -0.153868 -0.24624 0.16676 0.299781 0.0223665 -0.0518556 -0.00796815 0.0559042 
428.738 0.02 0.00439998 0.114889 -0.0825732 1.42977 0.0156311 -0.0253705 0.00523099 -0.0250584 0.0184664 0.137244 -0.0990571 0.0186632 -0.0254385 0.145063 0.158432 0.385813 -0.0226782 -0.154126 -0.247165 0.166903 0.299623 0.0221571 -0.0520851 -0.00799367 0.0561687 
428.907 0.02 0.00399585 0.115289 -0.0811728 1.42903 0.0154247 -0.0256747 0.0050557 -0.0252064 0.0188072 0.137821 -0.0988677 0.0190831 -0.0247789 0.145621 0.15925 0.385831 -0.0226649 -0.154379 -0.248092 0.167045 0.299477 0.021951 -0.0522907 -0.00804109 0.0564281 
429.037 0.02 0.00357156 0.115682 -0.0797746 1.42831 0.0151876 -0.0259375 0.00487442 -0.0253671 0.0191556 0.138397 -0.0986578 0.0195075 -0.0241645 0.146181 0.160046 0.385849 -0.0226797 -0.154628 -0.249016 0.167193 0.299347 0.0217472 -0.0524714 -0.0081111 0.0566805 
429.144 0.02 0.00313231 0.116062 -0.0783797 1.4276 0.0149255 -0.0261604 0.00468727 -0.0255406 0.0195104 0.138967 -0.0984221 0.0199359 -0.0236029 0.146743 0.160821 0.385864 -0.0227188 -0.154874 -0.249934 0.16735 0.299234 0.0215452 -0.0526265 -0.00820382 0.0569247 
429.236 0.02 0.00268278 0.116425 -0.0769893 1.42691 0.014644 -0.0263452 0.00449495 -0.0257263 0.0198702 0.139525 -0.0981566 0.0203686 -0.0231004 0.147302 0.161573 0.385875 -0.0227791 -0.155119 -0.25084 0.167519 0.299141 0.0213448 -0.0527554 -0.0083189 0.0571589 
429.32 0.02 0.00222595 0.11677 -0.0756052 1.42624 0.0143467 -0.0264938 0.00429898 -0.0259233 0.0202332 0.14007 -0.0978587 0.0208056 -0.022661 0.147859 0.162304 0.385881 -0.0228593 -0.155361 -0.25173 0.167698 0.299069 0.0211459 -0.0528582 -0.00845558 0.0573814 
429.406 0.02 0.00176286 0.117096 -0.0742301 1.42558 0.0140353 -0.0266071 0.00410177 -0.0261305 0.0205975 0.1406 -0.0975279 0.0212467 -0.0222861 0.148412 0.163014 0.385879 -0.0229603 -0.155597 -0.252597 0.167883 0.29902 0.020949 -0.0529351 -0.00861288 0.0575899 
429.493 0.02 0.00129308 0.117407 -0.0728667 1.42492 0.0137098 -0.0266865 0.00390647 -0.0263462 0.0209608 0.141119 -0.0971654 0.0216914 -0.0219742 0.148957 0.163703 0.385868 -0.0230843 -0.155824 -0.253438 0.168068 0.298992 0.0207544 -0.0529872 -0.00878955 0.0577826 
429.584 0.02 0.000815535 0.117704 -0.0715186 1.42428 0.0133697 -0.0267333 0.00371654 -0.0265686 0.0213206 0.141628 -0.0967731 0.0221386 -0.0217229 0.149494 0.164374 0.385844 -0.0232337 -0.156037 -0.254248 0.168249 0.298988 0.0205626 -0.0530159 -0.00898425 0.0579576 
429.677 0.02 0.000329491 0.117991 -0.070189 1.42364 0.0130147 -0.0267503 0.00353525 -0.0267957 0.0216744 0.14213 -0.096353 0.0225877 -0.0215294 0.150022 0.165028 0.385807 -0.0234099 -0.156234 -0.255025 0.168423 0.29901 0.0203742 -0.0530237 -0.0091955 0.058114 
429.774 0.02 -0.000164783 0.118269 -0.0688807 1.423 0.0126457 -0.0267421 0.00336523 -0.0270251 0.0220199 0.142626 -0.0959066 0.0230383 -0.0213915 0.15054 0.165667 0.385755 -0.0236123 -0.156415 -0.255771 0.168587 0.299064 0.0201895 -0.0530132 -0.0094216 0.0582513 
429.873 0.02 -0.000666032 0.118538 -0.067596 1.42237 0.0122647 -0.0267146 0.00320827 -0.0272542 0.0223548 0.143117 -0.0954345 0.023491 -0.0213075 0.151046 0.166293 0.385687 -0.0238387 -0.156582 -0.256487 0.168742 0.299154 0.0200092 -0.0529879 -0.00966067 0.0583701 
429.975 0.02 -0.00117223 0.118799 -0.066337 1.42173 0.0118743 -0.0266741 0.00306559 -0.0274805 0.022677 0.143604 -0.0949369 0.0239466 -0.0212762 0.15154 0.166908 0.385602 -0.0240857 -0.156737 -0.257175 0.16889 0.299285 0.0198338 -0.052951 -0.00991056 0.0584709 
430.08 0.02 -0.00168115 0.119052 -0.065106 1.4211 0.0114774 -0.0266267 0.00293814 -0.0277015 0.0229846 0.144085 -0.0944145 0.024406 -0.0212962 0.15202 0.167515 0.3855 -0.02435 -0.156884 -0.257839 0.169031 0.299459 0.0196641 -0.0529059 -0.010169 0.0585547 
430.189 0.02 -0.00219068 0.119296 -0.0639055 1.42046 0.0110763 -0.0265766 0.002827 -0.0279147 0.0232759 0.144561 -0.093869 0.0248695 -0.0213655 0.152485 0.168115 0.38538 -0.024629 -0.157024 -0.258479 0.169164 0.299674 0.0195009 -0.0528554 -0.0104337 0.0586221 
430.301 0.02 -0.0026988 0.119532 -0.062739 1.41982 0.0106728 -0.0265268 0.00273362 -0.0281182 0.0235495 0.145034 -0.0933031 0.0253371 -0.0214812 0.152932 0.168711 0.385242 -0.0249209 -0.157157 -0.259093 0.169287 0.299927 0.0193451 -0.0528019 -0.0107024 0.0586737 
430.416 0.02 -0.00320347 0.119761 -0.0616105 1.41916 0.0102684 -0.0264785 0.00265966 -0.0283102 0.0238044 0.145503 -0.0927204 0.0258078 -0.0216399 0.153361 0.169304 0.385084 -0.0252247 -0.157283 -0.259679 0.169398 0.300213 0.0191976 -0.0527469 -0.0109732 0.05871 
430.533 0.02 -0.00370192 0.119982 -0.0605246 1.41849 0.00986489 -0.0264323 0.00260711 -0.0284895 0.0240397 0.14597 -0.0921253 0.02628 -0.0218378 0.153769 0.169896 0.384907 -0.0255385 -0.157402 -0.260237 0.169496 0.300524 0.0190588 -0.0526918 -0.0112447 0.0587322 
430.655 0.02 -0.00419039 0.120196 -0.0594858 1.4178 0.00946469 -0.0263888 0.00257775 -0.028655 0.0242554 0.146435 -0.0915219 0.0267519 -0.0220715 0.154156 0.170486 0.384711 -0.0258596 -0.157516 -0.260766 0.169582 0.300859 0.0189288 -0.0526372 -0.0115159 0.0587419 
430.781 0.02 -0.00466467 0.1204 -0.0584987 1.41709 0.00907044 -0.0263481 0.00257344 -0.0288062 0.0244515 0.146899 -0.0909149 0.0272211 -0.0223375 0.154521 0.171074 0.384497 -0.0261844 -0.157625 -0.261267 0.169659 0.301213 0.0188074 -0.0525836 -0.0117864 0.0587411 
430.911 0.02 -0.00512026 0.120593 -0.0575676 1.41636 0.00868505 -0.0263101 0.00259565 -0.028943 0.0246286 0.147359 -0.0903084 0.0276852 -0.0226323 0.154865 0.171662 0.384266 -0.0265092 -0.157733 -0.261739 0.16973 0.301586 0.0186942 -0.0525309 -0.012056 0.0587324 
431.044 0.02 -0.00555313 0.120773 -0.0566963 1.41561 0.00831098 -0.0262746 0.00264552 -0.0290652 0.0247874 0.147816 -0.0897068 0.0281422 -0.0229519 0.155188 0.172247 0.384018 -0.0268302 -0.157842 -0.262187 0.1698 0.301976 0.018589 -0.0524792 -0.0123249 0.058718 
431.179 0.02 -0.00596043 0.120939 -0.0558878 1.41484 0.00794968 -0.0262409 0.00272384 -0.0291728 0.0249287 0.148269 -0.0891147 0.0285904 -0.0232919 0.155489 0.17283 0.383755 -0.0271447 -0.157952 -0.262611 0.169871 0.302382 0.0184914 -0.0524283 -0.0125932 0.0587002 
431.318 0.02 -0.00634046 0.121092 -0.0551442 1.41406 0.00760163 -0.0262079 0.0028311 -0.029266 0.0250532 0.148718 -0.0885364 0.0290285 -0.0236475 0.155767 0.173411 0.383478 -0.0274513 -0.158065 -0.263012 0.169942 0.302802 0.0184018 -0.0523777 -0.012861 0.0586803 
431.457 0.02 -0.00669261 0.121231 -0.0544669 1.41324 0.00726641 -0.026174 0.0029674 -0.0293448 0.0251618 0.149164 -0.0879761 0.0294555 -0.0240136 0.156024 0.173988 0.383188 -0.0277492 -0.158179 -0.263393 0.170013 0.303233 0.0183205 -0.052327 -0.0131283 0.0586593 
431.598 0.02 -0.00701672 0.121358 -0.0538563 1.41241 0.00694342 -0.0261383 0.00313236 -0.0294095 0.0252551 0.149607 -0.087437 0.0298713 -0.0243862 0.156257 0.174561 0.382884 -0.0280383 -0.158295 -0.263752 0.170084 0.303672 0.0182481 -0.0522755 -0.0133946 0.0586377 
431.74 0.02 -0.00731275 0.121473 -0.0533116 1.41155 0.0066322 -0.0261003 0.00332492 -0.0294602 0.0253338 0.150047 -0.0869216 0.0302758 -0.024762 0.156466 0.175131 0.382567 -0.0283177 -0.158414 -0.264091 0.170153 0.304116 0.0181851 -0.0522227 -0.0136592 0.0586157 
431.883 0.02 -0.0075805 0.121578 -0.0528308 1.41067 0.00633274 -0.0260606 0.00354339 -0.0294972 0.0253987 0.150484 -0.0864309 0.0306701 -0.0251389 0.156651 0.175697 0.382238 -0.0285862 -0.158537 -0.264412 0.170222 0.304564 0.018132 -0.0521679 -0.0139215 0.0585932 
432.03 0.02 -0.00781971 0.121671 -0.0524114 1.40977 0.00604536 -0.0260205 0.00378555 -0.0295208 0.0254506 0.150915 -0.0859653 0.0310551 -0.0255158 0.156811 0.176258 0.381896 -0.0288421 -0.158667 -0.264716 0.170291 0.305014 0.0180892 -0.0521107 -0.0141803 0.0585703 
432.18 0.02 -0.0080304 0.121754 -0.0520503 1.40884 0.0057702 -0.0259812 0.00404899 -0.0295313 0.0254904 0.15134 -0.085525 0.0314323 -0.0258918 0.156947 0.176815 0.381543 -0.0290835 -0.158807 -0.265005 0.170363 0.305466 0.018057 -0.0520504 -0.0144348 0.0585468 
432.333 0.02 -0.00821318 0.121826 -0.0517442 1.40789 0.00550692 -0.0259436 0.00433134 -0.0295293 0.0255188 0.151758 -0.0851102 0.0318028 -0.0262659 0.157057 0.177367 0.381177 -0.0293097 -0.158958 -0.26528 0.170439 0.30592 0.0180356 -0.0519864 -0.0146838 0.0585223 
432.49 0.02 -0.00836939 0.121891 -0.0514901 1.40691 0.00525447 -0.0259079 0.00463039 -0.0295153 0.0255367 0.152169 -0.0847218 0.0321675 -0.0266366 0.157142 0.177914 0.380799 -0.0295203 -0.159122 -0.265543 0.170519 0.306376 0.0180254 -0.0519181 -0.0149266 0.058496 
432.648 0.02 -0.00850105 0.12195 -0.0512849 1.40591 0.00501121 -0.0258737 0.00494404 -0.0294899 0.0255447 0.152572 -0.084361 0.032527 -0.027002 0.157202 0.178454 0.380408 -0.0297162 -0.159299 -0.265796 0.170603 0.306834 0.0180265 -0.0518445 -0.0151626 0.0584671 
432.808 0.02 -0.00861061 0.122005 -0.0511256 1.4049 0.00477523 -0.02584 0.0052701 -0.0294541 0.0255437 0.152969 -0.0840293 0.0328821 -0.0273599 0.157238 0.178988 0.380004 -0.0298986 -0.15949 -0.266037 0.17069 0.307293 0.018039 -0.051765 -0.015391 0.0584347 
432.971 0.02 -0.00870031 0.122059 -0.0510092 1.40386 0.00454487 -0.0258059 0.00560611 -0.0294086 0.0255346 0.153361 -0.0837277 0.0332332 -0.0277084 0.157251 0.179514 0.379587 -0.0300687 -0.159692 -0.266269 0.17078 0.307754 0.0180631 -0.0516788 -0.0156115 0.0583978 
433.132 0.02 -0.00877205 0.122113 -0.050932 1.4028 0.00431908 -0.0257705 0.00594915 -0.0293544 0.0255182 0.153746 -0.0834568 0.0335812 -0.0280459 0.15724 0.180032 0.379156 -0.0302269 -0.159907 -0.266491 0.170873 0.308216 0.0180985 -0.0515856 -0.0158239 0.0583558 
433.296 0.02 -0.00882723 0.122169 -0.0508903 1.40172 0.00409748 -0.0257334 0.00629592 -0.0292923 0.0254955 0.154124 -0.0832165 0.0339271 -0.0283714 0.157207 0.18054 0.378713 -0.0303731 -0.160136 -0.266707 0.17097 0.308681 0.0181451 -0.0514848 -0.0160279 0.0583082 
433.46 0.02 -0.00886702 0.122227 -0.0508803 1.40063 0.00388011 -0.0256941 0.00664277 -0.0292233 0.0254676 0.154495 -0.0830063 0.0342722 -0.0286845 0.157153 0.181039 0.378256 -0.030507 -0.160379 -0.266915 0.17107 0.309148 0.0182025 -0.0513762 -0.0162236 0.0582546 
433.626 0.02 -0.0088923 0.122287 -0.0508984 1.39952 0.00366724 -0.0256519 0.00698611 -0.0291483 0.0254353 0.154857 -0.0828256 0.0346176 -0.0289847 0.157079 0.181525 0.377786 -0.0306281 -0.160637 -0.267119 0.171176 0.309618 0.0182706 -0.0512597 -0.0164109 0.0581948 
433.794 0.02 -0.00890397 0.12235 -0.0509413 1.3984 0.00345916 -0.0256058 0.00732248 -0.0290682 0.0253997 0.15521 -0.0826738 0.0349646 -0.0292716 0.156985 0.182 0.377304 -0.0307364 -0.16091 -0.267318 0.171287 0.31009 0.0183492 -0.0511352 -0.0165902 0.0581285 
433.965 0.02 -0.00890314 0.122417 -0.0510063 1.39727 0.00325584 -0.0255544 0.00764888 -0.0289837 0.0253617 0.155552 -0.0825505 0.0353145 -0.029545 0.156872 0.182461 0.37681 -0.0308321 -0.161198 -0.267513 0.171402 0.310563 0.0184382 -0.0510026 -0.0167619 0.0580553 
434.138 0.02 -0.00889103 0.12249 -0.051091 1.39613 0.00305712 -0.0254959 0.00796264 -0.0288955 0.0253221 0.155884 -0.0824555 0.0356682 -0.0298043 0.156742 0.182907 0.376305 -0.0309159 -0.161498 -0.267704 0.171519 0.311038 0.0185378 -0.0508621 -0.0169263 0.0579749 
434.313 0.02 -0.00886883 0.122568 -0.0511935 1.39498 0.00286281 -0.0254286 0.00826136 -0.0288043 0.0252816 0.156206 -0.0823884 0.0360269 -0.0300491 0.156594 0.183338 0.375788 -0.0309884 -0.16181 -0.267892 0.171638 0.311513 0.0186478 -0.0507139 -0.0170841 0.0578873 
434.495 0.02 -0.00883771 0.122653 -0.0513119 1.39382 0.00267286 -0.0253511 0.00854278 -0.0287107 0.025241 0.156518 -0.0823488 0.0363919 -0.0302791 0.156431 0.183751 0.375262 -0.0310501 -0.162133 -0.268077 0.171757 0.311989 0.0187682 -0.0505586 -0.0172361 0.0577922 
434.675 0.02 -0.00879879 0.122747 -0.0514445 1.39265 0.0024873 -0.025262 0.00880476 -0.0286152 0.0252006 0.156819 -0.0823361 0.0367642 -0.0304944 0.156251 0.184147 0.374727 -0.0311012 -0.162466 -0.268262 0.171875 0.312466 0.0188989 -0.0503969 -0.0173828 0.0576897 
434.863 0.02 -0.00875285 0.122849 -0.0515894 1.39147 0.00230679 -0.0251604 0.00904483 -0.0285183 0.0251609 0.15711 -0.0823489 0.0371454 -0.0306954 0.156058 0.184523 0.374184 -0.0311414 -0.162808 -0.268447 0.171992 0.312945 0.0190394 -0.0502297 -0.0175249 0.0575796 
435.054 0.02 -0.00870107 0.12296 -0.0517446 1.3903 0.00213166 -0.0250454 0.00926074 -0.0284207 0.025122 0.157389 -0.082386 0.0375365 -0.0308823 0.155851 0.18488 0.373633 -0.0311708 -0.163157 -0.268633 0.172108 0.313426 0.0191892 -0.0500583 -0.017663 0.057462 
435.25 0.02 -0.00864474 0.123082 -0.0519083 1.38912 0.0019623 -0.0249162 0.00945019 -0.0283229 0.0250839 0.157658 -0.082446 0.0379388 -0.0310557 0.155631 0.185216 0.373076 -0.0311891 -0.163514 -0.268822 0.172221 0.31391 0.0193477 -0.0498839 -0.0177977 0.0573365 
435.452 0.02 -0.00858531 0.123214 -0.0520787 1.38793 0.00179906 -0.0247717 0.00961086 -0.0282258 0.0250465 0.157915 -0.0825275 0.0383533 -0.0312156 0.1554 0.185531 0.372514 -0.0311965 -0.163878 -0.269014 0.172332 0.314395 0.0195139 -0.0497079 -0.0179294 0.0572027 
435.661 0.02 -0.00852457 0.123357 -0.0522537 1.38675 0.00164221 -0.0246111 0.00974034 -0.0281302 0.0250093 0.158162 -0.082629 0.0387808 -0.0313622 0.155159 0.185824 0.371947 -0.031193 -0.164246 -0.26921 0.172441 0.31488 0.0196868 -0.0495321 -0.0180586 0.05706 
435.877 0.02 -0.0084644 0.123513 -0.0524314 1.38556 0.00149205 -0.0244334 0.00983618 -0.0280371 0.0249717 0.158397 -0.0827487 0.0392221 -0.0314957 0.154908 0.186095 0.371377 -0.0311785 -0.164618 -0.26941 0.172546 0.315363 0.0198649 -0.049358 -0.0181857 0.0569079 
436.1 0.02 -0.00840697 0.123683 -0.0526099 1.38437 0.00134862 -0.0242377 0.0098961 -0.0279477 0.0249332 0.158622 -0.0828851 0.0396776 -0.0316157 0.15465 0.186343 0.370803 -0.0311534 -0.164993 -0.269616 0.172648 0.315844 0.0200468 -0.0491876 -0.0183112 0.0567456 
436.334 0.02 -0.00835396 0.123866 -0.0527872 1.38319 0.00121259 -0.0240235 0.00991762 -0.0278634 0.0248929 0.158837 -0.0830363 0.040148 -0.0317225 0.154384 0.186567 0.370227 -0.031117 -0.165371 -0.269827 0.172747 0.316322 0.0202308 -0.049023 -0.0184356 0.0565728 
436.578 0.02 -0.00830726 0.124063 -0.0529614 1.382 0.00108443 -0.0237904 0.00989842 -0.0277856 0.0248499 0.159041 -0.0832001 0.0406335 -0.0318161 0.154113 0.186768 0.36965 -0.0310688 -0.165752 -0.270046 0.172845 0.316796 0.020415 -0.0488664 -0.0185594 0.0563889 
436.834 0.02 -0.00826879 0.124275 -0.0531309 1.38081 0.000964507 -0.0235378 0.0098365 -0.0277162 0.0248033 0.159235 -0.0833745 0.0411341 -0.0318966 0.153836 0.186945 0.369071 -0.0310087 -0.166136 -0.270274 0.172942 0.317266 0.0205976 -0.0487201 -0.0186833 0.0561935 
437.096 0.02 -0.00824045 0.124502 -0.0532944 1.37962 0.000853132 -0.0232652 0.0097302 -0.0276568 0.024752 0.159419 -0.0835574 0.0416494 -0.031964 0.153556 0.187098 0.368493 -0.0309364 -0.166522 -0.27051 0.173039 0.31773 0.0207766 -0.0485865 -0.0188077 0.055986 
437.368 0.02 -0.00822406 0.124745 -0.0534511 1.37843 0.000750487 -0.0229718 0.00957816 -0.0276096 0.0246949 0.159594 -0.0837466 0.0421786 -0.0320186 0.153273 0.187226 0.367915 -0.0308522 -0.166911 -0.270755 0.173135 0.318188 0.0209503 -0.0484678 -0.0189334 0.055766 
437.649 0.02 -0.00822122 0.125004 -0.0536 1.37724 0.000656876 -0.022657 0.00937936 -0.0275766 0.0246309 0.159761 -0.0839398 0.0427207 -0.0320609 0.152987 0.187329 0.367339 -0.0307563 -0.167303 -0.271009 0.173231 0.318638 0.0211167 -0.0483662 -0.0190606 0.055533 
437.936 0.02 -0.00823324 0.125279 -0.053741 1.37605 0.000572767 -0.0223203 0.00913295 -0.0275604 0.0245588 0.159918 -0.0841341 0.043274 -0.0320918 0.152699 0.187407 0.366763 -0.0306488 -0.167698 -0.271271 0.173326 0.319079 0.0212741 -0.0482842 -0.0191898 0.0552867 
438.228 0.02 -0.0082612 0.12557 -0.0538737 1.37486 0.000498854 -0.0219617 0.00883814 -0.0275633 0.0244776 0.160068 -0.0843264 0.0438362 -0.0321128 0.152408 0.187459 0.36619 -0.03053 -0.168099 -0.27154 0.173421 0.319509 0.0214203 -0.0482238 -0.019321 0.0550272 
438.516 0.02 -0.00830609 0.125876 -0.0539982 1.37366 0.000435942 -0.0215813 0.00849413 -0.0275881 0.0243864 0.16021 -0.0845131 0.0444048 -0.0321259 0.152115 0.187487 0.365619 -0.0304002 -0.168507 -0.271815 0.173517 0.319926 0.0215529 -0.0481874 -0.0194542 0.0547547 
438.796 0.02 -0.00836895 0.126197 -0.0541152 1.37247 0.000384891 -0.0211796 0.00810014 -0.0276378 0.0242839 0.160344 -0.0846905 0.0449762 -0.0321334 0.151819 0.187489 0.365052 -0.0302598 -0.168924 -0.272095 0.173615 0.320329 0.0216691 -0.0481773 -0.0195891 0.0544698 
439.06 0.02 -0.00845135 0.126533 -0.054226 1.37127 0.000346161 -0.0207574 0.00765527 -0.0277156 0.0241694 0.160473 -0.0848546 0.0455463 -0.032138 0.151521 0.187466 0.364488 -0.0301099 -0.169353 -0.272378 0.173717 0.320717 0.0217654 -0.0481958 -0.0197251 0.0541734 
439.299 0.02 -0.00855559 0.126883 -0.0543327 1.37007 0.000319802 -0.0203152 0.00715839 -0.0278252 0.0240419 0.160597 -0.0850019 0.0461102 -0.0321431 0.151219 0.187418 0.363929 -0.0299522 -0.169796 -0.272663 0.173823 0.321089 0.0218376 -0.0482455 -0.0198613 0.0538671 
439.502 0.02 -0.00868494 0.127249 -0.054439 1.36887 0.000305202 -0.0198535 0.00660813 -0.0279704 0.0239005 0.160719 -0.0851288 0.0466621 -0.0321525 0.150913 0.187346 0.363375 -0.0297894 -0.170255 -0.272947 0.173937 0.32144 0.0218806 -0.0483289 -0.0199967 0.0535524 
439.656 0.02 -0.00884344 0.127632 -0.0545493 1.36767 0.00030156 -0.0193734 0.00600245 -0.0281555 0.0237443 0.160843 -0.085232 0.0471956 -0.0321709 0.150602 0.187249 0.362827 -0.0296247 -0.170732 -0.273229 0.174061 0.32177 0.0218884 -0.0484488 -0.0201295 0.0532316 
439.75 0.02 -0.00903574 0.128033 -0.0546688 1.36648 0.00030794 -0.0188765 0.00533867 -0.028385 0.0235726 0.160973 -0.0853077 0.0477035 -0.0322044 0.150284 0.187128 0.362287 -0.0294612 -0.171231 -0.273505 0.174198 0.322075 0.0218539 -0.0486078 -0.0202579 0.0529075 
439.77 0.02 -0.00926696 0.128454 -0.0548037 1.36529 0.000323324 -0.0183656 0.00461379 -0.0286638 0.0233846 0.161113 -0.0853518 0.0481778 -0.0322598 0.149959 0.186985 0.361756 -0.0293023 -0.171754 -0.273775 0.174351 0.322352 0.021769 -0.0488089 -0.0203792 0.0525836 
439.714 0.02 -0.00954227 0.128896 -0.0549598 1.36412 0.000346552 -0.017845 0.00382552 -0.0289963 0.0231798 0.161269 -0.0853603 0.0486087 -0.0323438 0.149625 0.186819 0.361235 -0.0291512 -0.172305 -0.274035 0.174525 0.322599 0.0216253 -0.0490546 -0.0204905 0.0522639 
439.591 0.02 -0.00986614 0.129362 -0.0551411 1.36297 0.00037602 -0.0173214 0.00297448 -0.0293863 0.0229582 0.161446 -0.085329 0.0489838 -0.032461 0.149284 0.186634 0.360727 -0.029011 -0.172887 -0.274285 0.174721 0.322818 0.0214147 -0.0493464 -0.0205882 0.0519535 
439.435 0.02 -0.0102404 0.129853 -0.0553474 1.36184 0.000409587 -0.016805 0.00206792 -0.0298357 0.02272 0.161652 -0.085254 0.0492866 -0.0326106 0.148939 0.186434 0.360235 -0.0288847 -0.173502 -0.274524 0.174935 0.323015 0.0211315 -0.0496841 -0.0206685 0.0516579 
439.307 0.02 -0.0106619 0.130368 -0.0555699 1.36076 0.000444572 -0.0163112 0.00112457 -0.0303433 0.0224668 0.161896 -0.0851321 0.0494946 -0.0327815 0.148596 0.186223 0.359763 -0.0287739 -0.174154 -0.27475 0.175155 0.323211 0.0207747 -0.0500642 -0.0207274 0.0513832 
439.273 0.02 -0.0111199 0.130906 -0.0557886 1.35972 0.000478246 -0.0158609 0.000177999 -0.0309031 0.022201 0.162187 -0.0849613 0.0495798 -0.0329492 0.148267 0.18601 0.359314 -0.0286784 -0.174841 -0.274964 0.17536 0.323436 0.0203504 -0.0504801 -0.0207614 0.0511355 
439.377 0.02 -0.0115963 0.131462 -0.0559744 1.35875 0.000508609 -0.0154784 -0.000726514 -0.0315048 0.0219263 0.162529 -0.0847415 0.0495139 -0.0330794 0.147968 0.185808 0.358895 -0.0285944 -0.175562 -0.27517 0.175523 0.323733 0.0198723 -0.0509223 -0.0207679 0.05092 
439.612 0.02 -0.0120698 0.132027 -0.0560981 1.35785 0.000535681 -0.0151855 -0.00154408 -0.0321357 0.0216467 0.162926 -0.0844748 0.0492776 -0.0331401 0.147711 0.185626 0.358509 -0.0285141 -0.176313 -0.275369 0.175619 0.32414 0.0193581 -0.0513821 -0.020746 0.0507397 
439.933 0.02 -0.0125218 0.132594 -0.0561415 1.35701 0.000562235 -0.0149958 -0.0022442 -0.0327837 0.021366 0.163372 -0.0841652 0.0488691 -0.0331162 0.147503 0.185475 0.358161 -0.0284266 -0.177087 -0.275564 0.175635 0.324672 0.0188258 -0.0518544 -0.0206961 0.0505942 
440.295 0.02 -0.01294 0.133153 -0.0561008 1.35622 0.000593603 -0.0149121 -0.00281655 -0.0334387 0.021087 0.163856 -0.0838181 0.0483055 -0.0330144 0.147339 0.185363 0.357855 -0.0283199 -0.177875 -0.275751 0.17557 0.325312 0.0182903 -0.0523379 -0.0206186 0.0504792 
440.669 0.02 -0.0133186 0.133695 -0.0559853 1.35544 0.000635717 -0.0149278 -0.00326722 -0.0340937 0.020812 0.164361 -0.0834401 0.0476166 -0.0328586 0.147207 0.185296 0.357593 -0.028184 -0.178667 -0.27592 0.175431 0.326015 0.0177634 -0.052834 -0.020514 0.0503873 
441.042 0.02 -0.0136587 0.134216 -0.0558123 1.35464 0.000692479 -0.0150296 -0.00361256 -0.0347434 0.0205426 0.164872 -0.08304 0.0468392 -0.0326795 0.147092 0.185277 0.357375 -0.0280123 -0.179451 -0.27606 0.175234 0.326726 0.0172535 -0.0533459 -0.0203838 0.0503098 
353.367 0.02 -0.0139681 0.134712 -0.0556027 1.3538 0.000763202 -0.0152003 -0.00387222 -0.035384 0.0202795 0.165378 -0.0826304 0.0460109 -0.0325054 0.146978 0.185308 0.357201 -0.0278021 -0.180216 -0.276169 0.174995 0.327401 0.0167649 -0.0538783 -0.0202315 0.050239 
356.193 0.02 -0.0139527 0.135298 -0.0557565 1.35368 0.000515238 -0.0157061 -0.00331343 -0.0354613 0.0199111 0.166183 -0.0824018 0.0453383 -0.0315301 0.146718 0.185542 0.357512 -0.0271624 -0.181202 -0.277782 0.175262 0.328844 0.016504 -0.0548418 -0.0203452 0.0505626 
358.829 0.02 -0.0136511 0.135746 -0.0562514 1.35388 0.000277625 -0.016184 -0.00226929 -0.0351444 0.0194761 0.166957 -0.0827666 0.0444528 -0.0299152 0.146421 0.185916 0.358118 -0.0261717 -0.181881 -0.279672 0.175975 0.330391 0.0163548 -0.0559646 -0.0206994 0.0511123 
362.697 0.02 -0.0131337 0.136038 -0.0569482 1.35406 0.000142301 -0.016516 -0.00107181 -0.0345352 0.0190038 0.167626 -0.0837583 0.0433278 -0.0275873 0.146113 0.186422 0.358932 -0.024919 -0.182148 -0.281394 0.176908 0.33134 0.0162384 -0.0571238 -0.021244 0.0518016 
368.012 0.02 -0.0125129 0.136207 -0.0576547 1.35401 0.00013828 -0.0166946 -3.94363e-05 -0.0337359 0.018526 0.168148 -0.0852922 0.0420696 -0.0245574 0.145803 0.187043 0.359865 -0.0235137 -0.182011 -0.282715 0.177804 0.331251 0.0161155 -0.0582298 -0.0218947 0.0525339 
374.092 0.02 -0.0118685 0.136314 -0.0582521 1.35359 0.000242404 -0.0167707 0.000664761 -0.0328139 0.0180704 0.168512 -0.087201 0.0408243 -0.0209889 0.145454 0.187755 0.360836 -0.0220611 -0.181557 -0.283607 0.178482 0.330067 0.0160313 -0.0592412 -0.0225655 0.0532228 
