 #1 Rho_s
 #2 Dfdr1_t (Theoretical gradients using SIE) 
 #2 Dfdr2_t (Theoretical gradients using SIE) 
 #3 Dfdr_s (Simulation gradients using forward diff)
0.0615746 -0.158252 -0.0793479 -0.128714
0.0613171 -0.097594 -0.0992497 -0.0693817
0.0611784 -0.0379853 -0.120107 -0.00913364
0.0611601 0.0213739 -0.142386 0.0485512
0.0612572 0.0805929 -0.165567 0.109484
0.0614762 0.140952 -0.190605 0.170236
0.0618166 0.202342 -0.217292 0.232614
0.0622819 0.265681 -0.245838 0.294528
0.0628709 0.330923 -0.275945 0.363287
0.0635975 0.399857 -0.308743 0.436436
0.0644704 0.473047 -0.344532 0.507466
0.0654853 0.550628 -0.38279 0.587892
0.0666611 0.634012 -0.424417 0.678103
0.0680173 0.725164 -0.470494 0.777666
0.0695726 0.825309 -0.521508 0.877881
0.0713284 0.935302 -0.577013 0.987823
0.073304 1.05672 -0.638311 1.13015
0.0755643 1.19454 -0.708118 1.25289
0.0780701 1.34696 -0.783906 1.43076
0.0809316 1.52212 -0.871032 1.61909
0.0841698 1.72309 -0.969394 1.83164
0.0878331 1.95456 -1.08148 2.08954
0.0920122 2.22454 -1.21093 2.35956
0.0967313 2.5386 -1.35836 2.72656
0.102184 2.91223 -1.53243 3.12479
0.108434 3.35713 -1.73524 3.64199
0.115718 3.89805 -1.97799 4.19206
0.124102 4.54785 -2.26359 4.94201
0.133986 5.35274 -2.61141 5.83069
0.145647 6.35067 -3.03472 6.93146
0.15951 7.61006 -3.55527 8.33674
0.176184 9.2155 -4.20853 10.2394
0.196663 11.3195 -5.04416 12.638
0.221939 14.1124 -6.12743 15.8652
0.253669 17.8879 -7.56205 20.1731
0.294015 23.1005 -9.49543 26.9147
0.347845 30.722 -12.2503 35.8699
0.419584 41.9342 -16.2081 50.3021
0.520189 59.4816 -22.2418 71.8855
0.66396 87.7944 -31.7367 109.652
0.883264 137.448 -47.9273 180.933
1.24513 233.509 -78.4243 324.385
1.8939 441.437 -142.545 666.936
3.22777 976.267 -302.718 1648.26
6.52429 2689.09 -800.753 5273.97
17.0722 9189.71 -2636.81 9481.59
36.0354 -677.018 -5.61456 -9873.28
16.2889 -8770.94 2210.42 -5025.15
6.23856 -2544.3 613.855 -1566.71
3.10515 -931.949 213.819 -640.655
1.82384 -423.079 91.8882 -309.626
1.20459 -225.605 46.3355 -174.07
0.856447 -133.421 25.8579 -106.022
0.644402 -85.3874 15.6009 -71.1596
0.502083 -57.3107 9.83544 -47.9792
0.406125 -40.5242 6.54034 -34.8775
0.33637 -29.5735 4.48139 -25.5787
0.285212 -22.2735 3.16971 -19.7448
0.245723 -17.1237 2.29301 -15.0319
0.215659 -13.4891 1.70181 -12.101
0.191457 -10.7769 1.28487 -9.78503
0.171887 -8.72753 0.98644 -7.91074
0.156065 -7.16877 0.773463 -6.52372
0.143018 -5.95697 0.621673 -5.48431
0.132049 -4.99031 0.504392 -4.58162
0.122886 -4.22171 0.420869 -3.90033
0.115086 -3.59672 0.357367 -3.35453
0.108376 -3.08099 0.309921 -2.85092
0.102675 -2.65811 0.274992 -2.50359
0.0976674 -2.30094 0.247939 -2.15996
0.0933475 -2.00161 0.228576 -1.87254
0.0896024 -1.74948 0.213778 -1.62885
0.0863447 -1.53474 0.203206 -1.44762
0.0834495 -1.34849 0.196379 -1.25262
0.0809442 -1.18962 0.191002 -1.14251
0.0786592 -1.04638 0.187607 -0.984504
0.0766902 -0.924208 0.186115 -0.865824
0.0749585 -0.816681 0.185939 -0.778434
0.0734017 -0.720634 0.184788 -0.671628
0.0720584 -0.636787 0.185014 -0.597872
0.0708627 -0.561206 0.185463 -0.536077
0.0697905 -0.49201 0.185935 -0.461884
0.0688668 -0.430325 0.18725 -0.404558
