#1 rho_s 
#2 coeffs 
0.0978176 0.1 0.5 0.25 0.166667 0.125 0.1 0.0833333 0.0714286 0.0625 0.0555556 0.05 0.0454545 0.0416667 0.0384615 0.0357143 0.0333333 0.03125 
1.33483 0.1 2.70448 2.2593 2.31723 1.77673 2.2852 0.307431 0.434564 0.381896 0.379432 0.414766 0.372742 0.271667 0.38297 0.386159 0.329411 0.27784 
1.23703 0.1 3.0797 1.81224 1.92125 1.90473 2.2472 0.294415 0.465118 0.422402 0.341575 0.386461 0.452585 0.241266 0.405783 0.395538 0.378985 0.295685 
1.30618 0.1 2.87486 2.04921 2.13563 1.82825 2.27057 0.302353 0.447012 0.398807 0.363729 0.403298 0.409416 0.259286 0.392089 0.389785 0.350573 0.284886 
1.31935 0.1 2.78127 2.16288 2.23496 1.79871 2.27906 0.30529 0.439902 0.389223 0.372648 0.40986 0.38937 0.266359 0.38685 0.387682 0.33867 0.280824 
1.39805 0.1 2.73876 2.21588 2.28041 1.7863 2.28254 0.306504 0.436894 0.385108 0.376462 0.412627 0.380186 0.269351 0.384658 0.386818 0.333488 0.279136 
1.41097 0.1 2.57786 2.21225 2.36096 1.84542 2.34725 0.306531 0.439165 0.382586 0.376205 0.413079 0.377742 0.267597 0.384285 0.38773 0.33273 0.278626 
0.989949 0.1 2.54331 2.23493 2.36148 1.87787 2.35927 0.306211 0.439257 0.38215 0.377509 0.412434 0.377385 0.267654 0.383884 0.387719 0.33226 0.278697 
0.831666 0.1 2.57001 2.21736 2.36108 1.85279 2.34994 0.30646 0.439186 0.382489 0.376496 0.412935 0.377662 0.26761 0.384196 0.387727 0.332625 0.278642 
1.623 0.1 2.57707 2.21276 2.36097 1.84616 2.34752 0.306524 0.439167 0.382576 0.376234 0.413064 0.377734 0.267598 0.384276 0.387729 0.332719 0.278628 
1.08096 0.1 2.56722 2.21498 2.36895 1.85614 2.34648 0.306512 0.438948 0.38252 0.376199 0.413125 0.377692 0.267531 0.38414 0.387697 0.332774 0.278343 
1.00531 0.1 2.57582 2.21304 2.36199 1.84743 2.34739 0.306522 0.43914 0.382569 0.376229 0.413072 0.377729 0.26759 0.384259 0.387725 0.332726 0.278591 
1.8892 0.1 2.57694 2.21279 2.36107 1.84629 2.34751 0.306524 0.439165 0.382576 0.376233 0.413065 0.377733 0.267597 0.384274 0.387729 0.33272 0.278624 
1.5805 0.1 2.57634 2.21303 2.36025 1.84506 2.3482 0.306522 0.439186 0.382562 0.376222 0.413058 0.377745 0.267599 0.384292 0.387734 0.332714 0.278636 
1.28538 0.1 2.57688 2.21281 2.36099 1.84617 2.34758 0.306524 0.439167 0.382574 0.376232 0.413064 0.377734 0.267597 0.384276 0.387729 0.332719 0.278625 
1.39758 0.1 2.57694 2.21279 2.36107 1.84628 2.34751 0.306524 0.439165 0.382576 0.376233 0.413065 0.377733 0.267597 0.384275 0.387729 0.33272 0.278624 
1.75541 0.1 2.57694 2.21279 2.36107 1.84629 2.34751 0.306524 0.439165 0.382576 0.376233 0.413065 0.377733 0.267597 0.384274 0.387729 0.33272 0.278624 
1.15692 0.1 2.57694 2.21279 2.36107 1.84629 2.34751 0.306524 0.439165 0.382576 0.376233 0.413065 0.377733 0.267597 0.384274 0.387729 0.33272 0.278624 
1.11115 0.1 2.57694 2.21279 2.36107 1.84629 2.34751 0.306524 0.439165 0.382576 0.376233 0.413065 0.377733 0.267597 0.384274 0.387729 0.33272 0.278624 
1.45294 0.1 2.57694 2.21279 2.36107 1.84629 2.34751 0.306524 0.439165 0.382576 0.376233 0.413065 0.377733 0.267597 0.384274 0.387729 0.33272 0.278624 
0.977676 0.1 2.57694 2.21279 2.36107 1.84629 2.34751 0.306524 0.439165 0.382576 0.376233 0.413065 0.377733 0.267597 0.384274 0.387729 0.33272 0.278624 
1.45047 0.1 2.57694 2.21279 2.36107 1.84629 2.34751 0.306524 0.439165 0.382576 0.376233 0.413065 0.377733 0.267597 0.384274 0.387729 0.33272 0.278624 
1.24851 0.1 2.57694 2.21279 2.36107 1.84629 2.34751 0.306524 0.439165 0.382576 0.376233 0.413065 0.377733 0.267597 0.384274 0.387729 0.33272 0.278624 
1.07597 0.1 2.57694 2.21279 2.36107 1.84629 2.34751 0.306524 0.439165 0.382576 0.376233 0.413065 0.377733 0.267597 0.384274 0.387729 0.33272 0.278624 
1.31434 0.1 2.57694 2.21279 2.36107 1.84629 2.34751 0.306524 0.439165 0.382576 0.376233 0.413065 0.377733 0.267597 0.384274 0.387729 0.33272 0.278624 
1.22954 0.1 2.57694 2.21279 2.36107 1.84629 2.34751 0.306524 0.439165 0.382576 0.376233 0.413065 0.377733 0.267597 0.384274 0.387729 0.33272 0.278624 
1.00255 0.1 2.57694 2.21279 2.36107 1.84629 2.34751 0.306524 0.439165 0.382576 0.376233 0.413065 0.377733 0.267597 0.384274 0.387729 0.33272 0.278624 
1.20028 0.1 2.57694 2.21279 2.36107 1.84629 2.34751 0.306524 0.439165 0.382576 0.376233 0.413065 0.377733 0.267597 0.384274 0.387729 0.33272 0.278624 
1.09996 0.1 2.57694 2.21279 2.36107 1.84629 2.34751 0.306524 0.439165 0.382576 0.376233 0.413065 0.377733 0.267597 0.384274 0.387729 0.33272 0.278624 
1.01649 0.1 2.57694 2.21279 2.36107 1.84629 2.34751 0.306524 0.439165 0.382576 0.376233 0.413065 0.377733 0.267597 0.384274 0.387729 0.33272 0.278624 
1.09498 0.1 2.57694 2.21279 2.36107 1.84629 2.34751 0.306524 0.439165 0.382576 0.376233 0.413065 0.377733 0.267597 0.384274 0.387729 0.33272 0.278624 
1.38155 0.1 2.57694 2.21279 2.36107 1.84629 2.34751 0.306524 0.439165 0.382576 0.376233 0.413065 0.377733 0.267597 0.384274 0.387729 0.33272 0.278624 
1.56578 0.1 2.57694 2.21279 2.36107 1.84629 2.34751 0.306524 0.439165 0.382576 0.376233 0.413065 0.377733 0.267597 0.384274 0.387729 0.33272 0.278624 
1.22491 0.1 2.57694 2.21279 2.36107 1.84629 2.34751 0.306524 0.439165 0.382576 0.376233 0.413065 0.377733 0.267597 0.384274 0.387729 0.33272 0.278624 
1.24954 0.1 2.57694 2.21279 2.36107 1.84629 2.34751 0.306524 0.439165 0.382576 0.376233 0.413065 0.377733 0.267597 0.384274 0.387729 0.33272 0.278624 
1.02087 0.1 2.57694 2.21279 2.36107 1.84629 2.34751 0.306524 0.439165 0.382576 0.376233 0.413065 0.377733 0.267597 0.384274 0.387729 0.33272 0.278624 
1.07703 0.1 2.57694 2.21279 2.36107 1.84629 2.34751 0.306524 0.439165 0.382576 0.376233 0.413065 0.377733 0.267597 0.384274 0.387729 0.33272 0.278624 
1.02141 0.1 2.57694 2.21279 2.36107 1.84629 2.34751 0.306524 0.439165 0.382576 0.376233 0.413065 0.377733 0.267597 0.384274 0.387729 0.33272 0.278624 
0.749527 0.1 2.57694 2.21279 2.36107 1.84629 2.34751 0.306524 0.439165 0.382576 0.376233 0.413065 0.377733 0.267597 0.384274 0.387729 0.33272 0.278624 
1.47808 0.1 2.57694 2.21279 2.36107 1.84629 2.34751 0.306524 0.439165 0.382576 0.376233 0.413065 0.377733 0.267597 0.384274 0.387729 0.33272 0.278624 
1.20791 0.1 2.57694 2.21279 2.36107 1.84629 2.34751 0.306524 0.439165 0.382576 0.376233 0.413065 0.377733 0.267597 0.384274 0.387729 0.33272 0.278624 
1.08183 0.1 2.57694 2.21279 2.36107 1.84629 2.34751 0.306524 0.439165 0.382576 0.376233 0.413065 0.377733 0.267597 0.384274 0.387729 0.33272 0.278624 
1.2468 0.1 2.57694 2.21279 2.36107 1.84629 2.34751 0.306524 0.439165 0.382576 0.376233 0.413065 0.377733 0.267597 0.384274 0.387729 0.33272 0.278624 
1.04432 0.1 2.57694 2.21279 2.36107 1.84629 2.34751 0.306524 0.439165 0.382576 0.376233 0.413065 0.377733 0.267597 0.384274 0.387729 0.33272 0.278624 
1.02503 0.1 2.57694 2.21279 2.36107 1.84629 2.34751 0.306524 0.439165 0.382576 0.376233 0.413065 0.377733 0.267597 0.384274 0.387729 0.33272 0.278624 
1.1413 0.1 2.57694 2.21279 2.36107 1.84629 2.34751 0.306524 0.439165 0.382576 0.376233 0.413065 0.377733 0.267597 0.384274 0.387729 0.33272 0.278624 
1.1574 0.1 2.57694 2.21279 2.36107 1.84629 2.34751 0.306524 0.439165 0.382576 0.376233 0.413065 0.377733 0.267597 0.384274 0.387729 0.33272 0.278624 
1.06602 0.1 2.57694 2.21279 2.36107 1.84629 2.34751 0.306524 0.439165 0.382576 0.376233 0.413065 0.377733 0.267597 0.384274 0.387729 0.33272 0.278624 
1.36149 0.1 2.57694 2.21279 2.36107 1.84629 2.34751 0.306524 0.439165 0.382576 0.376233 0.413065 0.377733 0.267597 0.384274 0.387729 0.33272 0.278624 
1.24629 0.1 2.57694 2.21279 2.36107 1.84629 2.34751 0.306524 0.439165 0.382576 0.376233 0.413065 0.377733 0.267597 0.384274 0.387729 0.33272 0.278624 
1.02649 0.1 2.57694 2.21279 2.36107 1.84629 2.34751 0.306524 0.439165 0.382576 0.376233 0.413065 0.377733 0.267597 0.384274 0.387729 0.33272 0.278624 
0.984075 0.1 2.57694 2.21279 2.36107 1.84629 2.34751 0.306524 0.439165 0.382576 0.376233 0.413065 0.377733 0.267597 0.384274 0.387729 0.33272 0.278624 
1.22417 0.1 2.57694 2.21279 2.36107 1.84629 2.34751 0.306524 0.439165 0.382576 0.376233 0.413065 0.377733 0.267597 0.384274 0.387729 0.33272 0.278624 
1.26963 0.1 2.57694 2.21279 2.36107 1.84629 2.34751 0.306524 0.439165 0.382576 0.376233 0.413065 0.377733 0.267597 0.384274 0.387729 0.33272 0.278624 
1.40851 0.1 2.57694 2.21279 2.36107 1.84629 2.34751 0.306524 0.439165 0.382576 0.376233 0.413065 0.377733 0.267597 0.384274 0.387729 0.33272 0.278624 
0.911807 0.1 2.57694 2.21279 2.36107 1.84629 2.34751 0.306524 0.439165 0.382576 0.376233 0.413065 0.377733 0.267597 0.384274 0.387729 0.33272 0.278624 
1.23464 0.1 2.57694 2.21279 2.36107 1.84629 2.34751 0.306524 0.439165 0.382576 0.376233 0.413065 0.377733 0.267597 0.384274 0.387729 0.33272 0.278624 
1.0683 0.1 2.57694 2.21279 2.36107 1.84629 2.34751 0.306524 0.439165 0.382576 0.376233 0.413065 0.377733 0.267597 0.384274 0.387729 0.33272 0.278624 
1.1689 0.1 2.57694 2.21279 2.36107 1.84629 2.34751 0.306524 0.439165 0.382576 0.376233 0.413065 0.377733 0.267597 0.384274 0.387729 0.33272 0.278624 
1.4241 0.1 2.57694 2.21279 2.36107 1.84629 2.34751 0.306524 0.439165 0.382576 0.376233 0.413065 0.377733 0.267597 0.384274 0.387729 0.33272 0.278624 
0.864245 0.1 2.57694 2.21279 2.36107 1.84629 2.34751 0.306524 0.439165 0.382576 0.376233 0.413065 0.377733 0.267597 0.384274 0.387729 0.33272 0.278624 
0.699773 0.1 2.57694 2.21279 2.36107 1.84629 2.34751 0.306524 0.439165 0.382576 0.376233 0.413065 0.377733 0.267597 0.384274 0.387729 0.33272 0.278624 
1.22866 0.1 2.57694 2.21279 2.36107 1.84629 2.34751 0.306524 0.439165 0.382576 0.376233 0.413065 0.377733 0.267597 0.384274 0.387729 0.33272 0.278624 
0.92722 0.1 2.57694 2.21279 2.36107 1.84629 2.34751 0.306524 0.439165 0.382576 0.376233 0.413065 0.377733 0.267597 0.384274 0.387729 0.33272 0.278624 
1.14676 0.1 2.57694 2.21279 2.36107 1.84629 2.34751 0.306524 0.439165 0.382576 0.376233 0.413065 0.377733 0.267597 0.384274 0.387729 0.33272 0.278624 
1.56949 0.1 2.57694 2.21279 2.36107 1.84629 2.34751 0.306524 0.439165 0.382576 0.376233 0.413065 0.377733 0.267597 0.384274 0.387729 0.33272 0.278624 
1.24015 0.1 2.57694 2.21279 2.36107 1.84629 2.34751 0.306524 0.439165 0.382576 0.376233 0.413065 0.377733 0.267597 0.384274 0.387729 0.33272 0.278624 
1.57087 0.1 2.57694 2.21279 2.36107 1.84629 2.34751 0.306524 0.439165 0.382576 0.376233 0.413065 0.377733 0.267597 0.384274 0.387729 0.33272 0.278624 
0.784789 0.1 2.57694 2.21279 2.36107 1.84629 2.34751 0.306524 0.439165 0.382576 0.376233 0.413065 0.377733 0.267597 0.384274 0.387729 0.33272 0.278624 
