 #1 r1
 #2 r2
 #3 Rho_s
 #4 Dfdr1_t (Theoretical gradients using SIE) 
 #5 Dfdr2_t (Theoretical gradients using SIE) 
0.18 0.09 1.70744 351.369 -140.923
0.18 0.091 1.57276 312.7 -123.745
0.18 0.092 1.458 280.735 -109.584
0.18 0.093 1.35888 254.157 -97.8217
0.18 0.094 1.26635 229.762 -87.2349
0.18 0.095 1.18439 208.858 -78.2064
0.18 0.096 1.10939 190.272 -70.2753
0.18 0.097 1.04653 175.075 -63.7477
0.18 0.098 0.985442 160.608 -57.6721
0.18 0.099 0.929937 147.828 -52.3568
0.18 0.1 0.879937 136.502 -47.6649
0.18 0.101 0.834372 126.495 -43.5279
0.18 0.102 0.794065 117.764 -39.9447
0.18 0.103 0.756831 109.945 -36.7421
0.18 0.104 0.72034 102.316 -33.7089
0.18 0.105 0.687064 95.4726 -30.9883
0.18 0.106 0.659364 89.9906 -28.7688
0.18 0.107 0.632326 84.6398 -26.636
0.18 0.108 0.606712 79.6831 -24.6888
0.18 0.109 0.582 74.9221 -22.8632
0.181 0.09 2.12163 487.768 -191.928
0.181 0.091 1.94481 431.22 -167.362
0.181 0.092 1.79163 383.83 -146.928
0.181 0.093 1.65144 341.865 -129.133
0.181 0.094 1.53063 306.83 -114.336
0.181 0.095 1.42882 278.366 -102.246
0.181 0.096 1.33205 251.805 -91.2444
0.181 0.097 1.24035 227.403 -81.3212
0.181 0.098 1.16928 209.137 -73.7027
0.181 0.099 1.09566 190.509 -66.2313
0.181 0.1 1.03747 176.3 -60.3928
0.181 0.101 0.977785 161.855 -54.6862
0.181 0.102 0.924129 149.199 -49.7153
0.181 0.103 0.877165 138.413 -45.4611
0.181 0.104 0.838165 129.747 -41.9721
0.181 0.105 0.797258 120.684 -38.4749
0.181 0.106 0.757434 111.985 -35.1865
0.181 0.107 0.725225 105.163 -32.5414
0.181 0.108 0.695619 98.9892 -30.1688
0.181 0.109 0.665462 92.7523 -27.8313
0.182 0.09 2.71393 704.441 -271.92
0.182 0.091 2.45209 610.125 -232.367
0.182 0.092 2.24807 539.964 -202.799
0.182 0.093 2.05632 475.789 -176.272
0.182 0.094 1.89375 423.489 -154.794
0.182 0.095 1.74955 378.418 -136.395
0.182 0.096 1.6218 339.829 -120.808
0.182 0.097 1.51168 307.517 -107.817
0.182 0.098 1.40343 276.529 -95.6579
0.182 0.099 1.31398 251.74 -85.8968
0.182 0.1 1.23734 231.15 -77.7208
0.182 0.101 1.1663 212.445 -70.4095
0.182 0.102 1.09562 194.256 -63.5068
0.182 0.103 1.03693 179.488 -57.8545
0.182 0.104 0.982985 166.294 -52.8239
0.182 0.105 0.935082 154.811 -48.4503
0.182 0.106 0.890312 144.234 -44.47
0.182 0.107 0.842645 133.099 -40.4755
0.182 0.108 0.807214 125.149 -37.4697
0.182 0.109 0.770812 117.005 -34.5132
0.183 0.09 3.57426 1058.08 -400.693
0.183 0.091 3.21357 911.314 -340.386
0.183 0.092 2.90265 790.181 -291.03
0.183 0.093 2.62993 687.273 -249.741
0.183 0.094 2.40493 606.167 -217.209
0.183 0.095 2.19472 532.198 -188.117
0.183 0.096 2.02162 473.685 -165.2
0.183 0.097 1.87085 424.458 -145.961
0.183 0.098 1.73778 382.445 -129.663
0.183 0.099 1.60982 342.775 -114.67
0.183 0.1 1.50747 312.348 -103.036
0.183 0.101 1.41239 284.802 -92.6073
0.183 0.102 1.32327 259.528 -83.2202
0.183 0.103 1.24625 238.207 -75.3157
0.183 0.104 1.16899 217.231 -67.7389
0.183 0.105 1.10881 201.515 -61.9209
0.183 0.106 1.04758 185.639 -56.2312
0.183 0.107 0.999453 173.596 -51.7962
0.183 0.108 0.947359 160.594 -47.228
0.183 0.109 0.903918 150.161 -43.5033
0.184 0.09 4.90755 1677.84 -623.214
0.184 0.091 4.34769 1418.18 -519.615
0.184 0.092 3.86959 1205.74 -435.644
0.184 0.093 3.49704 1046.9 -372.871
0.184 0.094 3.13222 896.915 -315.242
0.184 0.095 2.83794 780.397 -270.59
0.184 0.096 2.60418 691.907 -236.456
0.184 0.097 2.37231 606.102 -204.391
0.184 0.098 2.19102 541.895 -180.15
0.184 0.099 2.02937 486.306 -159.393
0.184 0.1 1.87694 435.241 -140.738
0.184 0.101 1.74067 391.05 -124.726
0.184 0.102 1.6275 355.448 -111.766
0.184 0.103 1.52365 323.702 -100.334
0.184 0.104 1.4264 294.511 -90.0622
0.184 0.105 1.33972 269.216 -81.1617
0.184 0.106 1.26539 248.204 -73.7462
0.184 0.107 1.19447 228.531 -66.9381
0.184 0.108 1.13416 212.228 -61.2303
0.184 0.109 1.0723 195.711 -55.6755
0.185 0.09 7.07202 2818.25 -1027.61
0.185 0.091 6.16442 2340.04 -841.235
0.185 0.092 5.41783 1961.25 -695.025
0.185 0.093 4.78332 1651.55 -577.173
0.185 0.094 4.27487 1413.91 -487.057
0.185 0.095 3.82949 1212.44 -411.951
0.185 0.096 3.46193 1053.6 -353.006
0.185 0.097 3.12402 911.957 -301.417
0.185 0.098 2.858 805.199 -262.411
0.185 0.099 2.61152 708.637 -227.664
0.185 0.1 2.38429 622.79 -197.512
0.185 0.101 2.21305 561.017 -175.417
0.185 0.102 2.04679 502.285 -154.857
0.185 0.103 1.90493 453.695 -137.91
0.185 0.104 1.76988 408.531 -122.508
0.185 0.105 1.66365 374.473 -110.639
0.185 0.106 1.5553 339.962 -99.0617
0.185 0.107 1.46826 313.333 -89.9423
0.185 0.108 1.37912 286.379 -81.0533
0.185 0.109 1.30258 263.93 -73.6447
0.186 0.09 10.8641 5049.12 -1807.65
0.186 0.091 9.3918 4187.43 -1476.54
0.186 0.092 7.98882 3383.31 -1176.39
0.186 0.093 7.02035 2846.57 -975.039
0.186 0.094 6.0926 2349.46 -793.859
0.186 0.095 5.3552 1968.7 -656.16
0.186 0.096 4.81461 1701.86 -558.672
0.186 0.097 4.2972 1453.32 -470.667
0.186 0.098 3.86328 1253.42 -400.234
0.186 0.099 3.49027 1087.32 -342.453
0.186 0.1 3.17372 951.785 -295.701
0.186 0.101 2.89301 835.545 -256.081
0.186 0.102 2.65922 742.104 -224.182
0.186 0.103 2.45975 665.169 -198.108
0.186 0.104 2.27062 593.954 -174.459
0.186 0.105 2.10711 534.235 -154.743
0.186 0.106 1.96426 483.735 -138.152
0.186 0.107 1.83448 438.892 -123.541
0.186 0.108 1.71647 399.382 -110.849
0.186 0.109 1.61798 367.256 -100.436
0.187 0.09 17.946 9252.6 -3260.58
0.187 0.091 14.8682 7521.63 -2609.5
0.187 0.092 12.752 6275.8 -2142.65
0.187 0.093 10.7676 5084.7 -1710.73
0.187 0.094 9.20569 4155.57 -1378.37
0.187 0.095 7.978 3442.87 -1125.23
0.187 0.096 6.98872 2885.35 -929.495
0.187 0.097 6.12813 2415.44 -767.325
0.187 0.098 5.50536 2088.43 -653.52
0.187 0.099 4.8907 1774.28 -547.485
0.187 0.1 4.3803 1523.34 -463.662
0.187 0.101 3.97361 1331.41 -399.5
0.187 0.102 3.61299 1166.2 -344.987
0.187 0.103 3.27549 1015.92 -296.385
0.187 0.104 3.009 902.143 -259.492
0.187 0.105 2.76207 799.58 -226.881
0.187 0.106 2.56108 719.201 -201.098
0.187 0.107 2.37248 645.533 -178.006
0.187 0.108 2.20861 583.475 -158.573
0.187 0.109 2.05801 527.834 -141.515
0.188 0.09 29.5428 12798 -4485.25
0.188 0.091 24.9468 12304.2 -4220.07
0.188 0.092 21.1136 10929.3 -3679.99
0.188 0.093 17.8197 9314.16 -3082.97
0.188 0.094 15.1045 7787.93 -2536.84
0.188 0.095 12.694 6347.27 -2036.89
0.188 0.096 10.9309 5278.77 -1668.92
0.188 0.097 9.52463 4431.27 -1379.71
0.188 0.098 8.22021 3654.47 -1121.77
0.188 0.099 7.24623 3092.59 -935.512
0.188 0.1 6.36286 2595.37 -774.328
0.188 0.101 5.66173 2214.11 -651.293
0.188 0.102 5.12387 1933.07 -560.063
0.188 0.103 4.61738 1675.19 -478.555
0.188 0.104 4.13688 1437.19 -405.075
0.188 0.105 3.7784 1267.73 -352.293
0.188 0.106 3.45567 1119.05 -306.482
0.188 0.107 3.17798 995.511 -268.78
0.188 0.108 2.90104 875.026 -233.106
0.188 0.109 2.68978 786.878 -206.653
0.189 0.09 38.1506 1045.69 -591.692
0.189 0.091 36.5735 7090.15 -2541.18
0.189 0.092 33.2843 11198.6 -3795.5
0.189 0.093 29.6233 12652.4 -4167.02
0.189 0.094 25.1062 12389.9 -3993.06
0.189 0.095 21.6059 11257.7 -3559.91
0.189 0.096 18.4826 9800.44 -3045.97
0.189 0.097 15.4823 8135.6 -2489.41
0.189 0.098 13.3148 6843.43 -2062.16
0.189 0.099 11.4938 5728.24 -1699.56
0.189 0.1 9.99041 4804.19 -1404.56
0.189 0.101 8.73255 4037.83 -1163.51
0.189 0.102 7.74245 3449.54 -979.259
0.189 0.103 6.77224 2882.94 -807.166
0.189 0.104 6.07952 2493.66 -687.93
0.189 0.105 5.43965 2142.69 -582.682
0.189 0.106 4.87814 1844.24 -494.791
0.189 0.107 4.45658 1629.14 -430.755
0.189 0.108 4.03215 1417.47 -369.518
0.189 0.109 3.70379 1259.62 -323.669
0.19 0.09 30.7298 -12640.3 3940.54
0.19 0.091 34.5294 -10285.7 3093.96
0.19 0.092 36.7793 -5997.39 1671.36
0.19 0.093 37.4913 -326.751 -124.798
0.19 0.094 36.3809 5820.55 -1996.31
0.19 0.095 33.7228 10207.6 -3267.6
0.19 0.096 30.011 12387.1 -3839.39
0.19 0.097 26.4169 12635.6 -3827.36
0.19 0.098 22.7767 11803.2 -3506.87
0.19 0.099 19.381 10380.9 -3032.37
0.19 0.1 16.8265 9048 -2599.05
0.19 0.101 14.3403 7593.34 -2147.72
0.19 0.102 12.3253 6355.92 -1770.7
0.19 0.103 10.7838 5394.72 -1480.61
0.19 0.104 9.47468 4580.15 -1237.88
0.19 0.105 8.36409 3896.88 -1037.81
0.19 0.106 7.40032 3315.65 -870.633
0.19 0.107 6.6125 2852.47 -738.328
0.19 0.108 5.90188 2445.87 -624.316
0.19 0.109 5.352 2141.03 -538.315
0.191 0.09 18.7794 -9744.81 3027.18
0.191 0.091 22.2103 -11406.6 3485.43
0.191 0.092 25.6715 -12529.4 3755.18
0.191 0.093 29.3741 -12713.2 3727.17
0.191 0.094 32.9228 -11141.7 3171.17
0.191 0.095 35.405 -7720.17 2087.94
0.191 0.096 36.7017 -2370.51 484.259
0.191 0.097 36.2956 3664.68 -1254.74
0.191 0.098 34.2772 8657.62 -2634.83
0.191 0.099 31.2355 11593.3 -3391.97
0.191 0.1 28.1639 12577.8 -3586.98
0.191 0.101 24.5676 12371.1 -3456.12
0.191 0.102 21.1245 11290.8 -3098.06
0.191 0.103 18.2698 9961.93 -2687.5
0.191 0.104 15.8046 8601.49 -2284.04
0.191 0.105 13.6039 7273.46 -1902.1
0.191 0.106 11.9812 6260.72 -1612.08
0.191 0.107 10.5503 5354.84 -1358.09
0.191 0.108 9.39439 4626.81 -1155.3
0.191 0.109 8.34135 3967.22 -976.363
0.192 0.09 11.45 -5441.08 1662.72
0.192 0.091 13.1879 -6543.04 1968.63
0.192 0.092 15.3454 -7888.98 2337.33
0.192 0.093 17.6368 -9251.96 2696.01
0.192 0.094 20.6927 -10854.5 3112.39
0.192 0.095 23.9153 -12128.6 3415.71
0.192 0.096 27.2633 -12731.5 3513.76
0.192 0.097 30.6517 -12104.6 3259.92
0.192 0.098 33.579 -9681.4 2516.19
0.192 0.099 35.5455 -5259.03 1252.5
0.192 0.1 36.0449 -55.2725 -173.332
0.192 0.101 35.0772 5565.27 -1657.28
0.192 0.102 32.9187 9595.87 -2671.67
0.192 0.103 30.1656 11793.3 -3178.56
0.192 0.104 26.7022 12587.7 -3311.93
0.192 0.105 23.7846 12254.3 -3160.13
0.192 0.106 20.7706 11271.2 -2855.05
0.192 0.107 18.1707 10060.1 -2505.2
0.192 0.108 15.8038 8750.61 -2144.94
0.192 0.109 13.793 7531.59 -1817.59
0.193 0.09 7.35437 -3002.76 898.565
0.193 0.091 8.31471 -3577.91 1055.1
0.193 0.092 9.47496 -4295.93 1248.62
0.193 0.093 10.6646 -5054.1 1446.53
0.193 0.094 12.3045 -6104.53 1722.15
0.193 0.095 14.2013 -7316.57 2033.14
0.193 0.096 16.4494 -8702.98 2380.98
0.193 0.097 18.7055 -9995.55 2688.32
0.193 0.098 21.7273 -11441 3026.1
0.193 0.099 24.8162 -12423.4 3226.34
0.193 0.1 27.8404 -12633.8 3214.04
0.193 0.101 30.9511 -11563.1 2866
0.193 0.102 33.3822 -8956.57 2136.16
0.193 0.103 34.9783 -4622.97 998.4
0.193 0.104 35.3244 875.636 -388.509
0.193 0.105 34.4597 5359.86 -1475.61
0.193 0.106 32.4676 9321.06 -2397.29
0.193 0.107 29.7782 11662.7 -2901.93
0.193 0.108 27.2857 12465.8 -3028.72
0.193 0.109 24.0553 12368.5 -2946.03
0.194 0.09 5.04392 -1764.43 516.296
0.194 0.091 5.55678 -2039.4 588.036
0.194 0.092 6.14666 -2369.31 673.08
0.194 0.093 6.91369 -2809.99 787.424
0.194 0.094 7.74423 -3309.69 914.034
0.194 0.095 8.71295 -3909.8 1064.11
0.194 0.096 9.92243 -4678.92 1255.29
0.194 0.097 11.1728 -5492.36 1451.04
0.194 0.098 12.7742 -6537.3 1701.82
0.194 0.099 14.6148 -7721.88 1979.56
0.194 0.1 16.5884 -8941.68 2256.6
0.194 0.101 19.0773 -10338 2566.98
0.194 0.102 21.5445 -11493.2 2805.55
0.194 0.103 24.6801 -12439.2 2981.07
0.194 0.104 27.5349 -12553.2 2946.41
0.194 0.105 30.2173 -11598.7 2655.86
0.194 0.106 32.4862 -9304.36 2058.27
0.194 0.107 34.1291 -5378.42 1101.61
0.194 0.108 34.6827 -603.393 -15.2909
0.194 0.109 34.1954 3874.38 -1024.59
0.195 0.09 3.64894 -1104.47 315.683
0.195 0.091 3.96481 -1255.61 353.755
0.195 0.092 4.30583 -1425.05 395.405
0.195 0.093 4.73894 -1646.84 450.785
0.195 0.094 5.21665 -1902.11 513.238
0.195 0.095 5.78497 -2217.01 590.031
0.195 0.096 6.35594 -2547.73 667.974
0.195 0.097 7.12962 -3007.87 777.657
0.195 0.098 7.93223 -3504.17 892.706
0.195 0.099 8.8602 -4094.38 1027.94
0.195 0.1 9.86501 -4750.57 1174.45
0.195 0.101 11.0936 -5562.74 1354.96
0.195 0.102 12.7748 -6671.6 1602.94
0.195 0.103 14.4046 -7736.11 1829.65
0.195 0.104 16.0958 -8805.82 2049.01
0.195 0.105 18.1607 -10011.9 2291.99
0.195 0.106 20.8346 -11325.5 2550.84
0.195 0.107 23.3845 -12214.3 2700.93
0.195 0.108 25.954 -12575.1 2728.91
0.195 0.109 28.5525 -12113.9 2570.4
0.196 0.09 2.73193 -722.403 201.297
0.196 0.091 2.94119 -811.165 222.888
0.196 0.092 3.16377 -909.38 246.354
0.196 0.093 3.4317 -1031 275.501
0.196 0.094 3.74057 -1176.61 310.101
0.196 0.095 4.02346 -1317.51 341.952
0.196 0.096 4.39785 -1508.02 385.997
0.196 0.097 4.80265 -1722.86 434.847
0.196 0.098 5.26899 -1978.86 492.44
0.196 0.099 5.7978 -2280.44 559.443
0.196 0.1 6.35954 -2612 631.413
0.196 0.101 6.99018 -2998.05 713.972
0.196 0.102 7.79149 -3500.02 821.879
0.196 0.103 8.63416 -4045.55 935.865
0.196 0.104 9.67351 -4730.07 1077.96
0.196 0.105 10.6893 -5415.63 1215.81
0.196 0.106 11.9198 -6248.03 1381.06
0.196 0.107 13.3685 -7220.29 1571.79
0.196 0.108 15.285 -8462.36 1815.48
0.196 0.109 16.9931 -9511.67 2007.51
0.197 0.09 2.13811 -501.698 136.272
0.197 0.091 2.27619 -554.665 148.633
0.197 0.092 2.4307 -615.931 162.753
0.197 0.093 2.59087 -681.911 177.66
0.197 0.094 2.77659 -760.493 195.309
0.197 0.095 2.97128 -845.968 214.268
0.197 0.096 3.20669 -952.392 237.731
0.197 0.097 3.43891 -1062.1 261.388
0.197 0.098 3.71403 -1195.79 290.201
0.197 0.099 4.01006 -1344.86 321.6
0.197 0.1 4.35371 -1524.04 359.501
0.197 0.101 4.71713 -1720.12 399.725
0.197 0.102 5.12885 -1950.58 446.724
0.197 0.103 5.59273 -2218.86 501.017
0.197 0.104 6.15172 -2551.92 568.085
0.197 0.105 6.68918 -2885.84 632.609
0.197 0.106 7.40711 -3339.51 721.881
0.197 0.107 8.12747 -3809.19 810.979
0.197 0.108 8.91939 -4338.81 909.644
0.197 0.109 10.0145 -5076.52 1049.24
0.198 0.09 1.7125 -359.689 95.2236
0.198 0.091 1.80471 -391.957 102.263
0.198 0.092 1.90758 -429.137 110.409
0.198 0.093 2.02921 -473.853 120.301
0.198 0.094 2.1424 -517.496 129.428
0.198 0.095 2.28048 -571.676 141.071
0.198 0.096 2.42932 -632.141 153.835
0.198 0.097 2.56382 -689.664 165.3
0.198 0.098 2.74908 -769.278 181.9
0.198 0.099 2.9219 -846.795 197.291
0.198 0.1 3.13573 -945.611 217.338
0.198 0.101 3.35133 -1048.22 237.187
0.198 0.102 3.60253 -1172.11 261.586
0.198 0.103 3.88324 -1314.74 289.346
0.198 0.104 4.2058 -1484.22 322.16
0.198 0.105 4.50013 -1645.79 351.845
0.198 0.106 4.89308 -1865.93 393.293
0.198 0.107 5.3022 -2103.9 437.049
0.198 0.108 5.77894 -2388.63 489.151
0.198 0.109 6.22227 -2664.6 537.243
0.199 0.09 1.40222 -265.829 68.4756
0.199 0.091 1.47342 -288.795 73.4055
0.199 0.092 1.54604 -312.747 78.3769
0.199 0.093 1.61941 -337.88 83.4443
0.199 0.094 1.70298 -366.914 89.3124
0.199 0.095 1.78955 -397.985 95.4979
0.199 0.096 1.89698 -437.091 103.573
0.199 0.097 2.00959 -479.583 112.038
0.199 0.098 2.11517 -521.137 119.971
0.199 0.099 2.2424 -572.106 129.899
0.199 0.1 2.37918 -628.558 140.716
0.199 0.101 2.52625 -691.309 152.664
0.199 0.102 2.6584 -750.223 163.073
0.199 0.103 2.8413 -832.562 178.611
0.199 0.104 3.01426 -913.499 193.068
0.199 0.105 3.24285 -1022.44 213.2
0.199 0.106 3.4235 -1113.86 228.575
0.199 0.107 3.64407 -1226.54 247.816
0.199 0.108 3.90792 -1365.11 272
0.199 0.109 4.24256 -1545.08 303.839
