#1 rho_s 
#2 coeffs 
int deriv = 6;
262.086 484.153 0.02 0.00323427 -0.0036511 -0.00328862 1.86859 -0.0151025 0.00869677 0.0492888 0.0108651 -0.00974756 0.00951588 -0.0155885 -0.0462425 0.0253224 0.320578 -0.000565778 0.393577 -0.0193007 -0.00627945 -0.0216111 0.0228098 0.046964 0.00675911 -0.0132726 0.017624 -0.0106915 
268.122 642.024 0.02 0.00323427 -0.0036511 -0.00328862 1.86859 -0.0151025 0.00869677 0.0592888 0.0108651 -0.00974756 0.00951588 -0.0155885 -0.0462425 0.0253224 0.320578 -0.000565778 0.393577 -0.0193007 -0.00627945 -0.0216111 0.0228098 0.046964 0.00675911 -0.0132726 0.017624 -0.0106915 
274.867 723.838 0.02 0.00323427 -0.0036511 -0.00328862 1.86859 -0.0151025 0.00869677 0.0692888 0.0108651 -0.00974756 0.00951588 -0.0155885 -0.0462425 0.0253224 0.320578 -0.000565778 0.393577 -0.0193007 -0.00627945 -0.0216111 0.0228098 0.046964 0.00675911 -0.0132726 0.017624 -0.0106915 
281.042 679.498 0.02 0.00323427 -0.0036511 -0.00328862 1.86859 -0.0151025 0.00869677 0.0792888 0.0108651 -0.00974756 0.00951588 -0.0155885 -0.0462425 0.0253224 0.320578 -0.000565778 0.393577 -0.0193007 -0.00627945 -0.0216111 0.0228098 0.046964 0.00675911 -0.0132726 0.017624 -0.0106915 
285.708 556.749 0.02 0.00323427 -0.0036511 -0.00328862 1.86859 -0.0151025 0.00869677 0.0892888 0.0108651 -0.00974756 0.00951588 -0.0155885 -0.0462425 0.0253224 0.320578 -0.000565778 0.393577 -0.0193007 -0.00627945 -0.0216111 0.0228098 0.046964 0.00675911 -0.0132726 0.017624 -0.0106915 
288.411 369.308 0.02 0.00323427 -0.0036511 -0.00328862 1.86859 -0.0151025 0.00869677 0.0992888 0.0108651 -0.00974756 0.00951588 -0.0155885 -0.0462425 0.0253224 0.320578 -0.000565778 0.393577 -0.0193007 -0.00627945 -0.0216111 0.0228098 0.046964 0.00675911 -0.0132726 0.017624 -0.0106915 
288.986 111.732 0.02 0.00323427 -0.0036511 -0.00328862 1.86859 -0.0151025 0.00869677 0.109289 0.0108651 -0.00974756 0.00951588 -0.0155885 -0.0462425 0.0253224 0.320578 -0.000565778 0.393577 -0.0193007 -0.00627945 -0.0216111 0.0228098 0.046964 0.00675911 -0.0132726 0.017624 -0.0106915 
287.44 -186.576 0.02 0.00323427 -0.0036511 -0.00328862 1.86859 -0.0151025 0.00869677 0.119289 0.0108651 -0.00974756 0.00951588 -0.0155885 -0.0462425 0.0253224 0.320578 -0.000565778 0.393577 -0.0193007 -0.00627945 -0.0216111 0.0228098 0.046964 0.00675911 -0.0132726 0.017624 -0.0106915 
283.886 -474.189 0.02 0.00323427 -0.0036511 -0.00328862 1.86859 -0.0151025 0.00869677 0.129289 0.0108651 -0.00974756 0.00951588 -0.0155885 -0.0462425 0.0253224 0.320578 -0.000565778 0.393577 -0.0193007 -0.00627945 -0.0216111 0.0228098 0.046964 0.00675911 -0.0132726 0.017624 -0.0106915 
278.525 -712.622 0.02 0.00323427 -0.0036511 -0.00328862 1.86859 -0.0151025 0.00869677 0.139289 0.0108651 -0.00974756 0.00951588 -0.0155885 -0.0462425 0.0253224 0.320578 -0.000565778 0.393577 -0.0193007 -0.00627945 -0.0216111 0.0228098 0.046964 0.00675911 -0.0132726 0.017624 -0.0106915 
271.609 -898.778 0.02 0.00323427 -0.0036511 -0.00328862 1.86859 -0.0151025 0.00869677 0.149289 0.0108651 -0.00974756 0.00951588 -0.0155885 -0.0462425 0.0253224 0.320578 -0.000565778 0.393577 -0.0193007 -0.00627945 -0.0216111 0.0228098 0.046964 0.00675911 -0.0132726 0.017624 -0.0106915 
263.37 -1035.06 0.02 0.00323427 -0.0036511 -0.00328862 1.86859 -0.0151025 0.00869677 0.159289 0.0108651 -0.00974756 0.00951588 -0.0155885 -0.0462425 0.0253224 0.320578 -0.000565778 0.393577 -0.0193007 -0.00627945 -0.0216111 0.0228098 0.046964 0.00675911 -0.0132726 0.017624 -0.0106915 
254.046 -1126.89 0.02 0.00323427 -0.0036511 -0.00328862 1.86859 -0.0151025 0.00869677 0.169289 0.0108651 -0.00974756 0.00951588 -0.0155885 -0.0462425 0.0253224 0.320578 -0.000565778 0.393577 -0.0193007 -0.00627945 -0.0216111 0.0228098 0.046964 0.00675911 -0.0132726 0.017624 -0.0106915 
243.918 -1178.71 0.02 0.00323427 -0.0036511 -0.00328862 1.86859 -0.0151025 0.00869677 0.179289 0.0108651 -0.00974756 0.00951588 -0.0155885 -0.0462425 0.0253224 0.320578 -0.000565778 0.393577 -0.0193007 -0.00627945 -0.0216111 0.0228098 0.046964 0.00675911 -0.0132726 0.017624 -0.0106915 
233.3 -1193.13 0.02 0.00323427 -0.0036511 -0.00328862 1.86859 -0.0151025 0.00869677 0.189289 0.0108651 -0.00974756 0.00951588 -0.0155885 -0.0462425 0.0253224 0.320578 -0.000565778 0.393577 -0.0193007 -0.00627945 -0.0216111 0.0228098 0.046964 0.00675911 -0.0132726 0.017624 -0.0106915 
222.563 -1169.25 0.02 0.00323427 -0.0036511 -0.00328862 1.86859 -0.0151025 0.00869677 0.199289 0.0108651 -0.00974756 0.00951588 -0.0155885 -0.0462425 0.0253224 0.320578 -0.000565778 0.393577 -0.0193007 -0.00627945 -0.0216111 0.0228098 0.046964 0.00675911 -0.0132726 0.017624 -0.0106915 
212.113 -1112.18 0.02 0.00323427 -0.0036511 -0.00328862 1.86859 -0.0151025 0.00869677 0.209289 0.0108651 -0.00974756 0.00951588 -0.0155885 -0.0462425 0.0253224 0.320578 -0.000565778 0.393577 -0.0193007 -0.00627945 -0.0216111 0.0228098 0.046964 0.00675911 -0.0132726 0.017624 -0.0106915 
202.275 -1032.3 0.02 0.00323427 -0.0036511 -0.00328862 1.86859 -0.0151025 0.00869677 0.219289 0.0108651 -0.00974756 0.00951588 -0.0155885 -0.0462425 0.0253224 0.320578 -0.000565778 0.393577 -0.0193007 -0.00627945 -0.0216111 0.0228098 0.046964 0.00675911 -0.0132726 0.017624 -0.0106915 
193.248 -943.542 0.02 0.00323427 -0.0036511 -0.00328862 1.86859 -0.0151025 0.00869677 0.229289 0.0108651 -0.00974756 0.00951588 -0.0155885 -0.0462425 0.0253224 0.320578 -0.000565778 0.393577 -0.0193007 -0.00627945 -0.0216111 0.0228098 0.046964 0.00675911 -0.0132726 0.017624 -0.0106915 
185.125 -853.733 0.02 0.00323427 -0.0036511 -0.00328862 1.86859 -0.0151025 0.00869677 0.239289 0.0108651 -0.00974756 0.00951588 -0.0155885 -0.0462425 0.0253224 0.320578 -0.000565778 0.393577 -0.0193007 -0.00627945 -0.0216111 0.0228098 0.046964 0.00675911 -0.0132726 0.017624 -0.0106915 
step:0.01
rho_limit:8039.77
d_min:20.0001
