#1 rho_s 
#2 coeffs 
400 20
double beta1 = 0.9;
  double beta2 = 0.999;
  double alpha = 0.01;
  double epsilon = 1e-8;
  for(int i=1;i<num_coeffs-1;++i)
      x[i] = 1/pow(i,2);
25.1811 0.02 0 1 0.25 0.111111 0.0625 0.04 0.0277778 0.0204082 0.015625 0.0123457 0.01 0.00826446 0.00694444 0.00591716 0.00510204 0.00444444 0.00390625 0.00346021 0.00308642 0.00277008 0.0025 0.00226757 0.00206612 0.00189036 0.00173611 
26.9956 0.02 -0.000546352 1.00527 0.252403 0.111658 0.0636706 0.0404764 0.0292866 0.0210537 0.016079 0.0087257 0.00665272 0.010365 0.011983 0.00653812 0.00612728 0.00324498 0.00307887 0.0027182 0.00260082 0.00284628 0.00394522 0.00248331 0.00288352 0.00182229 0.0014492 
29.1981 0.02 -0.00109497 1.01048 0.254782 0.11221 0.0648727 0.0409503 0.0308577 0.0217185 0.0165283 0.00516409 0.00338849 0.012446 0.0171518 0.00719421 0.00715427 0.00206256 0.00222946 0.00196984 0.00212542 0.00287116 0.00546949 0.00275562 0.00374407 0.00175167 0.00117988 
31.7222 0.02 -0.00164011 1.01564 0.257151 0.112761 0.066095 0.0414342 0.0324833 0.0223958 0.0169842 0.00165789 0.000201991 0.0144949 0.022454 0.00787274 0.00817829 0.000894998 0.00136424 0.0012116 0.00165617 0.00285251 0.0070951 0.00305673 0.00463701 0.00167367 0.000908444 
34.6343 0.02 -0.00217797 1.02073 0.259518 0.11331 0.0673356 0.0419305 0.0341679 0.0230845 0.0174499 -0.00179007 -0.00290263 0.0165038 0.0278958 0.00857064 0.00919756 -0.000258635 0.000485039 0.000443397 0.00119369 0.00278678 0.00883619 0.00337871 0.00555962 0.0015854 0.000629595 
38.019 0.02 -0.00270424 1.02575 0.261886 0.113858 0.0685945 0.0424389 0.0359196 0.0237845 0.017926 -0.00517473 -0.005918 0.0184637 0.0334839 0.00928574 0.0102101 -0.00139914 -0.000406846 -0.000333545 0.000740138 0.00266648 0.0107068 0.00371633 0.00650957 0.00148368 0.000341032 
41.9821 0.02 -0.00321302 1.0307 0.264262 0.114405 0.0698713 0.0429574 0.0377494 0.0244947 0.0184122 -0.00848901 -0.00883477 0.0203638 0.0392247 0.0100147 0.0112128 -0.00252723 -0.00130986 -0.00111662 0.000298356 0.00248121 0.0127221 0.00406369 0.00748311 0.0013647 4.17346e-05 
46.6523 0.02 -0.00369651 1.03556 0.266653 0.11495 0.0711652 0.043482 0.0396709 0.0252129 0.0189065 -0.0117241 -0.0116421 0.02219 0.045124 0.0107521 0.0122009 -0.00364356 -0.00222182 -0.00190179 -0.000128158 0.00221745 0.0148981 0.004413 0.00847398 0.00122392 -0.000268451 
52.181 0.02 -0.00414361 1.04033 0.269069 0.115492 0.0724742 0.0440056 0.0417011 0.0259344 0.0194055 -0.0148696 -0.0143277 0.0239239 0.0511863 0.0114894 0.0131677 -0.00474835 -0.00313964 -0.00268338 -0.000534736 0.00185715 0.0172509 0.00475397 0.0094726 0.00105631 -0.000588792 
58.7147 0.02 -0.00453852 1.04498 0.271526 0.116026 0.0737952 0.044516 0.0438607 0.0266521 0.0199042 -0.0179136 -0.016878 0.02554 0.0574139 0.0122153 0.0141041 -0.00584093 -0.00405896 -0.00345426 -0.000913945 0.00137561 0.0197943 0.00507434 0.010466 0.000857051 -0.000917504 
66.3344 0.02 -0.00486071 1.04951 0.274045 0.116549 0.0751246 0.0449941 0.0461731 0.0273575 0.0203962 -0.0208454 -0.0192787 0.0270057 0.0638052 0.0129181 0.0150008 -0.00691947 -0.00497458 -0.00420654 -0.00125336 0.000741056 0.0225348 0.00536309 0.0114406 0.000623235 -0.00125151 
74.9317 0.02 -0.00509149 1.05388 0.276649 0.117057 0.076462 0.045417 0.0486549 0.0280456 0.0208769 -0.0236617 -0.0215204 0.02829 0.0703537 0.013593 0.0158533 -0.00798215 -0.0058828 -0.00493367 -0.00153514 -7.75669e-05 0.0254624 0.00561808 0.0123888 0.000356142 -0.00158666 
84.0879 0.02 -0.00522941 1.05812 0.279352 0.117551 0.0778165 0.0457692 0.0512995 0.0287222 0.0213465 -0.0263806 -0.0236111 0.0293866 0.077053 0.0142505 0.0166679 -0.00903162 -0.00678737 -0.00563315 -0.00174084 -0.00109115 0.0285414 0.00585455 0.0133195 6.20532e-05 -0.00191893 
93.0985 0.02 -0.00530207 1.0623 0.282151 0.118039 0.0792104 0.0460528 0.0540625 0.0294012 0.0218097 -0.0290486 -0.0255859 0.0303324 0.0838997 0.0149128 0.0174594 -0.0100794 -0.00770491 -0.00630577 -0.00185877 -0.00227248 0.0317046 0.00609859 0.0142513 -0.000251772 -0.00224525 
101.075 0.02 -0.0053615 1.06651 0.285013 0.118524 0.0806715 0.0462819 0.0568549 0.030088 0.0222659 -0.0317265 -0.0274979 0.0311979 0.0908687 0.0155893 0.0182316 -0.0111431 -0.00866267 -0.00694974 -0.00188471 -0.00355439 0.0348443 0.00636298 0.0151851 -0.00058374 -0.00256112 
107.084 0.02 -0.00547741 1.07081 0.287863 0.119 0.0822172 0.0464704 0.0595244 0.0307702 0.0226993 -0.0344657 -0.0293945 0.0320645 0.0978509 0.0162653 0.0189648 -0.0122354 -0.00968862 -0.00755936 -0.00181109 -0.00483085 0.0377883 0.00664006 0.0160867 -0.00093813 -0.00285508 
110.51 0.02 -0.00573076 1.07518 0.290555 0.119448 0.0838349 0.0466183 0.0618351 0.0314243 0.0230766 -0.0372807 -0.0312876 0.0329986 0.104575 0.0169133 0.0196189 -0.0133474 -0.0107961 -0.00813091 -0.00161307 -0.00595832 0.0402734 0.00692117 0.0168964 -0.0013151 -0.00310354 
111.622 0.02 -0.00619021 1.07946 0.292887 0.119847 0.0854681 0.0467068 0.0635086 0.0320236 0.0233545 -0.0401279 -0.0331384 0.0340239 0.110613 0.0175048 0.0201472 -0.0144383 -0.0119701 -0.00866764 -0.00125535 -0.00678287 0.0419857 0.0072076 0.0175507 -0.00170032 -0.00327412 
111.527 0.02 -0.00688183 1.08346 0.294697 0.120179 0.0870352 0.0467108 0.0643474 0.0325445 0.0234993 -0.0429269 -0.0348885 0.035119 0.115567 0.0180138 0.0205159 -0.015453 -0.0131737 -0.00917751 -0.000723447 -0.00719847 0.0426995 0.00749945 0.0180052 -0.00206876 -0.00334116 
111.394 0.02 -0.00778782 1.08702 0.295929 0.120433 0.0884726 0.0466162 0.0643124 0.0329715 0.023499 -0.045614 -0.0365059 0.0362461 0.119264 0.0184212 0.0207154 -0.0163527 -0.0143723 -0.00966651 -3.63533e-05 -0.00717978 0.0423672 0.00778711 0.0182462 -0.00239916 -0.00329702 
111.882 0.02 -0.00887142 1.09011 0.296625 0.120607 0.0897524 0.0464245 0.0634761 0.0332983 0.0233592 -0.0481612 -0.0379934 0.0373759 0.121739 0.0187169 0.020754 -0.0171243 -0.0155469 -0.0101339 0.000769075 -0.00675686 0.0410703 0.00805544 0.0182812 -0.00268116 -0.00314829 
113.194 0.02 -0.0100974 1.09275 0.296856 0.120706 0.0908726 0.0461483 0.0619474 0.0335248 0.0230935 -0.0505648 -0.0393717 0.0384942 0.123129 0.0188975 0.0206476 -0.0177719 -0.0166902 -0.010572 0.00165433 -0.00597667 0.0389357 0.00828985 0.0181269 -0.00291359 -0.00290739 
115.285 0.02 -0.0114395 1.095 0.296699 0.120733 0.0918444 0.0458071 0.0598304 0.0336545 0.0227175 -0.0528309 -0.040666 0.0395999 0.123592 0.0189648 0.0204135 -0.0183074 -0.0178015 -0.0109689 0.00258467 -0.00488259 0.0360909 0.00847892 0.0178017 -0.00310107 -0.00258777 
118.004 0.02 -0.0128823 1.09691 0.296215 0.120696 0.0926845 0.0454258 0.0572123 0.0336949 0.0222471 -0.0549699 -0.0419015 0.0407022 0.123281 0.0189257 0.0200695 -0.0187461 -0.0188832 -0.0113117 0.00352892 -0.00350768 0.0326498 0.00861677 0.0173262 -0.00325135 -0.00220224 
121.165 0.02 -0.0144198 1.09856 0.295453 0.120605 0.0934119 0.0450332 0.0541634 0.0336604 0.0216996 -0.0569959 -0.0431019 0.0418176 0.122336 0.0187969 0.0196377 -0.019104 -0.0199402 -0.0115898 0.00445953 -0.00187571 0.0287129 0.00870822 0.0167285 -0.00337231 -0.0017625 
124.601 0.02 -0.016051 1.10002 0.294456 0.120475 0.0940477 0.0446563 0.0507451 0.0335758 0.0210947 -0.0589286 -0.0442876 0.0429624 0.120887 0.0186094 0.0191469 -0.0193966 -0.0209794 -0.0117987 0.00535662 -9.36317e-06 0.024369 0.00877523 0.0160503 -0.00346923 -0.00127854 
128.208 0.02 -0.0177722 1.10136 0.293272 0.120325 0.0946166 0.0443119 0.0470215 0.033477 0.020454 -0.0607965 -0.0454739 0.0441414 0.119068 0.0184107 0.0186335 -0.0196387 -0.0220105 -0.011943 0.00621488 0.00205693 0.0196992 0.00886048 0.0153484 -0.00354371 -0.000757756 
131.835 0.02 -0.0195703 1.10263 0.291967 0.120175 0.0951456 0.044001 0.0430727 0.0334051 0.0197974 -0.0626368 -0.0466708 0.0453398 0.117026 0.0182558 0.018135 -0.0198445 -0.0230447 -0.0120366 0.00704586 0.0042663 0.014787 0.00901959 0.0146846 -0.00359631 -0.000204422 
134.962 0.02 -0.0214046 1.10388 0.290657 0.120034 0.0956627 0.043698 0.0390297 0.0333824 0.0191337 -0.0644962 -0.047888 0.0465063 0.114957 0.0181724 0.0176702 -0.0200311 -0.0240973 -0.0120977 0.00787262 0.0065178 0.0097475 0.00927857 0.014091 -0.00363708 0.000379976 
137.088 0.02 -0.0232041 1.10517 0.289503 0.119895 0.0961899 0.0433633 0.0350818 0.0334004 0.01846 -0.0664195 -0.0491388 0.0475638 0.11311 0.0181404 0.0172319 -0.0202188 -0.0251839 -0.0121414 0.00870766 0.00867642 0.00474478 0.00960769 0.0135542 -0.00369014 0.000992768 
138.48 0.02 -0.0249229 1.10651 0.288603 0.119754 0.0967376 0.0429897 0.0313691 0.0334515 0.0177776 -0.0684344 -0.0504362 0.0484791 0.111659 0.0181399 0.0168164 -0.0204234 -0.0263138 -0.0121797 0.00953595 0.0106632 -7.64443e-05 0.0099762 0.0130649 -0.0037766 0.00162789 
139.666 0.02 -0.0265529 1.10795 0.287969 0.119612 0.0973083 0.0425951 0.0279413 0.0335401 0.0170925 -0.0705521 -0.0517858 0.0492649 0.110658 0.0181688 0.0164299 -0.0206513 -0.0274905 -0.0122209 0.0103333 0.0124698 -0.00464562 0.0103774 0.0126312 -0.00390576 0.00228008 
140.858 0.02 -0.0280958 1.10947 0.287574 0.119471 0.0978979 0.0421971 0.0248078 0.0336709 0.0164087 -0.0727694 -0.0531811 0.0499427 0.110078 0.0182265 0.0160767 -0.0209019 -0.0287109 -0.0122695 0.0110783 0.0141102 -0.00893783 0.0108117 0.0122607 -0.00408004 0.00294655 
142.007 0.02 -0.0295515 1.11107 0.28737 0.119329 0.0984958 0.0418096 0.0219682 0.0338445 0.0157264 -0.0750715 -0.0546062 0.0505306 0.109845 0.0183077 0.0157554 -0.0211694 -0.0299649 -0.012326 0.0117506 0.0156 -0.0129423 0.0112784 0.0119541 -0.00429874 0.00362645 
142.973 0.02 -0.0309156 1.11272 0.287303 0.119181 0.0990851 0.0414439 0.0194239 0.0340585 0.0150427 -0.077434 -0.0560377 0.0510425 0.10986 0.0184043 0.0154613 -0.0214442 -0.0312358 -0.0123888 0.0123291 0.0169491 -0.0166451 0.0117769 0.0117085 -0.0045591 0.00431986 
143.636 0.02 -0.0321792 1.11437 0.287315 0.119023 0.0996442 0.0411102 0.017184 0.0343089 0.0143536 -0.0798253 -0.0574464 0.0514878 0.110005 0.0185069 0.0151887 -0.0217148 -0.0325006 -0.0124561 0.012792 0.0181589 -0.0200209 0.0123062 0.0115192 -0.00485652 0.00502665 
143.95 0.02 -0.0333293 1.11598 0.287345 0.118849 0.100149 0.0408177 0.0152652 0.0345901 0.0136553 -0.0822082 -0.058799 0.0518721 0.11016 0.0186065 0.0149313 -0.0219686 -0.033732 -0.0125267 0.0131188 0.0192222 -0.0230318 0.0128641 0.0113808 -0.00518484 0.00574541 
143.962 0.02 -0.0343515 1.11751 0.28734 0.118658 0.100577 0.0405742 0.0136882 0.0348953 0.012945 -0.0845432 -0.0600619 0.0521977 0.110211 0.0186947 0.0146838 -0.0221941 -0.0349011 -0.0125996 0.0132916 0.0201269 -0.0256331 0.0134458 0.011287 -0.00553664 0.00647291 
143.795 0.02 -0.0352322 1.11891 0.287254 0.118445 0.100906 0.040386 0.0124709 0.0352162 0.0122218 -0.0867921 -0.0612045 0.0524662 0.11006 0.0187649 0.0144419 -0.0223814 -0.0359807 -0.012675 0.0132981 0.0208596 -0.0277832 0.0140441 0.0112308 -0.00590379 0.00720403 
143.602 0.02 -0.0359618 1.12014 0.287054 0.118211 0.101121 0.0402563 0.0116223 0.0355444 0.0114867 -0.0889223 -0.062203 0.052679 0.109633 0.0188129 0.0142029 -0.0225235 -0.0369485 -0.0127527 0.0131327 0.0214111 -0.0294534 0.0146501 0.011205 -0.00627817 0.00793231 
143.523 0.02 -0.0365353 1.12119 0.286717 0.117957 0.101214 0.0401854 0.011139 0.0358717 0.0107425 -0.0909091 -0.0630425 0.0528389 0.108887 0.018837 0.0139655 -0.022617 -0.0377889 -0.0128325 0.0127975 0.0217784 -0.0306349 0.0152545 0.0112027 -0.00665241 0.00865084 
143.65 0.02 -0.0369529 1.12204 0.286235 0.117686 0.101183 0.0401697 0.0110048 0.0361914 0.00999315 -0.0927383 -0.0637173 0.0529498 0.107806 0.0188372 0.0137295 -0.0226612 -0.0384944 -0.0129135 0.0123011 0.0219664 -0.0313402 0.0158486 0.0112181 -0.00702044 0.00935303 
144.011 0.02 -0.0372193 1.1227 0.285606 0.117402 0.101031 0.0402028 0.0111924 0.0364985 0.00924338 -0.0944048 -0.0642303 0.0530162 0.106399 0.018815 0.0134951 -0.0226584 -0.0390649 -0.012994 0.011657 0.0219866 -0.0316012 0.0164252 0.0112464 -0.00737771 0.0100333 
144.582 0.02 -0.0373427 1.12319 0.284843 0.117107 0.100766 0.0402759 0.0116667 0.0367895 0.0084984 -0.0959126 -0.0645915 0.0530437 0.104697 0.0187729 0.0132631 -0.022613 -0.0395072 -0.0130718 0.0108828 0.0218564 -0.0314651 0.0169791 0.0112847 -0.00772126 0.0106871 
145.3 0.02 -0.037334 1.12352 0.283962 0.116807 0.100402 0.0403781 0.0123872 0.0370628 0.00776359 -0.097273 -0.0648166 0.0530384 0.102747 0.0187142 0.0130348 -0.0225311 -0.0398334 -0.0131441 0.0099984 0.0215967 -0.0309905 0.0175062 0.0113309 -0.00804952 0.0113115 
146.08 0.02 -0.0372062 1.12372 0.282985 0.116505 0.099955 0.0404976 0.0133107 0.0373181 0.00704429 -0.098503 -0.0649259 0.0530071 0.100607 0.018643 0.0128118 -0.0224199 -0.0400605 -0.0132081 0.00902535 0.0212306 -0.0302426 0.0180034 0.0113845 -0.00836213 0.0119044 
146.84 0.02 -0.0369742 1.12383 0.28194 0.116207 0.0994419 0.0406222 0.014393 0.0375559 0.00634561 -0.0996242 -0.0649428 0.0529568 0.0983406 0.0185643 0.0125963 -0.0222874 -0.0402089 -0.0132609 0.00798594 0.0207824 -0.0292893 0.0184683 0.0114454 -0.00865963 0.0124649 
147.509 0.02 -0.0366544 1.12387 0.280854 0.115916 0.0988826 0.0407406 0.0155904 0.0377778 0.00567241 -0.10066 -0.0648927 0.0528943 0.0960173 0.0184834 0.012391 -0.0221421 -0.0403013 -0.0133002 0.00690236 0.0202763 -0.028198 0.0188989 0.0115146 -0.00894312 0.0129928 
148.046 0.02 -0.0362646 1.12389 0.27976 0.115637 0.098297 0.0408428 0.0168616 0.0379858 0.00502915 -0.101637 -0.0648016 0.0528263 0.0937039 0.0184059 0.0121985 -0.0219924 -0.0403613 -0.0133243 0.00579599 0.0197354 -0.0270319 0.0192936 0.0115935 -0.00921398 0.0134888 
148.435 0.02 -0.035823 1.12391 0.278687 0.115374 0.0977045 0.0409205 0.0181685 0.0381829 0.00441981 -0.102577 -0.0646945 0.0527584 0.091463 0.0183363 0.0120215 -0.0218464 -0.0404118 -0.0133321 0.00468661 0.0191807 -0.0258477 0.0196515 0.0116843 -0.00947353 0.0139537 
148.687 0.02 -0.0353468 1.12396 0.277663 0.11513 0.0971226 0.0409672 0.0194779 0.038372 0.00384774 -0.103504 -0.0645942 0.0526953 0.0893486 0.0182784 0.0118621 -0.021711 -0.0404739 -0.0133229 0.00359176 0.0186303 -0.0246935 0.0199725 0.0117896 -0.00972281 0.0143887 
148.829 0.02 -0.0348518 1.12407 0.276712 0.114906 0.096566 0.0409779 0.0207617 0.0385564 0.00331568 -0.104436 -0.0645196 0.0526405 0.0874041 0.0182341 0.0117216 -0.0215924 -0.0405652 -0.0132959 0.00252626 0.0180986 -0.0236085 0.0202572 0.011912 -0.00996234 0.0147948 
148.892 0.02 -0.0343508 1.12425 0.275852 0.114705 0.0960461 0.040949 0.0219975 0.038739 0.00282569 -0.105384 -0.0644853 0.0525958 0.0856606 0.0182036 0.0116006 -0.0214947 -0.0406991 -0.0132504 0.001502 0.0175966 -0.0226222 0.0205071 0.0120543 -0.0101919 0.015173 
148.909 0.02 -0.0338529 1.12451 0.275096 0.114527 0.0955699 0.0408772 0.0231681 0.0389223 0.00237922 -0.106358 -0.064501 0.0525616 0.0841359 0.0181854 0.0114989 -0.0214211 -0.040884 -0.0131849 0.000528164 0.0171311 -0.0217555 0.0207237 0.0122185 -0.0104106 0.0155238 
148.905 0.02 -0.0333637 1.12485 0.274451 0.114372 0.0951408 0.0407599 0.0242618 0.0391078 0.00197715 -0.10736 -0.0645713 0.052537 0.082836 0.0181764 0.0114156 -0.0213728 -0.0411235 -0.0130975 -0.000388407 0.0167055 -0.0210217 0.0209088 0.0124056 -0.0106164 0.0158472 
148.897 0.02 -0.0328844 1.12527 0.273918 0.114239 0.0947581 0.0405941 0.0252707 0.0392955 0.00161988 -0.108385 -0.0646966 0.0525199 0.0817556 0.018173 0.0113491 -0.0213499 -0.0414165 -0.0129854 -0.00124275 0.0163199 -0.0204272 0.0210634 0.0126158 -0.0108068 0.0161424 
148.89 0.02 -0.0324134 1.12576 0.273494 0.114128 0.0944178 0.040377 0.0261904 0.0394843 0.00130743 -0.109428 -0.0648733 0.0525072 0.0808802 0.0181707 0.0112979 -0.0213513 -0.0417575 -0.0128454 -0.00203133 0.0159721 -0.019973 0.0211876 0.0128477 -0.0109785 0.016408 
148.885 0.02 -0.0319462 1.12631 0.273171 0.114037 0.0941132 0.0401058 0.0270188 0.0396719 0.00103947 -0.110475 -0.0650947 0.052495 0.0801885 0.0181653 0.0112601 -0.0213749 -0.0421375 -0.0126741 -0.00275166 0.015658 -0.0196558 0.0212807 0.0130984 -0.0111278 0.0166422 
148.882 0.02 -0.0314765 1.12689 0.272939 0.113967 0.0938357 0.0397782 0.0277556 0.0398548 0.000815422 -0.111513 -0.065352 0.0524789 0.0796544 0.0181525 0.0112338 -0.0214181 -0.0425451 -0.0124681 -0.00340219 0.0153727 -0.0194687 0.0213413 0.0133643 -0.0112507 0.0168425 
148.876 0.02 -0.0309968 1.12749 0.272784 0.113917 0.0935752 0.0393922 0.0284017 0.0400289 0.000634476 -0.112525 -0.065635 0.0524547 0.079249 0.0181287 0.0112174 -0.021478 -0.0429667 -0.0122241 -0.00398218 0.0151107 -0.0194021 0.0213675 0.0136409 -0.0113433 0.0170061 
148.866 0.02 -0.0304998 1.12809 0.272693 0.113886 0.0933212 0.0389471 0.0289589 0.0401897 0.000495577 -0.113497 -0.0659326 0.0524183 0.0789428 0.0180909 0.011209 -0.0215514 -0.0433879 -0.0119399 -0.00449173 0.0148667 -0.0194442 0.021357 0.013923 -0.011402 0.0171304 
148.852 0.02 -0.0299781 1.12868 0.272651 0.113874 0.0930632 0.0384433 0.0294297 0.0403326 0.00039744 -0.114411 -0.0662339 0.0523663 0.078707 0.0180372 0.0112073 -0.0216353 -0.0437942 -0.0116141 -0.00493192 0.0146356 -0.0195814 0.021308 0.0142057 -0.0114238 0.0172129 
148.836 0.02 -0.0294256 1.12923 0.272645 0.113881 0.0927915 0.0378825 0.0298176 0.0404537 0.000338525 -0.115254 -0.0665287 0.0522964 0.0785155 0.0179662 0.011211 -0.0217269 -0.044172 -0.0112464 -0.00530486 0.0144135 -0.0197992 0.0212192 0.0144844 -0.0114064 0.0172517 
148.823 0.02 -0.0288378 1.12974 0.27266 0.113906 0.0924975 0.0372681 0.0301268 0.0405493 0.000317016 -0.116014 -0.0668082 0.0522071 0.0783455 0.0178778 0.0112188 -0.021824 -0.0445092 -0.0108381 -0.00561383 0.0141969 -0.020082 0.0210902 0.014755 -0.0113485 0.0172456 
148.816 0.02 -0.0282114 1.13019 0.272686 0.113949 0.0921743 0.0366046 0.0303625 0.040617 0.000330802 -0.116685 -0.067065 0.0520984 0.0781788 0.0177728 0.0112299 -0.0219246 -0.0447958 -0.0103915 -0.00586321 0.0139833 -0.0204143 0.0209217 0.0150145 -0.0112496 0.017194 
148.819 0.02 -0.0275452 1.13058 0.272711 0.11401 0.0918169 0.035898 0.0305309 0.0406552 0.000377513 -0.117261 -0.0672938 0.0519714 0.0780019 0.0176527 0.0112437 -0.0220272 -0.0450245 -0.00991049 -0.0060585 0.0137712 -0.0207806 0.0207155 0.015261 -0.0111104 0.0170979 
148.835 0.02 -0.0268397 1.13091 0.272729 0.114088 0.0914222 0.0351551 0.030639 0.0406636 0.000454503 -0.117741 -0.0674914 0.0518283 0.0778063 0.0175198 0.0112596 -0.022131 -0.0451906 -0.00939976 -0.0062062 0.0135597 -0.0211662 0.0204747 0.0154936 -0.0109325 0.0169588 
148.862 0.02 -0.026097 1.13118 0.272733 0.114182 0.090989 0.0343837 0.0306948 0.0406427 0.000558912 -0.118129 -0.0676568 0.0516724 0.0775884 0.0173768 0.0112776 -0.0222356 -0.0452926 -0.00886491 -0.00631364 0.0133486 -0.0215577 0.0202037 0.015713 -0.0107183 0.0167795 
148.899 0.02 -0.0253208 1.13139 0.272719 0.114291 0.0905182 0.0335915 0.0307068 0.0405944 0.000687694 -0.11843 -0.0677908 0.0515075 0.0773489 0.0172269 0.0112975 -0.0223407 -0.0453312 -0.00831204 -0.00638873 0.0131382 -0.0219431 0.0199075 0.0159206 -0.0104711 0.0165637 
148.941 0.02 -0.0245157 1.13155 0.272688 0.114415 0.0900121 0.0327869 0.0306838 0.0405213 0.00083767 -0.118654 -0.0678965 0.051338 0.0770925 0.0170735 0.0113196 -0.0224468 -0.0453101 -0.00774738 -0.00643974 0.0129294 -0.0223125 0.019592 0.0161189 -0.0101947 0.0163159 
148.985 0.02 -0.0236875 1.13168 0.27264 0.114551 0.0894744 0.0319775 0.030635 0.0404267 0.00100558 -0.118812 -0.0679781 0.0511685 0.0768267 0.0169199 0.0113443 -0.0225542 -0.0452346 -0.00717707 -0.00647503 0.012723 -0.0226578 0.0192635 0.0163112 -0.00989323 0.0160409 
149.027 0.02 -0.0228423 1.13177 0.272577 0.114699 0.08891 0.0311707 0.0305691 0.0403144 0.00118814 -0.118916 -0.0680413 0.0510038 0.076561 0.0167692 0.0113721 -0.0226636 -0.0451115 -0.00660686 -0.00650277 0.0125203 -0.022973 0.0189287 0.0165011 -0.00957124 0.0157444 
149.062 0.02 -0.0219865 1.13185 0.272503 0.114857 0.0883242 0.0303731 0.0304945 0.0401888 0.00138205 -0.11898 -0.0680922 0.0508481 0.0763061 0.0166245 0.0114038 -0.0227757 -0.0449486 -0.00604185 -0.00653073 0.0123224 -0.023254 0.0185938 0.0166924 -0.00923329 0.015432 
149.089 0.02 -0.0211264 1.13192 0.272423 0.115025 0.0877225 0.0295904 0.0304189 0.0400539 0.00158412 -0.119016 -0.0681375 0.0507056 0.076073 0.0164884 0.0114399 -0.0228909 -0.044754 -0.00548639 -0.00656597 0.0121304 -0.0234985 0.0182649 0.0168889 -0.00888386 0.0151092 
149.107 0.02 -0.0202678 1.132 0.27234 0.115199 0.0871104 0.0288274 0.030349 0.0399138 0.00179124 -0.119038 -0.0681833 0.0505795 0.0758719 0.0163631 0.0114813 -0.0230097 -0.0445354 -0.00494394 -0.00661472 0.0119452 -0.0237056 0.0179475 0.017094 -0.00852722 0.0147814 
149.116 0.02 -0.0194159 1.1321 0.272261 0.11538 0.0864926 0.0280877 0.0302907 0.0397722 0.00200047 -0.119056 -0.0682356 0.0504726 0.0757118 0.0162506 0.0115287 -0.0231324 -0.0442999 -0.00441706 -0.00668219 0.0117673 -0.0238754 0.0176464 0.0173106 -0.00816731 0.0144537 
149.118 0.02 -0.018575 1.13222 0.272188 0.115565 0.0858734 0.0273742 0.0302485 0.0396324 0.00220903 -0.11908 -0.0682992 0.0503866 0.0755995 0.0161522 0.0115829 -0.0232589 -0.0440535 -0.00390743 -0.00677245 0.0115972 -0.0240088 0.0173654 0.0175408 -0.00780758 0.0141306 
149.115 0.02 -0.0177485 1.13237 0.272125 0.115754 0.085256 0.0266886 0.0302258 0.0394969 0.00241434 -0.119117 -0.0683777 0.0503225 0.0755395 0.0160689 0.0116443 -0.0233889 -0.0438006 -0.00341588 -0.00688839 0.011435 -0.0241072 0.0171077 0.017786 -0.00745099 0.013816 
149.108 0.02 -0.0169387 1.13255 0.272074 0.115945 0.0846425 0.0260318 0.0302251 0.0393678 0.00261402 -0.119173 -0.0684735 0.0502804 0.0755337 0.0160011 0.0117135 -0.0235217 -0.0435444 -0.00294256 -0.00703172 0.0112804 -0.0241718 0.0168754 0.0180467 -0.00709998 0.0135132 
149.099 0.02 -0.0161472 1.13276 0.272036 0.116137 0.0840341 0.0254039 0.0302472 0.0392462 0.00280596 -0.119249 -0.0685877 0.0502593 0.0755812 0.0159488 0.0117908 -0.0236563 -0.0432861 -0.00248698 -0.00720292 0.011133 -0.0242042 0.01667 0.0183226 -0.00675638 0.0132247 
149.089 0.02 -0.0153745 1.13301 0.272011 0.116329 0.0834308 0.0248044 0.0302922 0.0391327 0.00298826 -0.119346 -0.0687199 0.0502576 0.0756787 0.0159115 0.0118763 -0.0237915 -0.0430258 -0.00204821 -0.00740139 0.0109922 -0.0242052 0.016492 0.0186127 -0.00642154 0.0129527 
149.077 0.02 -0.0146205 1.13329 0.271999 0.11652 0.082832 0.0242323 0.0303591 0.0390275 0.00315923 -0.119462 -0.0688687 0.0502732 0.0758205 0.0158885 0.0119702 -0.0239258 -0.0427621 -0.00162495 -0.00762554 0.0108573 -0.0241759 0.0163415 0.018915 -0.00609634 0.0126984 
149.064 0.02 -0.0138846 1.13359 0.271996 0.11671 0.0822363 0.0236861 0.0304461 0.03893 0.00331743 -0.119594 -0.0690315 0.050303 0.0759993 0.0158786 0.0120721 -0.0240577 -0.0424929 -0.00121569 -0.0078729 0.0107276 -0.024117 0.0162179 0.0192274 -0.00578128 0.0124627 
149.049 0.02 -0.0131657 1.1339 0.272002 0.116898 0.0816419 0.0231641 0.0305506 0.0388394 0.00346167 -0.119736 -0.0692053 0.0503441 0.0762063 0.0158804 0.0121819 -0.0241855 -0.0422152 -0.000818795 -0.00814031 0.0106021 -0.0240291 0.0161202 0.0195471 -0.00547652 0.0122462 
149.031 0.02 -0.0124628 1.13423 0.272013 0.117082 0.0810469 0.0226644 0.0306693 0.0387548 0.00359098 -0.119884 -0.0693863 0.050393 0.0764321 0.0158923 0.0122993 -0.0243077 -0.0419259 -0.000432551 -0.0084241 0.0104804 -0.023913 0.0160471 0.0198711 -0.00518202 0.0120488 
149.012 0.02 -0.0117746 1.13456 0.272026 0.117263 0.0804493 0.0221848 0.0307987 0.038675 0.0037046 -0.120032 -0.0695708 0.0504465 0.0766673 0.0159124 0.0124237 -0.0244227 -0.0416216 -5.52514e-05 -0.00872025 0.0103618 -0.0237696 0.0159972 0.0201964 -0.00489756 0.0118704 
148.992 0.02 -0.0111002 1.13489 0.272039 0.11744 0.0798475 0.0217232 0.0309349 0.0385988 0.00380209 -0.120173 -0.069755 0.0505016 0.0769027 0.0159389 0.0125549 -0.0245294 -0.0412998 0.000314717 -0.00902456 0.010246 -0.0236002 0.0159688 0.02052 -0.00462285 0.0117105 
148.969 0.02 -0.0104391 1.1352 0.272048 0.117614 0.0792404 0.0212775 0.0310741 0.0385253 0.00388323 -0.120303 -0.0699357 0.0505553 0.0771303 0.0159701 0.0126923 -0.024627 -0.0409583 0.000678911 -0.00933293 0.0101328 -0.0234069 0.0159601 0.0208393 -0.0043576 0.0115686 
148.947 0.02 -0.00979079 1.1355 0.272052 0.117783 0.0786275 0.0208456 0.0312125 0.0384537 0.00394805 -0.120418 -0.0701098 0.0506055 0.0773434 0.0160042 0.0128356 -0.0247149 -0.0405959 0.00103878 -0.00964139 0.0100222 -0.0231921 0.0159696 0.0211518 -0.00410149 0.0114441 
148.925 0.02 -0.00915549 1.13579 0.272048 0.117949 0.0780087 0.0204253 0.0313465 0.0383835 0.00399683 -0.120515 -0.0702751 0.0506505 0.0775368 0.0160396 0.0129845 -0.0247931 -0.0402124 0.00139568 -0.00994634 0.00991433 -0.022959 0.0159954 0.0214558 -0.00385428 0.0113361 
148.904 0.02 -0.00853367 1.13605 0.272036 0.11811 0.0773847 0.0200148 0.0314729 0.0383143 0.00403014 -0.120592 -0.0704303 0.050689 0.0777073 0.0160748 0.0131387 -0.0248619 -0.0398086 0.0017508 -0.0102446 0.00980936 -0.0227115 0.0160362 0.0217497 -0.00361575 0.0112439 
148.884 0.02 -0.00792619 1.13629 0.272015 0.118268 0.0767571 0.0196122 0.0315889 0.0382462 0.00404875 -0.120649 -0.0705744 0.0507204 0.0778534 0.0161086 0.0132981 -0.024922 -0.0393863 0.00210522 -0.0105334 0.00970765 -0.0224537 0.0160903 0.0220327 -0.00338575 0.0111667 
148.865 0.02 -0.00733423 1.1365 0.271985 0.118423 0.0761278 0.0192158 0.0316923 0.0381796 0.00405367 -0.120688 -0.0707075 0.0507448 0.0779754 0.0161399 0.0134626 -0.0249745 -0.0389483 0.00245988 -0.0108108 0.00960958 -0.0221905 0.0161565 0.0223047 -0.0031642 0.0111035 
148.848 0.02 -0.00675922 1.1367 0.271948 0.118574 0.0754993 0.0188242 0.0317813 0.038115 0.0040461 -0.12071 -0.0708303 0.0507627 0.0780751 0.0161679 0.0136323 -0.0250208 -0.0384979 0.00281555 -0.0110751 0.00951555 -0.0219266 0.0162335 0.0225656 -0.00295105 0.0110535 
148.833 0.02 -0.00620272 1.13688 0.271904 0.118723 0.0748743 0.018436 0.0318547 0.0380531 0.00402741 -0.120719 -0.0709437 0.0507748 0.0781552 0.0161919 0.0138071 -0.0250624 -0.0380393 0.00317283 -0.0113252 0.00942591 -0.0216671 0.0163204 0.0228161 -0.00274627 0.0110156 
148.817 0.02 -0.00566632 1.13705 0.271854 0.11887 0.0742558 0.0180501 0.0319119 0.0379949 0.00399909 -0.120718 -0.0710494 0.0507823 0.0782196 0.0162115 0.0139873 -0.025101 -0.0375766 0.00353215 -0.0115607 0.00934099 -0.0214164 0.0164159 0.023057 -0.00254983 0.0109888 
148.803 0.02 -0.00515158 1.13721 0.2718 0.119016 0.0736467 0.0176655 0.0319525 0.0379413 0.00396273 -0.120713 -0.071149 0.0507866 0.0782722 0.0162262 0.0141729 -0.0251383 -0.0371142 0.00389376 -0.0117813 0.00926104 -0.021179 0.0165193 0.0232896 -0.00236171 0.010972 
148.788 0.02 -0.00465992 1.13736 0.271744 0.11916 0.07305 0.0172818 0.0319767 0.0378931 0.00391997 -0.120706 -0.0712442 0.050789 0.0783171 0.0162358 0.0143641 -0.0251759 -0.0366563 0.00425771 -0.0119872 0.00918626 -0.0209584 0.0166296 0.0235148 -0.00218184 0.0109638 
148.774 0.02 -0.00419256 1.13752 0.271687 0.119302 0.0724682 0.0168982 0.031985 0.0378515 0.00387246 -0.120702 -0.0713368 0.0507908 0.078358 0.0162402 0.0145611 -0.0252152 -0.0362068 0.00462386 -0.0121789 0.00911678 -0.0207575 0.0167459 0.0237341 -0.00201013 0.0109631 
148.759 0.02 -0.00375047 1.13767 0.27163 0.119444 0.0719036 0.0165147 0.031978 0.0378169 0.00382181 -0.120704 -0.0714281 0.050793 0.0783978 0.0162392 0.0147639 -0.0252576 -0.035769 0.00499186 -0.0123568 0.00905265 -0.0205786 0.0168674 0.0239485 -0.00184648 0.0109683 
148.745 0.02 -0.00333435 1.13782 0.271574 0.119584 0.0713579 0.0161312 0.0319563 0.0377902 0.0037696 -0.120714 -0.0715193 0.0507966 0.0784387 0.0162327 0.0149725 -0.0253039 -0.0353456 0.00536121 -0.0125218 0.00899392 -0.0204227 0.0169932 0.0241588 -0.00169074 0.0109781 
148.731 0.02 -0.0029446 1.13799 0.27152 0.119724 0.0708325 0.0157479 0.0319211 0.0377716 0.00371726 -0.120734 -0.0716111 0.0508021 0.0784818 0.0162205 0.0151869 -0.0253548 -0.0349385 0.00573121 -0.0126743 0.00894055 -0.0202904 0.0171223 0.024366 -0.00154273 0.0109909 
148.717 0.02 -0.00258135 1.13815 0.271466 0.119862 0.0703282 0.015365 0.031873 0.0377616 0.00366615 -0.120766 -0.0717037 0.0508098 0.078527 0.0162025 0.0154069 -0.0254108 -0.0345492 0.00610101 -0.0128153 0.00889249 -0.0201811 0.0172539 0.0245704 -0.0014023 0.0110052 
148.704 0.02 -0.00224443 1.13833 0.271415 0.119999 0.0698455 0.0149831 0.0318133 0.0377601 0.00361748 -0.120808 -0.071797 0.0508197 0.0785733 0.0161785 0.0156324 -0.0254719 -0.0341783 0.00646964 -0.0129454 0.00884967 -0.0200936 0.0173869 0.0247722 -0.00126927 0.0110195 
148.691 0.02 -0.00193345 1.13851 0.271364 0.120134 0.0693844 0.0146027 0.0317428 0.0377671 0.00357228 -0.12086 -0.0718906 0.0508314 0.0786187 0.0161484 0.015863 -0.0255378 -0.0338259 0.00683597 -0.0130652 0.008812 -0.020026 0.0175203 0.0249716 -0.0011435 0.0110323 
148.679 0.02 -0.00164787 1.13869 0.271313 0.120267 0.0689446 0.0142245 0.0316626 0.0377825 0.00353146 -0.120921 -0.0719836 0.0508443 0.0786608 0.0161119 0.0160985 -0.0256082 -0.0334916 0.00719888 -0.0131754 0.00877938 -0.0199758 0.0176532 0.0251684 -0.00102486 0.0110423 
148.667 0.02 -0.00138694 1.13887 0.27126 0.120398 0.0685255 0.0138494 0.0315738 0.0378059 0.00349569 -0.120988 -0.072075 0.0508578 0.0786963 0.0160691 0.0163384 -0.0256825 -0.0331746 0.00755709 -0.0132767 0.00875166 -0.0199404 0.0177844 0.0253621 -0.000913306 0.0110483 
148.657 0.02 -0.00114982 1.13905 0.271206 0.120527 0.0681264 0.0134782 0.0314774 0.0378371 0.00346555 -0.121058 -0.0721637 0.0508711 0.0787221 0.0160198 0.0165823 -0.0257599 -0.0328739 0.00790938 -0.0133697 0.0087287 -0.0199167 0.0179133 0.0255525 -0.000808764 0.0110491 
148.648 0.02 -0.000935635 1.13923 0.271149 0.120652 0.0677465 0.0131115 0.0313746 0.0378756 0.00344142 -0.121131 -0.0722487 0.0508833 0.0787349 0.015964 0.0168299 -0.0258397 -0.0325884 0.00825454 -0.0134552 0.00871032 -0.0199016 0.0180389 0.0257391 -0.00071122 0.0110439 
148.64 0.02 -0.000743425 1.13941 0.271088 0.120774 0.0673848 0.0127504 0.0312665 0.0379211 0.00342354 -0.121203 -0.072329 0.0508937 0.0787319 0.0159019 0.0170806 -0.0259211 -0.0323167 0.00859142 -0.013534 0.00869631 -0.0198922 0.0181607 0.0259215 -0.000620688 0.011032 
148.633 0.02 -0.000572287 1.13957 0.271022 0.120892 0.0670406 0.0123955 0.0311544 0.0379733 0.00341199 -0.121273 -0.0724038 0.0509016 0.0787108 0.0158337 0.017334 -0.0260034 -0.0320577 0.00891896 -0.0136068 0.00868644 -0.0198857 0.0182783 0.0260995 -0.000537188 0.0110129 
148.628 0.02 -0.000421301 1.13973 0.270951 0.121007 0.066713 0.0120475 0.0310395 0.038032 0.00340675 -0.121338 -0.0724726 0.0509065 0.0786698 0.0157597 0.0175899 -0.0260858 -0.0318104 0.00923623 -0.0136748 0.00868044 -0.0198796 0.0183914 0.0262729 -0.000460754 0.0109863 
148.625 0.02 -0.000289605 1.13988 0.270875 0.121117 0.0664013 0.0117071 0.0309231 0.0380969 0.00340768 -0.121399 -0.0725352 0.0509082 0.0786082 0.0156803 0.0178478 -0.0261679 -0.0315739 0.00954243 -0.0137387 0.008678 -0.0198719 0.0185 0.0264417 -0.000391407 0.0109523 
148.623 0.02 -0.000176394 1.14001 0.270794 0.121223 0.0661051 0.0113747 0.0308063 0.038168 0.00341454 -0.121455 -0.0725917 0.0509065 0.0785259 0.0155963 0.0181073 -0.026249 -0.0313476 0.00983696 -0.0137998 0.0086788 -0.019861 0.0186044 0.0266059 -0.000329158 0.010911 
148.624 0.02 -8.08694e-05 1.14014 0.270708 0.121325 0.0658237 0.0110508 0.0306905 0.0382452 0.00342702 -0.121505 -0.0726425 0.0509016 0.0784236 0.0155081 0.0183683 -0.026329 -0.031131 0.0101194 -0.0138591 0.00868248 -0.0198459 0.0187049 0.0267661 -0.000273987 0.0108627 
148.626 0.02 -2.29396e-06 1.14027 0.270618 0.121422 0.065557 0.0107354 0.0305767 0.0383286 0.00344477 -0.121551 -0.0726882 0.0508936 0.0783029 0.0154165 0.0186304 -0.0264075 -0.0309236 0.0103894 -0.0139177 0.00868868 -0.0198257 0.018802 0.0269224 -0.000225841 0.010808 
148.63 0.02 6.00199e-05 1.14038 0.270525 0.121515 0.0653045 0.0104289 0.030466 0.0384182 0.00346739 -0.121592 -0.0727296 0.0508832 0.0781657 0.0153222 0.0188933 -0.0264845 -0.0307255 0.0106468 -0.0139766 0.00869701 -0.0198004 0.0188965 0.0270757 -0.000184626 0.0107474 
148.634 0.02 0.000106746 1.14049 0.27043 0.121604 0.0650662 0.0101311 0.0303592 0.038514 0.00349444 -0.121631 -0.0727677 0.0508707 0.0780145 0.0152261 0.0191568 -0.02656 -0.0305365 0.0108919 -0.0140367 0.00870708 -0.0197701 0.0189891 0.0272263 -0.000150221 0.0106815 
148.641 0.02 0.000138549 1.14059 0.270333 0.121688 0.0648418 0.00984193 0.0302572 0.0386163 0.00352547 -0.121669 -0.0728037 0.0508567 0.0778518 0.0151288 0.0194205 -0.0266338 -0.0303566 0.0111246 -0.014099 0.00871849 -0.0197352 0.0190806 0.027375 -0.000122463 0.0106113 
148.648 0.02 0.000156093 1.1407 0.270237 0.121767 0.0646312 0.00956108 0.0301605 0.038725 0.00356002 -0.121706 -0.0728383 0.0508419 0.0776803 0.0150311 0.0196843 -0.0267061 -0.0301858 0.0113454 -0.0141642 0.00873086 -0.0196964 0.0191717 0.0275223 -0.000101164 0.0105373 
148.656 0.02 0.000160028 1.1408 0.270141 0.121843 0.0644341 0.00928822 0.0300695 0.0388402 0.00359763 -0.121744 -0.0728726 0.0508268 0.0775026 0.0149336 0.0199478 -0.0267769 -0.0300241 0.0115545 -0.0142326 0.00874382 -0.0196545 0.0192633 0.0276688 -8.61101e-05 0.0104603 
148.664 0.02 0.000151071 1.1409 0.270047 0.121914 0.0642504 0.0090229 0.0299845 0.0389618 0.00363786 -0.121784 -0.0729073 0.0508119 0.0773206 0.0148368 0.0202105 -0.0268462 -0.0298713 0.0117525 -0.0143048 0.00875701 -0.0196104 0.0193558 0.0278149 -7.70628e-05 0.010381 
148.674 0.02 0.000129906 1.14101 0.269955 0.121981 0.0640796 0.00876462 0.0299055 0.0390898 0.00368026 -0.121825 -0.072943 0.0507975 0.0771363 0.0147411 0.0204722 -0.0269139 -0.0297272 0.0119398 -0.0143808 0.00877009 -0.019565 0.0194498 0.0279608 -7.37747e-05 0.0103001 
148.684 0.02 9.72239e-05 1.14111 0.269866 0.122044 0.0639215 0.00851283 0.0298324 0.039224 0.00372439 -0.121869 -0.07298 0.0507839 0.0769508 0.014647 0.0207324 -0.02698 -0.0295914 0.0121169 -0.0144606 0.00878274 -0.0195191 0.0195458 0.0281067 -7.60002e-05 0.0102181 
148.694 0.02 5.37825e-05 1.14122 0.269779 0.122103 0.0637755 0.00826695 0.029765 0.0393642 0.00376988 -0.121914 -0.0730184 0.0507712 0.076765 0.0145546 0.0209906 -0.0270442 -0.0294634 0.0122842 -0.014544 0.00879469 -0.0194735 0.0196439 0.0282526 -8.34622e-05 0.0101355 
148.705 0.02 3.405e-07 1.14133 0.269695 0.122158 0.0636412 0.00802634 0.0297028 0.03951 0.00381634 -0.12196 -0.0730582 0.0507594 0.0765791 0.0144642 0.0212462 -0.0271064 -0.0293427 0.0124423 -0.0146305 0.00880565 -0.019429 0.0197441 0.0283983 -9.5894e-05 0.0100528 
148.716 0.02 -6.23797e-05 1.14144 0.269614 0.122209 0.063518 0.00779042 0.0296456 0.0396612 0.00386343 -0.122006 -0.073099 0.0507485 0.0763932 0.0143757 0.0214988 -0.0271663 -0.0292286 0.0125915 -0.0147198 0.00881537 -0.019386 0.0198467 0.0285436 -0.000113032 0.0099702 
148.728 0.02 -0.000133652 1.14155 0.269535 0.122256 0.0634053 0.00755857 0.0295926 0.0398173 0.00391084 -0.122051 -0.0731405 0.0507382 0.0762068 0.0142893 0.0217479 -0.0272237 -0.0291203 0.0127324 -0.0148112 0.00882363 -0.0193452 0.0199513 0.0286883 -0.000134598 0.00988805 
148.741 0.02 -0.000212726 1.14166 0.269459 0.122299 0.0633025 0.00733021 0.0295434 0.0399779 0.00395831 -0.122093 -0.0731822 0.0507284 0.0760194 0.0142048 0.0219929 -0.0272783 -0.0290172 0.0128652 -0.0149041 0.00883023 -0.0193069 0.0200579 0.0288318 -0.000160312 0.00980653 
148.754 0.02 -0.000298935 1.14176 0.269383 0.122338 0.0632091 0.00710477 0.0294975 0.0401426 0.0040056 -0.122132 -0.0732236 0.0507187 0.0758303 0.0141223 0.0222333 -0.0273298 -0.0289186 0.0129904 -0.0149979 0.00883496 -0.0192715 0.0201662 0.0289738 -0.000189885 0.0097258 
148.767 0.02 -0.000391613 1.14187 0.269309 0.122374 0.0631245 0.00688172 0.0294543 0.0403109 0.00405254 -0.122165 -0.0732641 0.0507091 0.0756388 0.0140416 0.0224685 -0.027378 -0.0288238 0.0131084 -0.015092 0.00883766 -0.0192395 0.020276 0.0291141 -0.000223021 0.00964594 
148.782 0.02 -0.000490124 1.14196 0.269236 0.122406 0.0630482 0.00666058 0.0294134 0.0404825 0.00409898 -0.122192 -0.0733033 0.0506992 0.0754446 0.0139626 0.0226983 -0.0274227 -0.0287323 0.0132195 -0.0151858 0.00883814 -0.019211 0.020387 0.0292522 -0.00025941 0.00956704 
148.797 0.02 -0.000593889 1.14206 0.269163 0.122434 0.0629796 0.00644089 0.0293746 0.040657 0.00414484 -0.122213 -0.0733408 0.0506891 0.075247 0.0138854 0.0229221 -0.0274638 -0.0286435 0.013324 -0.015279 0.00883625 -0.0191865 0.0204991 0.0293881 -0.000298733 0.00948912 
148.813 0.02 -0.000702357 1.14215 0.26909 0.122458 0.0629185 0.00622226 0.0293374 0.0408341 0.00419009 -0.122225 -0.0733763 0.0506785 0.0750462 0.0138099 0.0231397 -0.0275012 -0.0285571 0.0134222 -0.0153712 0.00883182 -0.0191662 0.0206122 0.0295215 -0.000340661 0.0094122 
148.83 0.02 -0.000815021 1.14223 0.269018 0.12248 0.0628645 0.00600434 0.0293019 0.0410134 0.00423474 -0.12223 -0.0734098 0.0506676 0.0748422 0.0137361 0.0233508 -0.0275349 -0.028473 0.0135145 -0.0154622 0.00882471 -0.0191505 0.020726 0.0296525 -0.000384853 0.00933628 
148.847 0.02 -0.000931424 1.14231 0.268946 0.122497 0.0628173 0.00578681 0.0292679 0.0411949 0.00427881 -0.122226 -0.0734412 0.0506565 0.0746354 0.013664 0.0235552 -0.027565 -0.0283911 0.0136011 -0.015552 0.00881476 -0.0191398 0.0208408 0.0297813 -0.000430967 0.00926136 
148.865 0.02 -0.00105115 1.14238 0.268873 0.122512 0.0627767 0.00556944 0.0292357 0.0413782 0.0043224 -0.122215 -0.0734706 0.0506454 0.0744266 0.0135937 0.0237527 -0.0275915 -0.0283112 0.0136823 -0.0156406 0.00880185 -0.0191342 0.0209564 0.0299079 -0.000478652 0.00918741 
148.884 0.02 -0.0011738 1.14245 0.268801 0.122523 0.0627425 0.00535202 0.0292052 0.0415633 0.0043656 -0.122195 -0.0734982 0.0506345 0.0742165 0.0135254 0.0239434 -0.0276147 -0.0282336 0.0137585 -0.0157281 0.00878585 -0.0191343 0.0210729 0.0300328 -0.000527559 0.00911442 
148.903 0.02 -0.00129901 1.14251 0.26873 0.122531 0.0627147 0.00513441 0.0291769 0.0417501 0.00440855 -0.122169 -0.0735244 0.0506242 0.0740061 0.0134591 0.0241272 -0.0276347 -0.0281584 0.0138297 -0.0158148 0.00876663 -0.0191401 0.0211905 0.0301562 -0.000577345 0.00904236 
148.923 0.02 -0.00142643 1.14257 0.268659 0.122537 0.062693 0.00491651 0.0291511 0.0419384 0.00445138 -0.122136 -0.0735493 0.0506146 0.0737962 0.0133949 0.0243042 -0.0276518 -0.0280858 0.0138963 -0.015901 0.00874407 -0.0191518 0.0213094 0.0302786 -0.000627676 0.00897119 
148.943 0.02 -0.00155579 1.14263 0.268589 0.122539 0.0626774 0.00469826 0.0291279 0.0421282 0.00449425 -0.122098 -0.0735734 0.0506062 0.0735881 0.0133331 0.0244743 -0.0276662 -0.0280159 0.0139584 -0.015987 0.00871812 -0.0191698 0.0214297 0.0304003 -0.000678229 0.00890086 
148.963 0.02 -0.00168676 1.14269 0.26852 0.122539 0.0626676 0.00447967 0.029108 0.0423195 0.00453731 -0.122053 -0.0735967 0.0505993 0.0733824 0.0132735 0.0246378 -0.0276782 -0.027949 0.0140162 -0.0160733 0.00868868 -0.0191938 0.0215515 0.0305218 -0.000728698 0.00883134 
148.984 0.02 -0.00181903 1.14274 0.268452 0.122536 0.0626637 0.00426076 0.0290917 0.0425121 0.0045807 -0.122005 -0.0736196 0.0505939 0.0731798 0.0132165 0.0247948 -0.0276878 -0.0278852 0.0140697 -0.0161602 0.00865569 -0.0192239 0.021675 0.0306435 -0.00077879 0.00876255 
149.005 0.02 -0.00195233 1.14279 0.268385 0.122531 0.0626653 0.0040416 0.0290793 0.0427059 0.00462455 -0.121951 -0.0736422 0.0505904 0.0729809 0.0131619 0.0249454 -0.0276953 -0.0278245 0.014119 -0.0162481 0.00861913 -0.0192598 0.0218002 0.0307656 -0.000828235 0.00869443 
149.026 0.02 -0.00208638 1.14285 0.26832 0.122523 0.0626722 0.00382229 0.0290713 0.0429008 0.00466898 -0.121894 -0.0736645 0.0505889 0.0727858 0.0131099 0.0250897 -0.0277009 -0.027767 0.0141642 -0.0163373 0.00857896 -0.0193013 0.0219272 0.0308884 -0.000876786 0.00862693 
149.047 0.02 -0.0022209 1.1429 0.268255 0.122513 0.0626843 0.00360295 0.029068 0.0430966 0.0047141 -0.121833 -0.0736864 0.0505893 0.0725947 0.0130604 0.0252279 -0.0277045 -0.0277127 0.0142051 -0.0164281 0.0085352 -0.0193479 0.0220561 0.0310121 -0.00092421 0.00855996 
149.068 0.02 -0.00235564 1.14295 0.26819 0.122501 0.0627012 0.0033837 0.0290696 0.0432932 0.00475997 -0.121767 -0.0737078 0.0505918 0.0724075 0.0130133 0.0253601 -0.0277064 -0.0276615 0.014242 -0.0165208 0.00848785 -0.0193992 0.0221868 0.0311369 -0.000970296 0.00849347 
