#1 rho_s 
#2 coeffs 
29.397 0.02 0 0 0 0 0.7 0 0 0 0 0 0 0 0 0 0 0 0 0 0 0 0 0 0 0 0 
29.0745 0.02 0.0164286 -0.000408779 -0.000232512 0.000129924 0.699988 -3.18981e-05 -0.00677516 0.00025468 0.00056303 0.000413219 2.40315e-06 0.000264317 0.000162389 6.75774e-05 -0.000136733 9.49185e-05 -0.00883613 9.14799e-05 2.85906e-06 0.000107323 -0.00222843 -0.000300684 -0.000154224 0.000316204 4.03469e-05 
29.8973 0.02 0.0328572 -0.000817559 -0.000465024 0.000259849 0.699977 -6.37962e-05 -0.0135503 0.000509359 0.00112606 0.000826439 4.80629e-06 0.000528634 0.000324778 0.000135155 -0.000273465 0.000189837 -0.0176723 0.00018296 5.71813e-06 0.000214647 -0.00445685 -0.000601367 -0.000308449 0.000632407 8.06938e-05 
30.19 0.02 0.0492857 -0.00122634 -0.000697536 0.000389773 0.699965 -9.56943e-05 -0.0203255 0.000764039 0.00168909 0.00123966 7.20944e-06 0.000792951 0.000487167 0.000202732 -0.000410198 0.000284755 -0.0265084 0.00027444 8.57719e-06 0.00032197 -0.00668528 -0.000902051 -0.000462673 0.000948611 0.000121041 
30.8381 0.02 0.0657143 -0.00163512 -0.000930048 0.000519698 0.699954 -0.000127592 -0.0271006 0.00101872 0.00225212 0.00165288 9.61258e-06 0.00105727 0.000649556 0.00027031 -0.00054693 0.000379674 -0.0353445 0.000365919 1.14363e-05 0.000429293 -0.00891371 -0.00120273 -0.000616897 0.00126481 0.000161388 
31.2828 0.02 0.0821429 -0.0020439 -0.00116256 0.000649622 0.699942 -0.00015949 -0.0338758 0.0012734 0.00281515 0.0020661 1.20157e-05 0.00132159 0.000811945 0.000337887 -0.000683663 0.000474592 -0.0441806 0.000457399 1.42953e-05 0.000536617 -0.0111421 -0.00150342 -0.000771122 0.00158102 0.000201735 
31.9464 0.02 0.0985715 -0.00245268 -0.00139507 0.000779547 0.699931 -0.000191389 -0.040651 0.00152808 0.00337818 0.00247932 1.44189e-05 0.0015859 0.000974334 0.000405465 -0.000820395 0.000569511 -0.0530168 0.000548879 1.71544e-05 0.00064394 -0.0133706 -0.0018041 -0.000925346 0.00189722 0.000242082 
32.7538 0.02 0.115 -0.00286146 -0.00162758 0.000909471 0.699919 -0.000223287 -0.0474261 0.00178276 0.00394121 0.00289254 1.6822e-05 0.00185022 0.00113672 0.000473042 -0.000957128 0.000664429 -0.0618529 0.000640359 2.00135e-05 0.000751264 -0.015599 -0.00210479 -0.00107957 0.00221343 0.000282428 
34.309 0.02 0.131429 -0.00327024 -0.0018601 0.0010394 0.699908 -0.000255185 -0.0542013 0.00203744 0.00450424 0.00330575 1.92252e-05 0.00211454 0.00129911 0.00054062 -0.00109386 0.000759348 -0.070689 0.000731839 2.28725e-05 0.000858587 -0.0178274 -0.00240547 -0.00123379 0.00252963 0.000322775 
35.7667 0.02 0.147857 -0.00367902 -0.00209261 0.00116932 0.699896 -0.000287083 -0.0609764 0.00229212 0.00506727 0.00371897 2.16283e-05 0.00237885 0.0014615 0.000608197 -0.00123059 0.000854266 -0.0795252 0.000823319 2.57316e-05 0.00096591 -0.0200558 -0.00270615 -0.00138802 0.00284583 0.000363122 
36.8554 0.02 0.164286 -0.00408779 -0.00232512 0.00129924 0.699885 -0.000318981 -0.0677516 0.0025468 0.0056303 0.00413219 2.40315e-05 0.00264317 0.00162389 0.000675774 -0.00136733 0.000949185 -0.0883613 0.000914799 2.85906e-05 0.00107323 -0.0222843 -0.00300684 -0.00154224 0.00316204 0.000403469 
39.4186 0.02 0.180714 -0.00449657 -0.00255763 0.00142917 0.699873 -0.000350879 -0.0745268 0.00280148 0.00619333 0.00454541 2.64346e-05 0.00290749 0.00178628 0.000743352 -0.00150406 0.0010441 -0.0971974 0.00100628 3.14497e-05 0.00118056 -0.0245127 -0.00330752 -0.00169647 0.00347824 0.000443816 
41.0862 0.02 0.197143 -0.00490535 -0.00279015 0.00155909 0.699861 -0.000382777 -0.0813019 0.00305616 0.00675636 0.00495863 2.88377e-05 0.0031718 0.00194867 0.000810929 -0.00164079 0.00113902 -0.106034 0.00109776 3.43088e-05 0.00128788 -0.0267411 -0.0036082 -0.00185069 0.00379444 0.000484163 
42.3007 0.02 0.213571 -0.00531413 -0.00302266 0.00168902 0.69985 -0.000414675 -0.0880771 0.00331083 0.00731939 0.00537185 3.12409e-05 0.00343612 0.00211106 0.000878507 -0.00177752 0.00123394 -0.11487 0.00118924 3.71678e-05 0.0013952 -0.0289696 -0.00390889 -0.00200492 0.00411065 0.00052451 
44.4866 0.02 0.23 -0.00572291 -0.00325517 0.00181894 0.699838 -0.000446573 -0.0948522 0.00356551 0.00788242 0.00578507 3.3644e-05 0.00370044 0.00227345 0.000946084 -0.00191426 0.00132886 -0.123706 0.00128072 4.00269e-05 0.00150253 -0.031198 -0.00420957 -0.00215914 0.00442685 0.000564857 
45.9376 0.02 0.246429 -0.00613169 -0.00348768 0.00194887 0.699827 -0.000478471 -0.101627 0.00382019 0.00844545 0.00619829 3.60472e-05 0.00396476 0.00243583 0.00101366 -0.00205099 0.00142378 -0.132542 0.0013722 4.2886e-05 0.00160985 -0.0334264 -0.00451026 -0.00231336 0.00474306 0.000605204 
48.5306 0.02 0.262857 -0.00654047 -0.00372019 0.00207879 0.699815 -0.000510369 -0.108403 0.00407487 0.00900848 0.00661151 3.84503e-05 0.00422907 0.00259822 0.00108124 -0.00218772 0.0015187 -0.141378 0.00146368 4.5745e-05 0.00171717 -0.0356548 -0.00481094 -0.00246759 0.00505926 0.000645551 
49.4254 0.02 0.279286 -0.00694925 -0.00395271 0.00220872 0.699804 -0.000542268 -0.115178 0.00432955 0.00957151 0.00702473 4.08535e-05 0.00449339 0.00276061 0.00114882 -0.00232445 0.00161361 -0.150214 0.00155516 4.86041e-05 0.0018245 -0.0378833 -0.00511162 -0.00262181 0.00537546 0.000685898 
53.0963 0.02 0.295714 -0.00735803 -0.00418522 0.00233864 0.699792 -0.000574166 -0.121953 0.00458423 0.0101345 0.00743795 4.32566e-05 0.00475771 0.002923 0.00121639 -0.00246119 0.00170853 -0.15905 0.00164664 5.14632e-05 0.00193182 -0.0401117 -0.00541231 -0.00277604 0.00569167 0.000726245 
52.8765 0.02 0.312143 -0.00776681 -0.00441773 0.00246856 0.699781 -0.000606064 -0.128728 0.00483891 0.0106976 0.00785117 4.56598e-05 0.00502202 0.00308539 0.00128397 -0.00259792 0.00180345 -0.167886 0.00173812 5.43222e-05 0.00203914 -0.0423401 -0.00571299 -0.00293026 0.00600787 0.000766592 
54.0181 0.02 0.328572 -0.00817559 -0.00465024 0.00259849 0.699769 -0.000637962 -0.135503 0.00509359 0.0112606 0.00826439 4.80629e-05 0.00528634 0.00324778 0.00135155 -0.00273465 0.00189837 -0.176723 0.0018296 5.71813e-05 0.00214647 -0.0445685 -0.00601367 -0.00308449 0.00632407 0.000806938 
56.3894 0.02 0.345 -0.00858437 -0.00488275 0.00272841 0.699758 -0.00066986 -0.142278 0.00534827 0.0118236 0.00867761 5.04661e-05 0.00555066 0.00341017 0.00141913 -0.00287138 0.00199329 -0.185559 0.00192108 6.00404e-05 0.00225379 -0.046797 -0.00631436 -0.00323871 0.00664028 0.000847285 
56.3351 0.02 0.361429 -0.00899315 -0.00511527 0.00285834 0.699746 -0.000701758 -0.149054 0.00560295 0.0123867 0.00909083 5.28692e-05 0.00581498 0.00357256 0.0014867 -0.00300812 0.00208821 -0.194395 0.00201256 6.28994e-05 0.00236111 -0.0490254 -0.00661504 -0.00339294 0.00695648 0.000887632 
55.3827 0.02 0.377857 -0.00940193 -0.00534778 0.00298826 0.699734 -0.000733656 -0.155829 0.00585763 0.0129497 0.00950405 5.52724e-05 0.00607929 0.00373495 0.00155428 -0.00314485 0.00218313 -0.203231 0.00210404 6.57585e-05 0.00246844 -0.0512538 -0.00691573 -0.00354716 0.00727268 0.000927979 
56.8688 0.02 0.394286 -0.00981071 -0.00558029 0.00311819 0.699723 -0.000765554 -0.162604 0.00611231 0.0135127 0.00991726 5.76755e-05 0.00634361 0.00389734 0.00162186 -0.00328158 0.00227804 -0.212067 0.00219552 6.86175e-05 0.00257576 -0.0534823 -0.00721641 -0.00370138 0.00758889 0.000968326 
58.1072 0.02 0.410714 -0.0102195 -0.0058128 0.00324811 0.699711 -0.000797452 -0.169379 0.00636699 0.0140758 0.0103305 6.00786e-05 0.00660793 0.00405972 0.00168944 -0.00341831 0.00237296 -0.220903 0.002287 7.14766e-05 0.00268308 -0.0557107 -0.00751709 -0.00385561 0.00790509 0.00100867 
60.2219 0.02 0.427143 -0.0106283 -0.00604531 0.00337804 0.6997 -0.00082935 -0.176154 0.00662167 0.0146388 0.0107437 6.24818e-05 0.00687224 0.00422211 0.00175701 -0.00355505 0.00246788 -0.229739 0.00237848 7.43357e-05 0.00279041 -0.0579391 -0.00781778 -0.00400983 0.0082213 0.00104902 
58.8257 0.02 0.443572 -0.011037 -0.00627783 0.00350796 0.699688 -0.000861248 -0.182929 0.00687635 0.0152018 0.0111569 6.48849e-05 0.00713656 0.0043845 0.00182459 -0.00369178 0.0025628 -0.238575 0.00246996 7.71947e-05 0.00289773 -0.0601675 -0.00811846 -0.00416406 0.0085375 0.00108937 
59.2757 0.02 0.46 -0.0114458 -0.00651034 0.00363788 0.699677 -0.000893147 -0.189704 0.00713103 0.0157648 0.0115701 6.72881e-05 0.00740088 0.00454689 0.00189217 -0.00382851 0.00265772 -0.247412 0.00256144 8.00538e-05 0.00300505 -0.062396 -0.00841914 -0.00431828 0.0088537 0.00112971 
61.0851 0.02 0.476429 -0.0118546 -0.00674285 0.00376781 0.699665 -0.000925045 -0.19648 0.00738571 0.0163279 0.0119834 6.96912e-05 0.00766519 0.00470928 0.00195975 -0.00396524 0.00275264 -0.256248 0.00265292 8.29129e-05 0.00311238 -0.0646244 -0.00871983 -0.00447251 0.00916991 0.00117006 
60.1866 0.02 0.492857 -0.0122634 -0.00697536 0.00389773 0.699654 -0.000956943 -0.203255 0.00764039 0.0168909 0.0123966 7.20944e-05 0.00792951 0.00487167 0.00202732 -0.00410198 0.00284755 -0.265084 0.0027444 8.57719e-05 0.0032197 -0.0668528 -0.00902051 -0.00462673 0.00948611 0.00121041 
63.8664 0.02 0.509286 -0.0126722 -0.00720788 0.00402766 0.699642 -0.000988841 -0.21003 0.00789507 0.0174539 0.0128098 7.44975e-05 0.00819383 0.00503406 0.0020949 -0.00423871 0.00294247 -0.27392 0.00283588 8.8631e-05 0.00332702 -0.0690813 -0.0093212 -0.00478095 0.00980231 0.00125075 
63.7603 0.02 0.525714 -0.0130809 -0.00744039 0.00415758 0.699631 -0.00102074 -0.216805 0.00814975 0.018017 0.013223 7.69007e-05 0.00845815 0.00519645 0.00216248 -0.00437544 0.00303739 -0.282756 0.00292736 9.14901e-05 0.00343435 -0.0713097 -0.00962188 -0.00493518 0.0101185 0.0012911 
67.2096 0.02 0.542143 -0.0134897 -0.0076729 0.00428751 0.699619 -0.00105264 -0.22358 0.00840443 0.01858 0.0136362 7.93038e-05 0.00872246 0.00535884 0.00223006 -0.00451217 0.00313231 -0.291592 0.00301884 9.43491e-05 0.00354167 -0.0735381 -0.00992256 -0.0050894 0.0104347 0.00133145 
69.158 0.02 0.558572 -0.0138985 -0.00790541 0.00441743 0.699607 -0.00108454 -0.230355 0.00865911 0.019143 0.0140495 8.1707e-05 0.00898678 0.00552123 0.00229763 -0.00464891 0.00322723 -0.300428 0.00311032 9.72082e-05 0.00364899 -0.0757665 -0.0102232 -0.00524363 0.0107509 0.0013718 
70.7772 0.02 0.575 -0.0143073 -0.00813792 0.00454736 0.699596 -0.00111643 -0.237131 0.00891379 0.0197061 0.0144627 8.41101e-05 0.0092511 0.00568361 0.00236521 -0.00478564 0.00332215 -0.309265 0.0032018 0.000100067 0.00375632 -0.077995 -0.0105239 -0.00539785 0.0110671 0.00141214 
71.7352 0.02 0.591429 -0.0147161 -0.00837044 0.00467728 0.699584 -0.00114833 -0.243906 0.00916847 0.0202691 0.0148759 8.65132e-05 0.00951541 0.005846 0.00243279 -0.00492237 0.00341707 -0.318101 0.00329328 0.000102926 0.00386364 -0.0802234 -0.0108246 -0.00555208 0.0113833 0.00145249 
78.2221 0.02 0.607857 -0.0151248 -0.00860295 0.0048072 0.699573 -0.00118023 -0.250681 0.00942315 0.0208321 0.0152891 8.89164e-05 0.00977973 0.00600839 0.00250037 -0.0050591 0.00351198 -0.326937 0.00338476 0.000105785 0.00397096 -0.0824518 -0.0111253 -0.0057063 0.0116995 0.00149284 
