#1 rho_s 
#2 coeffs 
alpha 0.02
92.8966 0.02 0 0 0 0 0.9 0 0 0 0 0 0 0 0 0 0 0 0 0 0 0 0 0 0 0 0 
94.5488 0.02 0.0167351 -0.000916292 1.856e-05 -0.000721278 0.899994 -0.000137508 -0.00347772 0.000190021 0.00033066 0.000860749 -5.51427e-07 0.000346413 -3.91501e-05 4.68288e-05 3.34535e-05 -0.000594711 -0.00917724 0.000100392 -2.46399e-06 1.80341e-05 -0.00456479 -3.3398e-05 -1.26248e-05 0.000166148 -3.27257e-05 
93.4464 0.02 0.0334701 -0.00183258 3.71201e-05 -0.00144256 0.899988 -0.000275016 -0.00695544 0.000380041 0.000661319 0.0017215 -1.10285e-06 0.000692825 -7.83003e-05 9.36575e-05 6.69071e-05 -0.00118942 -0.0183545 0.000200784 -4.92797e-06 3.60682e-05 -0.00912958 -6.67959e-05 -2.52497e-05 0.000332297 -6.54514e-05 
94.8393 0.02 0.0502052 -0.00274888 5.56801e-05 -0.00216383 0.899983 -0.000412524 -0.0104332 0.000570062 0.000991979 0.00258225 -1.65428e-06 0.00103924 -0.00011745 0.000140486 0.000100361 -0.00178413 -0.0275317 0.000301177 -7.39196e-06 5.41023e-05 -0.0136944 -0.000100194 -3.78745e-05 0.000498445 -9.8177e-05 
93.0492 0.02 0.0669402 -0.00366517 7.42401e-05 -0.00288511 0.899977 -0.000550032 -0.0139109 0.000760082 0.00132264 0.003443 -2.20571e-06 0.00138565 -0.000156601 0.000187315 0.000133814 -0.00237884 -0.036709 0.000401569 -9.85595e-06 7.21364e-05 -0.0182592 -0.000133592 -5.04994e-05 0.000664593 -0.000130903 
96.071 0.02 0.0836753 -0.00458146 9.28001e-05 -0.00360639 0.899971 -0.000687539 -0.0173886 0.000950103 0.0016533 0.00430375 -2.75713e-06 0.00173206 -0.000195751 0.000234144 0.000167268 -0.00297355 -0.0458862 0.000501961 -1.23199e-05 9.01705e-05 -0.0228239 -0.00016699 -6.31242e-05 0.000830742 -0.000163628 
95.5023 0.02 0.10041 -0.00549775 0.00011136 -0.00432767 0.899965 -0.000825047 -0.0208663 0.00114012 0.00198396 0.00516449 -3.30856e-06 0.00207848 -0.000234901 0.000280973 0.000200721 -0.00356826 -0.0550635 0.000602353 -1.47839e-05 0.000108205 -0.0273887 -0.000200388 -7.57491e-05 0.00099689 -0.000196354 
94.6534 0.02 0.117145 -0.00641405 0.00012992 -0.00504894 0.89996 -0.000962555 -0.024344 0.00133014 0.00231462 0.00602524 -3.85999e-06 0.00242489 -0.000274051 0.000327801 0.000234175 -0.00416297 -0.0642407 0.000702746 -1.72479e-05 0.000126239 -0.0319535 -0.000233786 -8.83739e-05 0.00116304 -0.00022908 
96.1302 0.02 0.13388 -0.00733034 0.00014848 -0.00577022 0.899954 -0.00110006 -0.0278217 0.00152016 0.00264528 0.00688599 -4.41142e-06 0.0027713 -0.000313201 0.00037463 0.000267628 -0.00475769 -0.073418 0.000803138 -1.97119e-05 0.000144273 -0.0365183 -0.000267184 -0.000100999 0.00132919 -0.000261805 
94.5093 0.02 0.150615 -0.00824663 0.00016704 -0.0064915 0.899948 -0.00123757 -0.0312995 0.00171019 0.00297594 0.00774674 -4.96284e-06 0.00311771 -0.000352351 0.000421459 0.000301082 -0.0053524 -0.0825952 0.00090353 -2.21759e-05 0.000162307 -0.0410831 -0.000300582 -0.000113624 0.00149533 -0.000294531 
94.5664 0.02 0.167351 -0.00916292 0.0001856 -0.00721278 0.899942 -0.00137508 -0.0347772 0.00190021 0.0033066 0.00860749 -5.51427e-06 0.00346413 -0.000391501 0.000468288 0.000334535 -0.00594711 -0.0917724 0.00100392 -2.46399e-05 0.000180341 -0.0456479 -0.00033398 -0.000126248 0.00166148 -0.000327257 
95.5169 0.02 0.184086 -0.0100792 0.00020416 -0.00793406 0.899937 -0.00151259 -0.0382549 0.00209023 0.00363726 0.00946824 -6.0657e-06 0.00381054 -0.000430651 0.000515116 0.000367989 -0.00654182 -0.10095 0.00110431 -2.71039e-05 0.000198375 -0.0502127 -0.000367377 -0.000138873 0.00182763 -0.000359983 
94.6321 0.02 0.200821 -0.0109955 0.00022272 -0.00865533 0.899931 -0.00165009 -0.0417326 0.00228025 0.00396792 0.010329 -6.61712e-06 0.00415695 -0.000469802 0.000561945 0.000401442 -0.00713653 -0.110127 0.00120471 -2.95678e-05 0.000216409 -0.0547775 -0.000400775 -0.000151498 0.00199378 -0.000392708 
92.8001 0.02 0.217556 -0.0119118 0.00024128 -0.00937661 0.899925 -0.0017876 -0.0452103 0.00247027 0.00429857 0.0111897 -7.16855e-06 0.00450336 -0.000508952 0.000608774 0.000434896 -0.00773124 -0.119304 0.0013051 -3.20318e-05 0.000234443 -0.0593422 -0.000434173 -0.000164123 0.00215993 -0.000425434 
89.4722 0.02 0.234291 -0.0128281 0.00025984 -0.0100979 0.899919 -0.00192511 -0.0486881 0.00266029 0.00462923 0.0120505 -7.71998e-06 0.00484978 -0.000548102 0.000655603 0.000468349 -0.00832595 -0.128481 0.00140549 -3.44958e-05 0.000252477 -0.063907 -0.000467571 -0.000176748 0.00232608 -0.00045816 
88.2616 0.02 0.251026 -0.0137444 0.0002784 -0.0108192 0.899914 -0.00206262 -0.0521658 0.00285031 0.00495989 0.0129112 -8.2714e-06 0.00519619 -0.000587252 0.000702431 0.000501803 -0.00892066 -0.137659 0.00150588 -3.69598e-05 0.000270512 -0.0684718 -0.000500969 -0.000189373 0.00249222 -0.000490885 
