#1 rho_s 
#2 coeffs 
int deriv = 7;
257.494 -57.9172 0.02 0.00323427 -0.0036511 -0.00328862 1.86859 -0.0151025 0.00869677 0.0392888 0.0208651 -0.00974756 0.00951588 -0.0155885 -0.0462425 0.0253224 0.320578 -0.000565778 0.393577 -0.0193007 -0.00627945 -0.0216111 0.0228098 0.046964 0.00675911 -0.0132726 0.017624 -0.0106915 
256.765 -98.8022 0.02 0.00323427 -0.0036511 -0.00328862 1.86859 -0.0151025 0.00869677 0.0392888 0.0308651 -0.00974756 0.00951588 -0.0155885 -0.0462425 0.0253224 0.320578 -0.000565778 0.393577 -0.0193007 -0.00627945 -0.0216111 0.0228098 0.046964 0.00675911 -0.0132726 0.017624 -0.0106915 
255.617 -141.126 0.02 0.00323427 -0.0036511 -0.00328862 1.86859 -0.0151025 0.00869677 0.0392888 0.0408651 -0.00974756 0.00951588 -0.0155885 -0.0462425 0.0253224 0.320578 -0.000565778 0.393577 -0.0193007 -0.00627945 -0.0216111 0.0228098 0.046964 0.00675911 -0.0132726 0.017624 -0.0106915 
254.034 -185.054 0.02 0.00323427 -0.0036511 -0.00328862 1.86859 -0.0151025 0.00869677 0.0392888 0.0508651 -0.00974756 0.00951588 -0.0155885 -0.0462425 0.0253224 0.320578 -0.000565778 0.393577 -0.0193007 -0.00627945 -0.0216111 0.0228098 0.046964 0.00675911 -0.0132726 0.017624 -0.0106915 
252 -230.254 0.02 0.00323427 -0.0036511 -0.00328862 1.86859 -0.0151025 0.00869677 0.0392888 0.0608651 -0.00974756 0.00951588 -0.0155885 -0.0462425 0.0253224 0.320578 -0.000565778 0.393577 -0.0193007 -0.00627945 -0.0216111 0.0228098 0.046964 0.00675911 -0.0132726 0.017624 -0.0106915 
249.507 -275.863 0.02 0.00323427 -0.0036511 -0.00328862 1.86859 -0.0151025 0.00869677 0.0392888 0.0708651 -0.00974756 0.00951588 -0.0155885 -0.0462425 0.0253224 0.320578 -0.000565778 0.393577 -0.0193007 -0.00627945 -0.0216111 0.0228098 0.046964 0.00675911 -0.0132726 0.017624 -0.0106915 
246.552 -320.552 0.02 0.00323427 -0.0036511 -0.00328862 1.86859 -0.0151025 0.00869677 0.0392888 0.0808651 -0.00974756 0.00951588 -0.0155885 -0.0462425 0.0253224 0.320578 -0.000565778 0.393577 -0.0193007 -0.00627945 -0.0216111 0.0228098 0.046964 0.00675911 -0.0132726 0.017624 -0.0106915 
243.158 -362.59 0.02 0.00323427 -0.0036511 -0.00328862 1.86859 -0.0151025 0.00869677 0.0392888 0.0908651 -0.00974756 0.00951588 -0.0155885 -0.0462425 0.0253224 0.320578 -0.000565778 0.393577 -0.0193007 -0.00627945 -0.0216111 0.0228098 0.046964 0.00675911 -0.0132726 0.017624 -0.0106915 
239.357 -400.131 0.02 0.00323427 -0.0036511 -0.00328862 1.86859 -0.0151025 0.00869677 0.0392888 0.100865 -0.00974756 0.00951588 -0.0155885 -0.0462425 0.0253224 0.320578 -0.000565778 0.393577 -0.0193007 -0.00627945 -0.0216111 0.0228098 0.046964 0.00675911 -0.0132726 0.017624 -0.0106915 
235.201 -431.443 0.02 0.00323427 -0.0036511 -0.00328862 1.86859 -0.0151025 0.00869677 0.0392888 0.110865 -0.00974756 0.00951588 -0.0155885 -0.0462425 0.0253224 0.320578 -0.000565778 0.393577 -0.0193007 -0.00627945 -0.0216111 0.0228098 0.046964 0.00675911 -0.0132726 0.017624 -0.0106915 
230.764 -455.114 0.02 0.00323427 -0.0036511 -0.00328862 1.86859 -0.0151025 0.00869677 0.0392888 0.120865 -0.00974756 0.00951588 -0.0155885 -0.0462425 0.0253224 0.320578 -0.000565778 0.393577 -0.0193007 -0.00627945 -0.0216111 0.0228098 0.046964 0.00675911 -0.0132726 0.017624 -0.0106915 
226.123 -470.318 0.02 0.00323427 -0.0036511 -0.00328862 1.86859 -0.0151025 0.00869677 0.0392888 0.130865 -0.00974756 0.00951588 -0.0155885 -0.0462425 0.0253224 0.320578 -0.000565778 0.393577 -0.0193007 -0.00627945 -0.0216111 0.0228098 0.046964 0.00675911 -0.0132726 0.017624 -0.0106915 
221.361 -476.839 0.02 0.00323427 -0.0036511 -0.00328862 1.86859 -0.0151025 0.00869677 0.0392888 0.140865 -0.00974756 0.00951588 -0.0155885 -0.0462425 0.0253224 0.320578 -0.000565778 0.393577 -0.0193007 -0.00627945 -0.0216111 0.0228098 0.046964 0.00675911 -0.0132726 0.017624 -0.0106915 
216.567 -475.13 0.02 0.00323427 -0.0036511 -0.00328862 1.86859 -0.0151025 0.00869677 0.0392888 0.150865 -0.00974756 0.00951588 -0.0155885 -0.0462425 0.0253224 0.320578 -0.000565778 0.393577 -0.0193007 -0.00627945 -0.0216111 0.0228098 0.046964 0.00675911 -0.0132726 0.017624 -0.0106915 
211.819 -466.155 0.02 0.00323427 -0.0036511 -0.00328862 1.86859 -0.0151025 0.00869677 0.0392888 0.160865 -0.00974756 0.00951588 -0.0155885 -0.0462425 0.0253224 0.320578 -0.000565778 0.393577 -0.0193007 -0.00627945 -0.0216111 0.0228098 0.046964 0.00675911 -0.0132726 0.017624 -0.0106915 
207.182 -451.229 0.02 0.00323427 -0.0036511 -0.00328862 1.86859 -0.0151025 0.00869677 0.0392888 0.170865 -0.00974756 0.00951588 -0.0155885 -0.0462425 0.0253224 0.320578 -0.000565778 0.393577 -0.0193007 -0.00627945 -0.0216111 0.0228098 0.046964 0.00675911 -0.0132726 0.017624 -0.0106915 
202.708 -431.89 0.02 0.00323427 -0.0036511 -0.00328862 1.86859 -0.0151025 0.00869677 0.0392888 0.180865 -0.00974756 0.00951588 -0.0155885 -0.0462425 0.0253224 0.320578 -0.000565778 0.393577 -0.0193007 -0.00627945 -0.0216111 0.0228098 0.046964 0.00675911 -0.0132726 0.017624 -0.0106915 
198.431 -409.696 0.02 0.00323427 -0.0036511 -0.00328862 1.86859 -0.0151025 0.00869677 0.0392888 0.190865 -0.00974756 0.00951588 -0.0155885 -0.0462425 0.0253224 0.320578 -0.000565778 0.393577 -0.0193007 -0.00627945 -0.0216111 0.0228098 0.046964 0.00675911 -0.0132726 0.017624 -0.0106915 
194.377 -386.169 0.02 0.00323427 -0.0036511 -0.00328862 1.86859 -0.0151025 0.00869677 0.0392888 0.200865 -0.00974756 0.00951588 -0.0155885 -0.0462425 0.0253224 0.320578 -0.000565778 0.393577 -0.0193007 -0.00627945 -0.0216111 0.0228098 0.046964 0.00675911 -0.0132726 0.017624 -0.0106915 
190.549 -362.678 0.02 0.00323427 -0.0036511 -0.00328862 1.86859 -0.0151025 0.00869677 0.0392888 0.210865 -0.00974756 0.00951588 -0.0155885 -0.0462425 0.0253224 0.320578 -0.000565778 0.393577 -0.0193007 -0.00627945 -0.0216111 0.0228098 0.046964 0.00675911 -0.0132726 0.017624 -0.0106915 
step:0.01
rho_limit:8039.87
d_min:20
