#1 rho_s 
#2 coeffs 
3.48365 0.1 1.1 0 0 0 0 0 0 0 0 0 0 0 0 0 0 0 
0.0132454 0.1 3.66183 0 0.00236947 0 0.00499471 0.0158697 0.0017299 0.0110312 0.00298676 0.00100332 0 0.00231158 0 0.00042999 0.00154294 0 
1.31003 0.1 2.92918 0 0.000237284 0 0.000500971 0.00163322 0.000173529 0.00112533 0.000300287 0.000100513 0 0.000232123 0 4.30323e-05 0.000154723 0 
0.0209905 0.1 2.05747 0 4.0817e-05 0 8.61884e-05 0.000281667 2.98548e-05 0.000193912 5.16737e-05 1.72907e-05 0 3.99394e-05 0 7.40187e-06 2.66184e-05 0 
0.206757 0.1 1.28222 0 4.0818e-06 0 8.61929e-06 2.8181e-05 2.98564e-06 1.9398e-05 5.16785e-06 1.72912e-06 0 3.99422e-06 0 7.40197e-07 2.66197e-06 0 
30.5236 0.1 1.12898 0 5.83868e-07 0 1.23292e-06 4.03124e-06 4.27072e-07 2.77481e-06 7.39222e-07 2.47337e-07 0 5.71343e-07 0 1.05879e-07 3.80774e-07 0 
0.905982 0.1 1.21122 0 1.14438e-06 0 0 0 0 5.61306e-06 0 0 0 7.6222e-07 9.66331e-07 7.6491e-08 5.38281e-07 1.12139e-06 
80.891 0.1 1.13765 0 6.40089e-07 0 0 3.13808e-06 0 3.05949e-06 0 1.51787e-07 0 5.90488e-07 9.69248e-08 1.02931e-07 3.96572e-07 1.12478e-07 
8.80423 0.1 1.16254 0 0 0 4.50733e-05 2.853e-06 4.30709e-06 0 0 1.98903e-07 4.98796e-08 6.49985e-07 2.72323e-07 6.37564e-08 5.85046e-07 0 
86.3793 0.1 1.14017 0 5.50301e-07 0 4.50751e-06 3.10958e-06 4.30713e-07 2.72997e-06 0 1.56498e-07 4.98796e-09 5.96438e-07 1.14465e-07 9.90138e-08 4.15419e-07 9.93037e-08 
86.7062 0.1 1.13973 0 5.23578e-07 0 3.4386e-06 3.27794e-06 7.4745e-07 3.46341e-06 2.56236e-07 1.59365e-07 2.3664e-09 5.94458e-07 1.16549e-07 1.00047e-07 4.20894e-07 1.00177e-07 
86.5081 0.1 1.14039 0 5.20165e-07 1.71941e-08 5.14094e-06 1.68628e-06 3.33705e-06 0 3.98938e-06 1.60171e-07 0 6.11007e-07 1.37999e-07 8.9248e-08 3.90629e-07 1.01172e-07 
86.6998 0.1 1.13983 0 5.23069e-07 2.5672e-09 3.69277e-06 3.04029e-06 1.1341e-06 2.62613e-06 8.13628e-07 1.59485e-07 1.78904e-09 5.96929e-07 1.19751e-07 9.84347e-08 4.16375e-07 1.00326e-07 
86.7087 0.1 1.13976 0 5.23418e-07 8.08941e-10 3.51869e-06 3.20305e-06 8.69285e-07 3.19958e-06 4.31874e-07 1.59403e-07 2.18447e-09 5.95236e-07 1.17558e-07 9.95389e-08 4.1947e-07 1.00224e-07 
86.4569 0.1 1.14013 1.64173e-08 5.12921e-07 3.68769e-10 1.23787e-05 2.86892e-06 0 3.09978e-06 0 1.62116e-07 3.51644e-09 5.82346e-07 1.34576e-07 1.05145e-07 4.2163e-07 1.00934e-07 
86.7039 0.1 1.1398 1.64173e-09 5.22368e-07 7.64924e-10 4.4047e-06 3.16964e-06 7.61367e-07 3.1896e-06 2.71447e-07 1.59674e-07 2.31767e-09 5.93947e-07 1.1926e-07 1.001e-07 4.19686e-07 1.00295e-07 
86.709 0.1 1.13977 3.58892e-10 5.23188e-07 7.99319e-10 3.71238e-06 3.19575e-06 8.45694e-07 3.1974e-06 3.96804e-07 1.59462e-07 2.21359e-09 5.94954e-07 1.1793e-07 9.96615e-08 4.19517e-07 1.00239e-07 
86.7103 0.1 1.13976 2.89055e-10 5.23164e-07 1.15921e-09 3.90937e-06 3.18583e-06 8.55887e-07 3.11208e-06 3.83549e-07 1.59427e-07 2.2545e-09 5.94926e-07 1.17975e-07 9.95726e-08 4.19452e-07 1.00236e-07 
