#1 rho_s 
#2 coeffs 
Epsilon: -8.51618 + 7.59123i
1.48716 17 0.05 0 1 0 0 0 0 0 0 0 0 0 0 0 0 0 0 0.00165734 1.69946 -0.00105453 0.00107299 0.000547331 -0.000796871 -0.00296552 0.00162828 0.000392513 -0.207676 0.000125846 0.16006 -0.00383865 0.00148724 0.000261055 0.000757427 
3.09734 17 0.05 0 2 -0.00420043 0.00427364 0 0 0 0 0 -0.150034 0.000125814 0.123083 -0.00380946 0.00148283 0.000260919 0.000756282 0.0398749 9.80263 -0.0112469 0.0830924 -0.00202291 -0.00839736 0.0605101 -0.0410043 0.00468322 5.65184 0.0375137 -4.08872 -0.105064 0.0271149 0.00102554 0.0900541 
3.33226 17 0.05 0 2 -0.322338 0.941967 0 0 0 0 0 0.725502 0.225326 -0.732279 -0.394224 0.18309 0.0103112 0.36488 0.0814235 -2.49005 3.7404 0.798732 0.107648 0.230963 -0.164852 0.135638 -0.0330952 -1.21527 -2.56445 -0.214839 -1.03266 -1.96676 -1.79491 -3.58294 
3.97146 17 0.05 0 0.717633 1.06799 1.86624 0 0 0 0 0 0.310132 -0.31546 -0.886106 -0.781684 -0.314115 -0.471555 -0.228251 -0.0963151 -0.856684 1.84349 0.547728 0.0329248 -0.0192939 0.142328 0.108867 -0.0694303 -0.692002 0.365407 -1.93086 -0.566222 -0.0981661 -0.145192 -0.253449 
2.26043 17 0.05 0 0.29746 1.72316 2 0 0 0 0 0 0.201971 -0.252421 -1 -0.873465 -0.332695 -0.498566 -0.273638 -0.972921 0.795733 -1.42259 -1.19162 -0.0100646 -0.911536 -0.0187317 0.994862 -0.780109 0.764657 -0.278611 2.19233 1.27036 -0.610823 0.533157 0.625216 
3.25886 17 0.05 0 0.627624 1.24452 1.92565 0 0 0 0 0 0.290959 -0.305152 -0.936276 -0.79748 -0.316926 -0.475702 -0.235445 -0.161319 1.41587 -2.09975 -0.245883 0.100952 -0.146745 0.192946 0.0184032 0.0639591 0.525463 -1.25014 1.83772 -0.293762 -0.0735611 0.387058 -0.139215 
3.88632 17 0.05 0 0.700208 1.10476 1.87746 0 0 0 0 0 0.306576 -0.313576 -0.895903 -0.784597 -0.314622 -0.472305 -0.229559 0.218476 -0.927524 2.57276 0.651257 0.162508 -0.431766 -0.170411 0.371047 -0.0309479 -0.781324 0.169117 -2.55016 -1.24738 -0.166716 -0.236492 -0.83059 
3.72563 17 0.05 0 0.713148 1.07759 1.86912 0 0 0 0 0 0.309224 -0.31498 -0.888632 -0.782427 -0.314244 -0.471746 -0.228583 0.230465 -0.72339 2.13172 0.726489 -0.0662685 -0.0769483 0.197392 -0.0237505 0.00162225 -0.765776 -0.0898432 -1.78653 -1.40076 -0.14658 -0.175923 -0.759006 
3.04604 17 0.05 0 0.717183 1.06895 1.86653 0 0 0 0 0 0.310041 -0.315412 -0.88636 -0.781758 -0.314127 -0.471574 -0.228284 0.287735 -0.84155 1.96937 0.404912 0.0025796 0.25518 0.380918 -0.0602613 -0.126352 -0.911012 0.419236 -1.3694 -0.488688 -0.0927118 -0.0653773 -0.482103 
3.81692 17 0.05 0 0.717588 1.06808 1.86627 0 0 0 0 0 0.310123 -0.315455 -0.886132 -0.781691 -0.314116 -0.471557 -0.228254 0.20248 -0.718834 1.99695 0.490042 -0.0338205 -0.00817365 0.164971 -0.174909 -0.0674178 -0.806692 0.369132 -2.03768 -1.15742 0.0970629 0.221164 -0.397893 
3.86727 17 0.05 0 0.717628 1.068 1.86625 0 0 0 0 0 0.310131 -0.315459 -0.886109 -0.781684 -0.314115 -0.471555 -0.228251 -0.0761503 -0.832709 2.081 0.589062 0.073809 0.068171 -0.276338 -0.0341084 0.0331621 -0.774153 0.679634 -2.19632 -0.696527 0.103666 0.223809 -0.148913 
3.70779 17 0.05 0 0.717632 1.06799 1.86624 0 0 0 0 0 0.310132 -0.31546 -0.886106 -0.781684 -0.314115 -0.471555 -0.228251 -0.456201 -0.822515 2.15313 0.666121 -0.0980694 0.409663 -0.278824 -0.0947318 -0.103768 -0.781723 0.281133 -2.1778 -0.92007 -0.0690225 -0.0356685 -0.338338 
3.6473 17 0.05 0 0.717633 1.06799 1.86624 0 0 0 0 0 0.310132 -0.31546 -0.886106 -0.781684 -0.314115 -0.471555 -0.228251 0.304222 -1.46213 2.80659 0.427701 0.381913 -0.301157 -0.169013 0.0357442 0.00117569 -1.25066 0.699867 -2.24666 -1.58652 -0.253386 -0.0935929 -0.258131 
3.74729 17 0.05 0 0.717633 1.06799 1.86624 0 0 0 0 0 0.310132 -0.31546 -0.886106 -0.781684 -0.314115 -0.471555 -0.228251 -0.179431 -0.857892 1.94025 0.477761 0.0097505 0.17239 -0.269601 -0.133615 -0.111308 -0.689016 0.390364 -2.16229 -1.29664 0.0999816 0.136771 -0.469862 
4.00434 17 0.05 0 0.717633 1.06799 1.86624 0 0 0 0 0 0.310132 -0.31546 -0.886106 -0.781684 -0.314115 -0.471555 -0.228251 0.292679 -1.0757 2.00938 0.497005 -0.01216 -0.384103 0.447249 0.150554 0.0909693 -0.84027 0.636945 -2.04049 -1.10998 0.00913056 0.0310984 -0.262045 
3.5779 17 0.05 0 0.717633 1.06799 1.86624 0 0 0 0 0 0.310132 -0.31546 -0.886106 -0.781684 -0.314115 -0.471555 -0.228251 -0.180236 -0.561194 1.21735 0.518216 -0.0854525 0.0877815 -0.236266 -0.27535 -0.090685 -0.894082 -0.134376 -1.29288 -0.976724 -0.0885514 0.0462389 -0.419708 
3.48305 17 0.05 0 0.717633 1.06799 1.86624 0 0 0 0 0 0.310132 -0.31546 -0.886106 -0.781684 -0.314115 -0.471555 -0.228251 -0.165245 -0.858299 1.87167 0.640877 -0.253137 0.348301 -0.162313 -0.297795 -0.0765964 -0.847985 0.232298 -1.74585 -0.95179 0.185185 0.124128 -0.274157 
3.42315 17 0.05 0 0.717633 1.06799 1.86624 0 0 0 0 0 0.310132 -0.31546 -0.886106 -0.781684 -0.314115 -0.471555 -0.228251 -0.041813 -0.570282 2.09717 0.605877 0.315772 -0.113894 -0.109733 0.147644 0.0630049 -0.777157 0.00187055 -1.86106 -1.11048 -0.0137211 0.0310979 -0.586645 
3.61198 17 0.05 0 0.717633 1.06799 1.86624 0 0 0 0 0 0.310132 -0.31546 -0.886106 -0.781684 -0.314115 -0.471555 -0.228251 -0.211222 -0.952391 2.37218 0.629319 -0.0821178 0.129035 -0.316629 0.0537702 0.0429217 -0.977341 0.520521 -2.08168 -1.12791 -0.16135 0.141787 -0.328061 
2.54323 17 0.05 0 0.717633 1.06799 1.86624 0 0 0 0 0 0.310132 -0.31546 -0.886106 -0.781684 -0.314115 -0.471555 -0.228251 0.0766251 -0.558016 0.864814 0.240463 -0.0904429 -0.434761 -0.134253 0.0974337 -0.409131 -0.836823 0.0192964 -0.955417 -0.668742 0.0177787 0.258049 -0.148939 
3.63217 17 0.05 0 0.717633 1.06799 1.86624 0 0 0 0 0 0.310132 -0.31546 -0.886106 -0.781684 -0.314115 -0.471555 -0.228251 0.0970647 -0.890942 1.84422 0.751336 -0.119743 0.0420901 0.00644923 0.158516 0.0836521 -0.910523 0.21861 -2.11868 -0.986993 0.0349909 -0.00196915 -0.320389 
3.90762 17 0.05 0 0.717633 1.06799 1.86624 0 0 0 0 0 0.310132 -0.31546 -0.886106 -0.781684 -0.314115 -0.471555 -0.228251 0.115464 -1.03012 2.16328 0.641659 0.0712483 -0.14723 -0.0948082 -0.139826 0.147612 -0.881579 0.621387 -2.12479 -0.907149 0.129288 0.204288 -0.196923 
3.85408 17 0.05 0 0.717633 1.06799 1.86624 0 0 0 0 0 0.310132 -0.31546 -0.886106 -0.781684 -0.314115 -0.471555 -0.228251 -0.410444 -0.895895 2.10508 0.59595 -0.0208789 0.262777 -0.26452 -0.0473176 0.0861474 -0.812149 0.588485 -2.32922 -0.414007 0.147639 0.250947 -0.197182 
3.5702 17 0.05 0 0.717633 1.06799 1.86624 0 0 0 0 0 0.310132 -0.31546 -0.886106 -0.781684 -0.314115 -0.471555 -0.228251 -0.127426 -0.836304 2.07038 0.38112 -0.108077 -0.0169834 -0.222309 -0.145106 -0.0145143 -0.744442 0.389692 -1.87402 -0.785221 -0.011826 0.0287996 -0.227072 
4.02239 17 0.05 0 0.717633 1.06799 1.86624 0 0 0 0 0 0.310132 -0.31546 -0.886106 -0.781684 -0.314115 -0.471555 -0.228251 0.322402 -0.63093 1.56366 0.520632 0.00547807 -0.0472562 0.26128 -0.0360401 0.0309082 -0.677292 0.211749 -1.57928 -0.903192 -0.0762022 -0.0844151 -0.411624 
3.15411 17 0.05 0 0.717633 1.06799 1.86624 0 0 0 0 0 0.310132 -0.31546 -0.886106 -0.781684 -0.314115 -0.471555 -0.228251 -0.12071 -0.837791 1.8883 0.636759 0.121069 -0.022774 0.0464952 -0.027652 0.0158823 -1.0252 0.0153735 -1.66969 -1.39838 -0.109691 -0.0380748 -0.513256 
3.83789 17 0.05 0 0.717633 1.06799 1.86624 0 0 0 0 0 0.310132 -0.31546 -0.886106 -0.781684 -0.314115 -0.471555 -0.228251 0.159261 -0.858771 2.10552 0.437186 0.0282313 -0.160323 0.121894 -0.0663435 -0.131285 -0.752688 0.758271 -1.84626 -0.644862 0.183186 0.0652583 -0.296641 
3.61497 17 0.05 0 0.717633 1.06799 1.86624 0 0 0 0 0 0.310132 -0.31546 -0.886106 -0.781684 -0.314115 -0.471555 -0.228251 -0.196982 -0.912557 2.19596 0.878718 0.0729754 0.212541 -0.103827 0.0790426 0.0618764 -0.653865 0.530239 -2.70054 -1.30774 0.040364 -0.119186 -0.730589 
3.831 17 0.05 0 0.717633 1.06799 1.86624 0 0 0 0 0 0.310132 -0.31546 -0.886106 -0.781684 -0.314115 -0.471555 -0.228251 -0.126625 -0.922058 2.33883 0.631673 0.06032 0.0536915 0.28462 0.045755 -0.0136298 -0.94629 0.774381 -2.40188 -0.891611 0.0591991 0.0939292 -0.407708 
3.89006 17 0.05 0 0.717633 1.06799 1.86624 0 0 0 0 0 0.310132 -0.31546 -0.886106 -0.781684 -0.314115 -0.471555 -0.228251 0.194242 -1.06242 2.26468 0.533999 0.222544 -0.350263 0.215757 -0.00903739 0.0155541 -0.879992 0.703266 -2.33162 -0.719512 0.124765 0.141593 -0.173906 
3.16137 17 0.05 0 0.717633 1.06799 1.86624 0 0 0 0 0 0.310132 -0.31546 -0.886106 -0.781684 -0.314115 -0.471555 -0.228251 -0.0921379 -1.05723 2.22517 0.708692 -0.120071 0.0396028 -0.442856 -0.015204 -0.00846868 -0.860427 0.211428 -2.48614 -1.62278 -0.171047 0.0768536 -0.366996 
3.1611 17 0.05 0 0.717633 1.06799 1.86624 0 0 0 0 0 0.310132 -0.31546 -0.886106 -0.781684 -0.314115 -0.471555 -0.228251 -0.301258 -0.829539 2.51501 0.67094 0.0573255 0.387598 -0.30316 -0.212728 0.0697747 -0.892062 0.0156442 -2.46862 -1.64822 -0.331436 -0.170405 -0.717577 
3.82006 17 0.05 0 0.717633 1.06799 1.86624 0 0 0 0 0 0.310132 -0.31546 -0.886106 -0.781684 -0.314115 -0.471555 -0.228251 0.0593147 -1.03993 2.21227 0.672518 0.0760634 -0.177973 -0.0378214 0.133786 -0.0597646 -0.847423 0.680005 -2.20696 -0.700902 0.0904631 0.151674 -0.228936 
3.36972 17 0.05 0 0.717633 1.06799 1.86624 0 0 0 0 0 0.310132 -0.31546 -0.886106 -0.781684 -0.314115 -0.471555 -0.228251 0.193079 -0.641002 1.04412 0.526881 0.594952 -0.196002 -0.174341 0.158283 0.269153 -0.795686 -0.155633 -1.28962 -1.39664 0.0103928 -0.223645 -0.512023 
3.47313 17 0.05 0 0.717633 1.06799 1.86624 0 0 0 0 0 0.310132 -0.31546 -0.886106 -0.781684 -0.314115 -0.471555 -0.228251 -0.0575709 -0.865109 1.77895 0.723807 -0.0434423 0.271222 -0.235277 -0.274296 0.192897 -0.763142 0.13251 -2.24643 -1.44169 0.127742 -0.00916195 -0.400385 
3.94601 17 0.05 0 0.717633 1.06799 1.86624 0 0 0 0 0 0.310132 -0.31546 -0.886106 -0.781684 -0.314115 -0.471555 -0.228251 -0.0765786 -1.11712 2.59193 0.490969 0.047367 -0.148879 -0.124809 0.0514952 0.00967874 -1.02318 0.775922 -2.23037 -0.908222 0.139149 0.235804 -0.128868 
3.52915 17 0.05 0 0.717633 1.06799 1.86624 0 0 0 0 0 0.310132 -0.31546 -0.886106 -0.781684 -0.314115 -0.471555 -0.228251 -0.101349 -0.640783 1.82712 0.443299 0.0393256 0.257759 -0.0712997 0.164395 0.199749 -0.781946 0.105373 -1.65243 -1.07265 0.060671 0.200835 -0.352132 
3.5835 17 0.05 0 0.717633 1.06799 1.86624 0 0 0 0 0 0.310132 -0.31546 -0.886106 -0.781684 -0.314115 -0.471555 -0.228251 -0.112487 -1.15942 2.70658 0.6704 0.0348497 0.356746 -0.115414 -0.0387082 -0.151875 -0.886716 0.649141 -2.61066 -1.21396 -0.054063 0.0446354 -0.459651 
3.82884 17 0.05 0 0.717633 1.06799 1.86624 0 0 0 0 0 0.310132 -0.31546 -0.886106 -0.781684 -0.314115 -0.471555 -0.228251 0.0737638 -0.695058 2.04296 0.410367 0.140016 0.137514 -0.131583 0.0691171 0.131505 -0.801355 0.300752 -1.85484 -0.716503 -0.0939907 0.0416581 -0.411522 
3.70638 17 0.05 0 0.717633 1.06799 1.86624 0 0 0 0 0 0.310132 -0.31546 -0.886106 -0.781684 -0.314115 -0.471555 -0.228251 -0.324312 -0.988928 2.18843 0.615919 0.125985 0.117231 -0.180568 0.0607706 -0.0844228 -1.01585 0.355022 -2.15235 -1.07167 0.0163964 0.100214 -0.32101 
3.81307 17 0.05 0 0.717633 1.06799 1.86624 0 0 0 0 0 0.310132 -0.31546 -0.886106 -0.781684 -0.314115 -0.471555 -0.228251 0.225592 -1.12703 2.40881 0.63884 0.0612193 -0.22038 0.460599 0.092583 0.0900867 -0.869361 0.861466 -2.40668 -0.929272 0.00640266 0.136989 -0.13244 
3.88962 17 0.05 0 0.717633 1.06799 1.86624 0 0 0 0 0 0.310132 -0.31546 -0.886106 -0.781684 -0.314115 -0.471555 -0.228251 -0.254009 -1.07176 2.31527 0.625289 0.0217165 -0.0740896 -0.0231179 0.120141 -0.0848686 -0.886543 1.06074 -2.06773 -0.376243 0.119267 0.306321 -0.121444 
3.89695 17 0.05 0 0.717633 1.06799 1.86624 0 0 0 0 0 0.310132 -0.31546 -0.886106 -0.781684 -0.314115 -0.471555 -0.228251 -0.16202 -0.87996 2.13713 0.40404 0.23232 -0.0639594 -0.257904 -0.0178895 -0.055089 -0.800395 0.509619 -2.08568 -0.949395 0.148777 0.219182 -0.148906 
3.79756 17 0.05 0 0.717633 1.06799 1.86624 0 0 0 0 0 0.310132 -0.31546 -0.886106 -0.781684 -0.314115 -0.471555 -0.228251 0.0549106 -0.811384 1.79061 0.393251 -0.0407107 0.0249402 -0.0387136 -0.163365 -0.0281231 -0.665551 0.373811 -1.61096 -1.11549 0.0424098 0.0821243 -0.15524 
3.91412 17 0.05 0 0.717633 1.06799 1.86624 0 0 0 0 0 0.310132 -0.31546 -0.886106 -0.781684 -0.314115 -0.471555 -0.228251 -0.064547 -0.897894 2.16436 0.595953 -0.097616 -0.0640139 -0.0883997 -0.0530394 -0.0998418 -0.775046 0.611568 -2.25128 -0.945571 0.200138 0.174939 -0.302705 
3.8299 17 0.05 0 0.717633 1.06799 1.86624 0 0 0 0 0 0.310132 -0.31546 -0.886106 -0.781684 -0.314115 -0.471555 -0.228251 -0.227871 -1.07368 2.47553 0.626753 -0.167012 0.110798 -0.317539 -0.200407 0.0174264 -0.955614 0.758933 -2.29004 -0.830684 0.0969193 0.0812576 -0.142233 
3.92209 17 0.05 0 0.717633 1.06799 1.86624 0 0 0 0 0 0.310132 -0.31546 -0.886106 -0.781684 -0.314115 -0.471555 -0.228251 -0.313734 -0.845004 2.01842 0.447009 0.0341584 0.220679 -0.0859569 0.0214275 -0.0269986 -0.712214 0.43116 -1.94481 -0.876888 0.137129 0.282778 -0.287654 
3.94456 17 0.05 0 0.717633 1.06799 1.86624 0 0 0 0 0 0.310132 -0.31546 -0.886106 -0.781684 -0.314115 -0.471555 -0.228251 0.110739 -0.817731 1.87717 0.64174 0.181552 -0.0472998 0.251483 -0.0251959 0.126797 -0.83436 0.683251 -2.10806 -0.85415 0.244769 0.0485275 -0.391607 
3.79973 17 0.05 0 0.717633 1.06799 1.86624 0 0 0 0 0 0.310132 -0.31546 -0.886106 -0.781684 -0.314115 -0.471555 -0.228251 -0.151614 -0.652379 1.56837 0.638183 -0.311906 0.164071 -0.0895633 -0.167436 -0.177381 -0.765092 0.4148 -1.62888 -0.891884 -0.0217675 0.0460229 -0.584926 
3.60043 17 0.05 0 0.717633 1.06799 1.86624 0 0 0 0 0 0.310132 -0.31546 -0.886106 -0.781684 -0.314115 -0.471555 -0.228251 0.0520011 -0.786153 1.95075 0.525485 -0.0215292 -0.12743 0.00104666 0.178333 0.0119996 -0.97643 0.434783 -1.92683 -0.916234 0.0756645 0.252254 -0.462002 
3.51049 17 0.05 0 0.717633 1.06799 1.86624 0 0 0 0 0 0.310132 -0.31546 -0.886106 -0.781684 -0.314115 -0.471555 -0.228251 -0.453497 -0.814338 1.61445 0.54099 0.106618 0.333904 -0.139073 -0.127025 -0.0703513 -0.956402 0.185216 -2.05236 -1.1447 0.114442 0.0330151 -0.583383 
4.04348 17 0.05 0 0.717633 1.06799 1.86624 0 0 0 0 0 0.310132 -0.31546 -0.886106 -0.781684 -0.314115 -0.471555 -0.228251 0.0122736 -0.825724 1.86074 0.450341 -0.0231312 0.0538982 -0.275228 -0.0736577 -0.0253974 -0.747438 0.351639 -1.79225 -1.05855 -0.0420223 -0.0961387 -0.372267 
3.83782 17 0.05 0 0.717633 1.06799 1.86624 0 0 0 0 0 0.310132 -0.31546 -0.886106 -0.781684 -0.314115 -0.471555 -0.228251 0.0138114 -1.00181 2.30879 0.383323 -0.0992772 0.0554369 0.164672 -0.0389726 -0.00550662 -0.828392 0.641974 -2.15006 -0.953329 -0.0364998 0.176214 -0.243551 
3.4124 17 0.05 0 0.717633 1.06799 1.86624 0 0 0 0 0 0.310132 -0.31546 -0.886106 -0.781684 -0.314115 -0.471555 -0.228251 -0.0785651 -1.05547 2.27541 0.698682 -0.0459249 0.175636 -0.419631 -0.270276 -0.0393908 -0.945921 0.560381 -2.3419 -1.55036 -0.12812 -0.0493102 -0.491309 
3.84235 17 0.05 0 0.717633 1.06799 1.86624 0 0 0 0 0 0.310132 -0.31546 -0.886106 -0.781684 -0.314115 -0.471555 -0.228251 0.321635 -0.81518 2.20522 0.483462 0.105382 -0.153754 0.174302 -0.0537726 -0.0797347 -0.721969 0.330608 -2.39647 -0.992963 0.0456016 0.09555 -0.359948 
3.52866 17 0.05 0 0.717633 1.06799 1.86624 0 0 0 0 0 0.310132 -0.31546 -0.886106 -0.781684 -0.314115 -0.471555 -0.228251 -0.146779 -0.845818 2.3264 0.503392 0.00458152 0.31312 -0.212422 -0.140783 -0.00432102 -0.925154 0.339946 -1.93999 -0.98312 -0.0848596 0.0530088 -0.37182 
3.78437 17 0.05 0 0.717633 1.06799 1.86624 0 0 0 0 0 0.310132 -0.31546 -0.886106 -0.781684 -0.314115 -0.471555 -0.228251 0.0123584 -0.732256 1.83691 0.521917 0.0212907 0.0267975 0.129122 -0.121615 -0.00651071 -0.642777 0.385385 -2.24519 -1.0826 0.10614 0.0981005 -0.338626 
2.91649 17 0.05 0 0.717633 1.06799 1.86624 0 0 0 0 0 0.310132 -0.31546 -0.886106 -0.781684 -0.314115 -0.471555 -0.228251 0.478134 -0.568148 1.80983 0.0291097 0.00320365 0.346757 1.17725 -0.00167738 0.217877 -0.571716 0.46488 -1.13775 -0.331077 -0.159976 0.225297 -0.0959294 
3.83219 17 0.05 0 0.717633 1.06799 1.86624 0 0 0 0 0 0.310132 -0.31546 -0.886106 -0.781684 -0.314115 -0.471555 -0.228251 0.105464 -0.864875 2.10808 0.532183 -0.0935858 -0.0136188 -0.112579 -0.055411 0.0661192 -0.890726 0.679467 -2.3925 -0.863272 0.188284 0.3665 -0.182894 
3.93141 17 0.05 0 0.717633 1.06799 1.86624 0 0 0 0 0 0.310132 -0.31546 -0.886106 -0.781684 -0.314115 -0.471555 -0.228251 -0.219044 -1.01071 2.20514 0.515878 -0.0470067 0.0837674 -0.166274 -0.0262549 -0.103697 -0.983577 0.697088 -2.13306 -0.699936 -0.0316393 0.275189 -0.16758 
3.55634 17 0.05 0 0.717633 1.06799 1.86624 0 0 0 0 0 0.310132 -0.31546 -0.886106 -0.781684 -0.314115 -0.471555 -0.228251 -0.168973 -0.943214 1.85964 0.508863 0.0919713 0.259423 -0.192014 -0.0126013 0.0879592 -0.850229 0.1603 -2.03115 -1.189 -0.179086 -0.0203243 -0.341053 
3.84409 17 0.05 0 0.717633 1.06799 1.86624 0 0 0 0 0 0.310132 -0.31546 -0.886106 -0.781684 -0.314115 -0.471555 -0.228251 -0.348345 -0.846926 2.21831 0.390363 -0.161924 0.222169 -0.309478 -0.0370822 -0.173968 -0.956458 0.433193 -1.96324 -0.976307 -0.0526827 0.0497815 -0.316935 
3.73799 17 0.05 0 0.717633 1.06799 1.86624 0 0 0 0 0 0.310132 -0.31546 -0.886106 -0.781684 -0.314115 -0.471555 -0.228251 -0.427479 -0.700304 1.71458 0.426114 -0.233889 0.388079 -0.267776 -0.0602692 -0.162498 -0.639849 0.0835113 -1.66928 -0.844216 -0.100611 -0.190355 -0.491084 
3.89257 17 0.05 0 0.717633 1.06799 1.86624 0 0 0 0 0 0.310132 -0.31546 -0.886106 -0.781684 -0.314115 -0.471555 -0.228251 0.00283241 -0.935372 2.18525 0.675532 -0.0824969 0.132965 0.00790579 -0.152986 -0.143397 -0.67963 0.614632 -2.21939 -0.26618 0.112993 0.0420727 -0.11696 
3.47439 17 0.05 0 0.717633 1.06799 1.86624 0 0 0 0 0 0.310132 -0.31546 -0.886106 -0.781684 -0.314115 -0.471555 -0.228251 -0.00376244 -1.20189 2.75303 0.82729 0.201258 -0.574916 -0.166629 0.193354 -0.0764952 -0.894405 1.02021 -2.64617 -0.869099 0.169523 0.105934 -0.466591 
