#1 rho_s 
#2 coeffs 
old mesh

double lambda_0 = 400;                          // wavelength in unit of nm
const unsigned int num_coeffs = 5*5+1;           // number of coefficients
double k_0 = 2*pi/lambda_0;                     // wavenumber in unit of 1/nm
cdouble Chi = 0;                                // chi = epsilon-1
double d_min = 20;                             // minimum distance in unit of nm
int min_mesh = 2000;
int max_mesh = 6000;
double resolution = 20.0;                        // resolution, larger the finer, default 1
x0[2] = 1.1;
  //x0[0] = 0.0;
  //x0[8] = 1.0;
  double rhos = myfunc(x0,grad0);
  double ng = 0;
  double step = rhos/100;
  
85.624 0.02 0 0 1.1 0 0 0 0 0 0 0 0 0 0 0 0 0 0 0 0 0 0 0 0 0 0 
85.5992 0.02 -4.34123e-06 2.45948e-06 1.10064 8.34388e-06 1.0352e-06 -2.90054e-07 4.14001e-06 -5.80141e-06 1.14027e-05 8.30411e-06 1.38826e-06 -2.29442e-06 0.000150299 -7.94304e-06 2.15638e-06 -1.76124e-05 -3.67539e-06 2.93704e-06 -5.2464e-07 1.93673e-07 -4.5746e-06 1.13711e-05 -1.03476e-05 1.92619e-07 5.26759e-06 
88.9479 0.02 -8.68246e-06 4.91896e-06 1.10129 1.66878e-05 2.0704e-06 -5.80109e-07 8.28002e-06 -1.16028e-05 2.28053e-05 1.66082e-05 2.77653e-06 -4.58884e-06 0.000300598 -1.58861e-05 4.31277e-06 -3.52248e-05 -7.35079e-06 5.87408e-06 -1.04928e-06 3.87346e-07 -9.14919e-06 2.27423e-05 -2.06953e-05 3.85238e-07 1.05352e-05 
89.5006 0.02 -1.30237e-05 7.37844e-06 1.10193 2.50316e-05 3.1056e-06 -8.70163e-07 1.242e-05 -1.74042e-05 3.4208e-05 2.49123e-05 4.16479e-06 -6.88326e-06 0.000450896 -2.38291e-05 6.46915e-06 -5.28372e-05 -1.10262e-05 8.81111e-06 -1.57392e-06 5.8102e-07 -1.37238e-05 3.41134e-05 -3.10429e-05 5.77858e-07 1.58028e-05 
90.9407 0.02 -1.73649e-05 9.83792e-06 1.10257 3.33755e-05 4.1408e-06 -1.16022e-06 1.656e-05 -2.32056e-05 4.56106e-05 3.32164e-05 5.55305e-06 -9.17768e-06 0.000601195 -3.17722e-05 8.62554e-06 -7.04497e-05 -1.47016e-05 1.17482e-05 -2.09856e-06 7.74693e-07 -1.82984e-05 4.54846e-05 -4.13906e-05 7.70477e-07 2.10704e-05 
90.7155 0.02 -2.17062e-05 1.22974e-05 1.10321 4.17194e-05 5.176e-06 -1.45027e-06 2.07001e-05 -2.9007e-05 5.70133e-05 4.15206e-05 6.94131e-06 -1.14721e-05 0.000751494 -3.97152e-05 1.07819e-05 -8.80621e-05 -1.8377e-05 1.46852e-05 -2.6232e-06 9.68366e-07 -2.2873e-05 5.68557e-05 -5.17382e-05 9.63096e-07 2.6338e-05 
93.143 0.02 -2.60474e-05 1.47569e-05 1.10386 5.00633e-05 6.2112e-06 -1.74033e-06 2.48401e-05 -3.48084e-05 6.84159e-05 4.98247e-05 8.32958e-06 -1.37665e-05 0.000901793 -4.76582e-05 1.29383e-05 -0.000105674 -2.20524e-05 1.76222e-05 -3.14784e-06 1.16204e-06 -2.74476e-05 6.82269e-05 -6.20858e-05 1.15572e-06 3.16055e-05 
94.158 0.02 -3.03886e-05 1.72164e-05 1.1045 5.84072e-05 7.2464e-06 -2.03038e-06 2.89801e-05 -4.06098e-05 7.98186e-05 5.81288e-05 9.71784e-06 -1.60609e-05 0.00105209 -5.56013e-05 1.50947e-05 -0.000123287 -2.57278e-05 2.05593e-05 -3.67248e-06 1.35571e-06 -3.20222e-05 7.9598e-05 -7.24335e-05 1.34833e-06 3.68731e-05 
95.3142 0.02 -3.47299e-05 1.96758e-05 1.10514 6.6751e-05 8.2816e-06 -2.32044e-06 3.31201e-05 -4.64112e-05 9.12212e-05 6.64329e-05 1.11061e-05 -1.83554e-05 0.00120239 -6.35443e-05 1.72511e-05 -0.000140899 -2.94032e-05 2.34963e-05 -4.19712e-06 1.54939e-06 -3.65968e-05 9.09692e-05 -8.27811e-05 1.54095e-06 4.21407e-05 
94.0208 0.02 -3.90711e-05 2.21353e-05 1.10578 7.50949e-05 9.3168e-06 -2.61049e-06 3.72601e-05 -5.22126e-05 0.000102624 7.4737e-05 1.24944e-05 -2.06498e-05 0.00135269 -7.14873e-05 1.94075e-05 -0.000158512 -3.30785e-05 2.64333e-05 -4.72176e-06 1.74306e-06 -4.11714e-05 0.00010234 -9.31287e-05 1.73357e-06 4.74083e-05 
95.7572 0.02 -4.34123e-05 2.45948e-05 1.10643 8.34388e-05 1.0352e-05 -2.90054e-06 4.14001e-05 -5.80141e-05 0.000114027 8.30411e-05 1.38826e-05 -2.29442e-05 0.00150299 -7.94304e-05 2.15638e-05 -0.000176124 -3.67539e-05 2.93704e-05 -5.2464e-06 1.93673e-06 -4.5746e-05 0.000113711 -0.000103476 1.92619e-06 5.26759e-05 
95.1304 0.02 -4.77536e-05 2.70543e-05 1.10707 9.17827e-05 1.13872e-05 -3.1906e-06 4.55401e-05 -6.38155e-05 0.000125429 9.13452e-05 1.52709e-05 -2.52386e-05 0.00165329 -8.73734e-05 2.37202e-05 -0.000193737 -4.04293e-05 3.23074e-05 -5.77104e-06 2.13041e-06 -5.03205e-05 0.000125083 -0.000113824 2.11881e-06 5.79435e-05 
97.8382 0.02 -5.20948e-05 2.95138e-05 1.10771 0.000100127 1.24224e-05 -3.48065e-06 4.96801e-05 -6.96169e-05 0.000136832 9.96493e-05 1.66592e-05 -2.7533e-05 0.00180359 -9.53165e-05 2.58766e-05 -0.000211349 -4.41047e-05 3.52445e-05 -6.29568e-06 2.32408e-06 -5.48951e-05 0.000136454 -0.000124172 2.31143e-06 6.32111e-05 
98.3143 0.02 -5.6436e-05 3.19732e-05 1.10835 0.00010847 1.34576e-05 -3.77071e-06 5.38202e-05 -7.54183e-05 0.000148234 0.000107953 1.80474e-05 -2.98274e-05 0.00195388 -0.00010326 2.8033e-05 -0.000228961 -4.77801e-05 3.81815e-05 -6.82032e-06 2.51775e-06 -5.94697e-05 0.000147825 -0.000134519 2.50405e-06 6.84787e-05 
98.8024 0.02 -6.07772e-05 3.44327e-05 1.109 0.000116814 1.44928e-05 -4.06076e-06 5.79602e-05 -8.12197e-05 0.000159637 0.000116258 1.94357e-05 -3.21219e-05 0.00210418 -0.000111203 3.01894e-05 -0.000246574 -5.14555e-05 4.11185e-05 -7.34496e-06 2.71143e-06 -6.40443e-05 0.000159196 -0.000144867 2.69667e-06 7.37463e-05 
100.139 0.02 -6.51185e-05 3.68922e-05 1.10964 0.000125158 1.5528e-05 -4.35082e-06 6.21002e-05 -8.70211e-05 0.00017104 0.000124562 2.08239e-05 -3.44163e-05 0.00225448 -0.000119146 3.23458e-05 -0.000264186 -5.51309e-05 4.40556e-05 -7.8696e-06 2.9051e-06 -6.86189e-05 0.000170567 -0.000155215 2.88929e-06 7.90139e-05 
102.038 0.02 -6.94597e-05 3.93517e-05 1.11028 0.000133502 1.65632e-05 -4.64087e-06 6.62402e-05 -9.28225e-05 0.000182442 0.000132866 2.22122e-05 -3.67107e-05 0.00240478 -0.000127089 3.45022e-05 -0.000281799 -5.88063e-05 4.69926e-05 -8.39424e-06 3.09877e-06 -7.31935e-05 0.000181938 -0.000165562 3.08191e-06 8.42815e-05 
101.341 0.02 -7.38009e-05 4.18112e-05 1.11092 0.000141846 1.75984e-05 -4.93092e-06 7.03802e-05 -9.86239e-05 0.000193845 0.00014117 2.36005e-05 -3.90051e-05 0.00255508 -0.000135032 3.66585e-05 -0.000299411 -6.24817e-05 4.99296e-05 -8.91888e-06 3.29245e-06 -7.77681e-05 0.00019331 -0.00017591 3.27453e-06 8.9549e-05 
101.448 0.02 -7.81422e-05 4.42707e-05 1.11157 0.00015019 1.86336e-05 -5.22098e-06 7.45202e-05 -0.000104425 0.000205248 0.000149474 2.49887e-05 -4.12995e-05 0.00270538 -0.000142975 3.88149e-05 -0.000317023 -6.61571e-05 5.28667e-05 -9.44352e-06 3.48612e-06 -8.23427e-05 0.000204681 -0.000186257 3.46715e-06 9.48166e-05 
102.132 0.02 -8.24834e-05 4.67301e-05 1.11221 0.000158534 1.96688e-05 -5.51103e-06 7.86602e-05 -0.000110227 0.00021665 0.000157778 2.6377e-05 -4.3594e-05 0.00285568 -0.000150918 4.09713e-05 -0.000334636 -6.98325e-05 5.58037e-05 -9.96816e-06 3.67979e-06 -8.69173e-05 0.000216052 -0.000196605 3.65976e-06 0.000100084 
103.957 0.02 -8.68246e-05 4.91896e-05 1.11285 0.000166878 2.0704e-05 -5.80109e-06 8.28002e-05 -0.000116028 0.000228053 0.000166082 2.77653e-05 -4.58884e-05 0.00300598 -0.000158861 4.31277e-05 -0.000352248 -7.35079e-05 5.87408e-05 -1.04928e-05 3.87346e-06 -9.14919e-05 0.000227423 -0.000206953 3.85238e-06 0.000105352 
ng:1.67959e+06
step:0.85624
rho_limit:1225.19
d_min:20
