#1 rho_s 
#2 coeffs 
Epsilon: -8.51618 + 7.59123i
1.48862 17 0.05 0 1 0 0 0 0 0 0 0 0 0 0 0 0 0 0 -0.000495205 1.69785 0.00119814 -0.00141757 0.00165691 -0.000353349 -0.0018874 0.000843342 -0.000702072 -0.210072 0.0005806 0.162097 0.000527431 -0.00108397 0.000501875 -0.00217578 
3.09383 17 0.05 0 2 0.00476972 -0.00563834 0 0 0 0 0 -0.15131 0.000579927 0.124304 0.000526876 -0.00108163 0.000501372 -0.00216636 -0.0272412 9.68374 0.065049 -0.0680193 0.0352935 -0.00723523 0.0188059 0.0226127 0.0117301 5.61136 0.136947 -4.02961 -0.141103 0.0650069 0.0170104 -0.230559 
4.56397 17 0.05 0 2 0.858889 -0.875062 0 0 0 0 0 0.723809 0.436431 -0.730085 -0.440442 0.308654 0.129538 -0.525663 -0.690033 -2.9305 -0.439496 3.66333 -0.113536 0.495819 -0.87689 1.16172 -0.333039 -1.94309 0.527678 0.986337 3.99848 2.06181 -1.51747 -0.874884 
4.80219 17 0.05 0 0.664892 0.128647 0.517578 0 0 0 0 0 0.223603 0.717501 -0.345326 0.173548 0.818708 -0.328981 -0.889989 0.00109816 -3.49332 -0.483227 3.73523 0.0375295 -0.118164 -0.0215519 -0.0577313 0.0214246 -2.46049 -3.33799 -0.755242 -4.24273 -2.63118 -1.06126 -4.42481 
5.12689 17 0.05 0 -0.193822 -0.143587 1.39923 0 0 0 0 0 -0.0330078 0.412884 -0.457639 -0.170728 0.551826 -0.475033 -1 0.213388 -0.437952 0.528151 0.577526 0.0899416 -0.144628 0.0600063 -0.00548319 -0.0686195 0.737246 4.02 -1.04707 0.0297555 0.630693 -1.00032 -0.918835 
4.82566 17 0.05 0 -0.280091 -0.0412857 1.51009 0 0 0 0 0 0.00378187 0.567435 -0.508386 -0.169133 0.583625 -0.523724 -1 0.262975 3.43183 -2.92748 1.53545 -0.097845 -0.0135095 0.0829361 0.00478615 0.108063 1.83988 2.27912 1.88623 -2.1629 -0.251046 -3.19487 -0.930261 
5.18797 17 0.05 0 -0.220812 -0.111215 1.43452 0 0 0 0 0 -0.0216006 0.469522 -0.473688 -0.170258 0.561616 -0.490387 -1 -0.0507477 2.48936 -0.732605 -0.423496 -0.0768529 -0.102749 -0.123233 0.0156665 0.0315802 0.46299 0.246717 2.57218 -4.79009 -3.84491 -2.50485 -0.557766 
5.54442 17 0.05 0 -0.14209 -0.135709 1.42021 0 0 0 0 0 -0.0176653 0.471627 -0.452572 -0.208237 0.530683 -0.510972 -1 0.0308364 0.780165 2.07628 4.06896 0.096731 0.0668432 -0.132286 -0.0205703 -0.124796 1.52073 6.0128 -2.9852 -2.70395 1.07088 -1.74159 -2.92653 
3.78416 17 0.05 0 -0.0310456 0.103831 1.79011 0 0 0 0 0 0.0366502 0.833488 -0.54651 -0.295273 0.57065 -0.571907 -1 -0.121929 0.872191 1.60451 0.0828282 -0.0400166 0.152307 -0.216583 -0.276809 -0.145635 0.0590686 0.554264 -0.133304 -1.9844 1.56944 -1.24662 0.737823 
6.01271 17 0.05 0 -0.111958 -0.0606871 1.5544 0 0 0 0 0 -0.00296596 0.610876 -0.480338 -0.233568 0.541162 -0.527706 -1 0.102694 2.79098 -7.10703 -1.66508 0.0609722 0.0968541 -0.0804532 -0.0801864 -0.128823 0.584084 0.91714 4.6821 0.44688 -2.57027 -3.55621 -1.05239 
6.05277 17 0.05 0 -0.0521735 -0.196204 1.51751 0 0 0 0 0 0.000414272 0.626225 -0.454928 -0.230976 0.526754 -0.547338 -1 -0.0635701 0.63776 5.87439 2.28315 0.0259564 -0.0399836 0.0438798 -0.0175419 0.0498118 2.86767 6.95717 -4.71851 -0.545225 5.63551 0.398511 0.185308 
6.60281 17 0.05 0 -0.0457725 -0.141279 1.5399 0 0 0 0 0 0.00752909 0.673961 -0.466485 -0.232352 0.540471 -0.546332 -0.998624 -0.344951 -0.250359 0.225792 -1.02685 -0.0835599 -0.119627 -0.0816991 -0.20487 -0.0270775 0.969814 2.56138 -0.939117 2.06879 0.237034 1.04343 -0.0373642 
6.45055 17 0.05 0 -0.0578929 -0.109577 1.41205 0 0 0 0 0 0.0401958 0.87662 -0.498193 -0.168026 0.548941 -0.511384 -0.999982 0.61395 -0.696235 -0.691027 -8.94933 0.310558 0.611674 -0.0569452 0.180264 -0.284642 -1.86142 -7.0849 2.21878 -1.2044 -9.03065 4.03613 3.77749 
6.72612 17 0.05 0 -0.0499772 -0.130187 1.49167 0 0 0 0 0 0.019264 0.757133 -0.477859 -0.208072 0.5434 -0.533732 -0.999089 0.60253 -0.852449 -0.10627 -5.27709 0.238351 0.0105315 0.27211 0.282629 -0.25749 -0.740155 -3.18143 1.42533 1.38506 -4.23123 2.73249 1.81978 
6.16281 17 0.05 0 -0.05967 -0.133794 1.34235 0 0 0 0 0 0.0130497 0.685219 -0.466052 -0.196589 0.510142 -0.511655 -0.984129 -0.0728486 1.64059 10.7338 -3.27822 -0.0433582 0.0824151 -0.217101 -0.0536297 0.0710833 0.536944 -2.06667 -2.4217 -5.16449 -0.526982 2.22418 3.44705 
6.71115 17 0.05 0 -0.0528146 -0.131231 1.44273 0 0 0 0 0 0.0174513 0.734843 -0.474382 -0.204692 0.533243 -0.527117 -0.99466 -0.311232 -0.907268 -3.54295 5.31191 0.0319716 -0.0246879 -0.0874362 -0.159037 -0.177588 1.21977 5.58485 -2.14408 2.50166 4.59808 -1.89638 -4.45923 
6.84111 17 0.05 0 -0.0511965 -0.130635 1.47 0 0 0 0 0 0.0184856 0.747416 -0.476362 -0.206617 0.53899 -0.530873 -0.99718 -0.297643 -1.02525 -1.90196 -1.18221 -0.122798 -0.163104 -0.0834985 -0.254153 -0.0158383 0.197026 0.569232 -0.0511628 2.32323 -0.548395 1.04043 -0.440319 
6.57221 17 0.05 0 -0.0582529 -0.167485 1.44656 0 0 0 0 0 0.0214571 0.772075 -0.477137 -0.19509 0.536186 -0.525598 -1 0.532481 -0.506899 7.09184 -2.1934 -0.214551 -0.241959 0.736584 0.350634 0.226355 0.571003 -2.00748 -2.77167 -0.973626 0.666834 3.50013 1.70309 
6.87347 17 0.05 0 -0.0523385 -0.136815 1.46615 0 0 0 0 0 0.0189606 0.751433 -0.476486 -0.204722 0.53854 -0.530022 -0.99824 -0.0424217 -0.752171 -0.364384 -1.43432 0.0531949 0.164259 -0.144981 0.0550963 0.173443 0.194912 0.313911 -0.247588 1.88165 -0.343225 1.28437 -0.0883165 
6.93426 17 0.05 0 -0.0640993 -0.142597 1.40414 0 0 0 0 0 0.025658 0.782532 -0.484968 -0.183777 0.534528 -0.515457 -0.999281 -0.0386069 -0.361377 -0.395543 4.46903 -0.0169166 0.203302 0.00865683 -0.0883215 -0.0593627 1.28233 4.64996 -2.64456 1.62895 4.22681 -0.668758 -3.351 
6.05689 17 0.05 0 -0.068077 -0.146947 1.52599 0 0 0 0 0 0.0549572 1 -0.542532 -0.170955 0.566029 -0.520835 -1 -0.0453898 -1.65533 -4.63444 -8.59286 0.162628 0.313812 -0.262721 -0.126663 -0.152139 -1.33511 -4.61501 2.3357 1.25589 -9.86232 4.04459 2.66139 
6.34119 17 0.05 0 -0.0651084 -0.143701 1.43911 0 0 0 0 0 0.0333105 0.859132 -0.500542 -0.180458 0.543013 -0.516827 -1 0.046666 -0.722642 2.26365 -7.32125 0.0289218 0.142508 0.115971 0.240041 0.175074 -1.33237 -6.27711 1.06202 -1.28733 -6.21214 3.91949 3.05294 
6.9576 17 0.05 0 -0.0643211 -0.14284 1.41212 0 0 0 0 0 0.0273536 0.800342 -0.488454 -0.183043 0.536425 -0.515758 -1 0.00820068 -0.605337 1.37124 -0.391918 -0.0947303 0.114403 0.0579386 -0.0300292 0.210105 0.325452 -0.172405 -1.26107 0.446535 0.268963 1.3106 -0.406822 
6.95209 17 0.05 0 -0.0645204 -0.142389 1.41174 0 0 0 0 0 0.027585 0.799982 -0.48935 -0.182935 0.53649 -0.515442 -1 -0.0456556 -0.375627 1.38345 -0.0233803 0.0459181 0.0397486 0.0868496 0.135702 -0.00973033 0.453952 0.178173 -1.70511 0.160062 0.405254 1.26594 -0.346572 
6.96243 17 0.05 0 -0.0643504 -0.142774 1.41206 0 0 0 0 0 0.0273876 0.800289 -0.488586 -0.183027 0.536435 -0.515712 -1 0.114297 -0.309526 1.45202 -0.592065 0.0684257 0.347725 -0.077579 0.0799138 -0.0916487 0.334815 -0.0710796 -1.16308 -0.0118434 -0.0534715 1.21574 -0.274534 
6.88691 17 0.05 0 -0.064566 -0.141764 1.41085 0 0 0 0 0 0.027891 0.799975 -0.490332 -0.183033 0.536407 -0.51509 -1 0.407937 -0.33416 1.11684 0.112834 -0.084603 0.0208078 -0.0166356 0.272001 0.262614 0.325063 0.289181 -1.37042 0.390049 0.712651 1.44245 -0.640631 
6.99655 17 0.05 0 -0.064372 -0.142672 1.41194 0 0 0 0 0 0.027438 0.800257 -0.488761 -0.183028 0.536432 -0.51565 -1 0.133961 0.127631 0.79679 -0.64439 -0.0415297 -0.2506 0.198002 0.212943 -0.205519 0.265567 0.355212 -0.765147 -0.0837946 -0.474737 0.622218 -0.411692 
6.9192 17 0.05 0 -0.0642439 -0.142401 1.41005 0 0 0 0 0 0.028013 0.801026 -0.490416 -0.183049 0.536082 -0.515191 -1 -0.330935 -0.314859 1.35302 0.148666 -0.0673563 -0.347633 0.207625 0.236039 0.158953 0.320871 0.626423 -1.44777 0.260354 0.692317 1.22741 -0.672673 
6.79342 17 0.05 0 -0.0643592 -0.142645 1.41175 0 0 0 0 0 0.0274955 0.800334 -0.488927 -0.18303 0.536397 -0.515604 -1 -0.433476 -0.090379 1.58419 0.361891 -0.326247 -0.45435 0.140294 -0.253427 0.0836712 0.635344 0.707441 -1.54449 0.0167706 0.896043 0.981594 -0.65522 
6.94496 17 0.05 0 -0.0643707 -0.14267 1.41192 0 0 0 0 0 0.0274438 0.800265 -0.488778 -0.183028 0.536428 -0.515645 -1 -0.409283 -0.184532 1.71388 -0.131196 0.1708 0.359864 -0.610478 -0.511115 -0.247264 0.480598 0.307449 -1.32821 0.194876 0.274488 1.22764 -0.313728 
6.95188 17 0.05 0 -0.0643718 -0.142672 1.41194 0 0 0 0 0 0.0274386 0.800258 -0.488763 -0.183028 0.536431 -0.515649 -1 -0.154147 -0.469907 0.965822 -0.577316 -0.197493 -0.476211 0.227771 0.0319606 0.0620708 0.320542 -0.101427 -1.17524 0.032829 -0.252443 1.36471 -0.411641 
6.94315 17 0.05 0 -0.064372 -0.142672 1.41194 0 0 0 0 0 0.0274381 0.800257 -0.488761 -0.183028 0.536432 -0.51565 -1 0.505361 -0.26868 2.02539 -0.0905379 -0.115016 -0.266529 0.402818 0.347374 0.0720021 0.474351 0.365782 -1.42097 0.329026 0.538926 1.16326 -0.374905 
6.86971 17 0.05 0 -0.064372 -0.142672 1.41194 0 0 0 0 0 0.027438 0.800257 -0.488761 -0.183028 0.536432 -0.51565 -1 -0.389918 0.0357169 2.14846 0.0495291 -0.30527 -0.247479 0.113714 -0.0680952 0.0429612 0.721734 0.667251 -1.34506 -0.263702 0.705105 0.760633 -0.269121 
6.95805 17 0.05 0 -0.064372 -0.142672 1.41194 0 0 0 0 0 0.027438 0.800257 -0.488761 -0.183028 0.536432 -0.51565 -1 -0.0899763 -0.14723 1.64043 -0.298625 -0.108738 -0.0125536 -0.106436 -0.0889051 0.0460926 0.56042 0.384715 -1.43438 0.034835 0.315666 1.19695 -0.42332 
6.96407 17 0.05 0 -0.064372 -0.142672 1.41194 0 0 0 0 0 0.027438 0.800257 -0.488761 -0.183028 0.536432 -0.51565 -1 0.856714 -0.165053 2.28263 0.0770392 0.109718 -0.0454031 0.633003 0.547768 -0.00474431 0.479765 0.407796 -1.46872 -0.13262 0.807291 1.19494 -0.195368 
7.03519 17 0.05 0 -0.064372 -0.142672 1.41194 0 0 0 0 0 0.027438 0.800257 -0.488761 -0.183028 0.536432 -0.51565 -1 -0.357899 0.0791324 2.20502 0.0180679 -0.104388 -0.148362 -0.279319 -0.255974 0.0778891 0.616889 0.722608 -1.35958 -0.347898 0.880404 0.773313 -0.417575 
7.00957 17 0.05 0 -0.064372 -0.142672 1.41194 0 0 0 0 0 0.027438 0.800257 -0.488761 -0.183028 0.536432 -0.51565 -1 0.351297 -0.558567 1.88658 -0.160698 -0.140439 -0.039482 0.0709909 -0.132711 0.0135705 0.432457 -0.0924336 -1.9658 0.271321 0.619043 1.64286 -0.283972 
6.95165 17 0.05 0 -0.064372 -0.142672 1.41194 0 0 0 0 0 0.027438 0.800257 -0.488761 -0.183028 0.536432 -0.51565 -1 0.64832 -0.631534 1.695 -0.206977 -0.00855205 -0.135054 0.558581 0.258987 0.0906062 0.305647 -0.00511977 -1.51389 0.644094 0.553236 1.48962 -0.558442 
7.01081 17 0.05 0 -0.064372 -0.142672 1.41194 0 0 0 0 0 0.027438 0.800257 -0.488761 -0.183028 0.536432 -0.51565 -1 -0.354959 -0.109818 2.14521 -0.112941 -0.0962267 -0.161312 0.0761217 -0.0792817 0.152801 0.611714 0.305512 -1.32326 -0.161648 0.651871 1.18768 -0.366319 
7.03985 17 0.05 0 -0.064372 -0.142672 1.41194 0 0 0 0 0 0.027438 0.800257 -0.488761 -0.183028 0.536432 -0.51565 -1 -0.368838 0.718623 2.2077 0.166116 0.0497512 -0.149854 0.198394 0.0915461 0.0789657 0.866937 1.04249 -1.13418 -1.00707 0.653332 0.187644 -0.0871692 
6.9295 17 0.05 0 -0.064372 -0.142672 1.41194 0 0 0 0 0 0.027438 0.800257 -0.488761 -0.183028 0.536432 -0.51565 -1 -0.330707 -0.189021 0.965949 -0.249321 -0.0553263 -0.164297 0.0826029 -0.152738 -0.0527376 0.555135 0.17883 -1.11765 -0.0386477 0.109113 1.04641 -0.394386 
6.9539 17 0.05 0 -0.064372 -0.142672 1.41194 0 0 0 0 0 0.027438 0.800257 -0.488761 -0.183028 0.536432 -0.51565 -1 -0.250949 -0.0915482 1.16009 -0.50387 -0.0167143 0.0484465 -0.0563352 0.0232327 -0.0549178 0.161548 -0.00285593 -0.919284 0.104125 -0.0012959 1.24485 -0.175324 
6.9432 17 0.05 0 -0.064372 -0.142672 1.41194 0 0 0 0 0 0.027438 0.800257 -0.488761 -0.183028 0.536432 -0.51565 -1 0.362803 -0.27361 1.30602 -0.365498 0.0601089 0.081607 -0.146386 -0.138376 -0.148086 0.443565 0.198443 -1.15693 -0.0758505 0.137679 1.1557 -0.243918 
6.88593 17 0.05 0 -0.064372 -0.142672 1.41194 0 0 0 0 0 0.027438 0.800257 -0.488761 -0.183028 0.536432 -0.51565 -1 0.0253709 -0.0514767 1.45163 -0.260823 -0.113565 -0.204072 -0.0338866 0.0413015 0.0641237 0.256801 0.235219 -1.13801 -0.0269787 0.322434 0.677637 -0.248552 
6.94859 17 0.05 0 -0.064372 -0.142672 1.41194 0 0 0 0 0 0.027438 0.800257 -0.488761 -0.183028 0.536432 -0.51565 -1 0.591136 -0.230803 2.17589 0.0210921 0.0669087 0.168442 -0.204118 0.0345337 -0.259956 0.413055 0.373169 -1.47155 0.124692 0.739869 1.5805 -0.207024 
6.94113 17 0.05 0 -0.064372 -0.142672 1.41194 0 0 0 0 0 0.027438 0.800257 -0.488761 -0.183028 0.536432 -0.51565 -1 0.710267 -0.30892 1.39709 -0.127998 -0.032717 -0.441644 0.475325 0.485641 0.00535365 0.40352 0.163616 -1.29731 0.2214 0.358172 1.34975 -0.365431 
6.96033 17 0.05 0 -0.064372 -0.142672 1.41194 0 0 0 0 0 0.027438 0.800257 -0.488761 -0.183028 0.536432 -0.51565 -1 0.4619 -0.0838034 2.08398 -0.0782142 0.335779 0.83475 -0.358393 0.118623 -0.254034 0.492813 0.458381 -1.52735 -0.344876 0.599172 1.05919 -0.103152 
7.12281 17 0.05 0 -0.064372 -0.142672 1.41194 0 0 0 0 0 0.027438 0.800257 -0.488761 -0.183028 0.536432 -0.51565 -1 0.0230858 -0.340809 2.21689 0.0388112 0.123203 -0.0718776 -0.100624 0.0985881 0.189145 0.579609 0.245721 -1.80893 0.0584785 1.05895 1.41893 -0.479143 
6.94344 17 0.05 0 -0.064372 -0.142672 1.41194 0 0 0 0 0 0.027438 0.800257 -0.488761 -0.183028 0.536432 -0.51565 -1 0.0330172 0.00400401 1.44808 -0.223296 -0.0975466 -0.265497 0.00909148 0.0294546 0.149764 0.464302 0.411113 -1.27142 -0.218981 0.300346 0.834012 -0.343758 
6.87645 17 0.05 0 -0.064372 -0.142672 1.41194 0 0 0 0 0 0.027438 0.800257 -0.488761 -0.183028 0.536432 -0.51565 -1 0.263713 0.18611 2.6069 0.352877 -0.0202015 -0.0995379 0.250628 0.0264097 0.049105 0.623484 0.887632 -1.43945 -0.347422 1.3025 0.80488 -0.286882 
6.93886 17 0.05 0 -0.064372 -0.142672 1.41194 0 0 0 0 0 0.027438 0.800257 -0.488761 -0.183028 0.536432 -0.51565 -1 0.265467 -0.310693 1.39535 -0.484976 -0.000240261 0.0635375 0.0714621 0.104681 0.0290477 0.400216 0.00366824 -1.20384 0.216797 -0.000482297 1.19187 -0.177348 
6.87318 17 0.05 0 -0.064372 -0.142672 1.41194 0 0 0 0 0 0.027438 0.800257 -0.488761 -0.183028 0.536432 -0.51565 -1 -0.473431 -0.326462 2.59775 0.196395 0.0590614 0.0663817 -0.0258845 -0.160942 -0.0535167 0.731555 0.450494 -2.01787 -0.111736 0.971845 1.44936 -0.2095 
6.98447 17 0.05 0 -0.064372 -0.142672 1.41194 0 0 0 0 0 0.027438 0.800257 -0.488761 -0.183028 0.536432 -0.51565 -1 0.623321 -0.294187 1.0675 -0.605858 0.278332 0.502078 0.055956 0.0625662 -0.418942 0.298511 0.0719861 -1.05875 0.235813 -0.28659 1.08881 -0.168571 
6.94279 17 0.05 0 -0.064372 -0.142672 1.41194 0 0 0 0 0 0.027438 0.800257 -0.488761 -0.183028 0.536432 -0.51565 -1 -0.443464 -0.00556108 1.49007 -0.0215543 0.0865895 0.353196 -0.293622 -0.177994 -0.174773 0.402263 0.610064 -1.43459 -0.460187 0.386169 0.984707 -0.318641 
6.94472 17 0.05 0 -0.064372 -0.142672 1.41194 0 0 0 0 0 0.027438 0.800257 -0.488761 -0.183028 0.536432 -0.51565 -1 -0.0534854 -0.245782 1.306 -0.234183 0.0788468 0.169919 -0.0395663 0.0726145 -0.0417207 0.465738 0.256262 -1.10269 0.198251 0.159632 1.04227 -0.494523 
6.98341 17 0.05 0 -0.064372 -0.142672 1.41194 0 0 0 0 0 0.027438 0.800257 -0.488761 -0.183028 0.536432 -0.51565 -1 0.449029 0.137543 1.74521 -0.258792 0.0134427 -0.389608 0.294266 0.411844 0.128722 0.548992 0.460584 -1.28491 -0.379614 0.356514 0.895505 -0.201436 
6.86019 17 0.05 0 -0.064372 -0.142672 1.41194 0 0 0 0 0 0.027438 0.800257 -0.488761 -0.183028 0.536432 -0.51565 -1 0.685247 0.159386 2.52728 0.548221 -0.0260035 0.0921272 0.478813 0.335634 0.113496 0.738884 1.13137 -1.65899 -0.552089 1.29278 0.777806 -0.435458 
7.00798 17 0.05 0 -0.064372 -0.142672 1.41194 0 0 0 0 0 0.027438 0.800257 -0.488761 -0.183028 0.536432 -0.51565 -1 0.737902 0.485002 1.72181 -0.116416 0.0565797 -0.143887 0.344353 0.307342 0.0608627 0.55808 0.78051 -1.04803 -0.595156 0.25892 0.535951 -0.111772 
6.90791 17 0.05 0 -0.064372 -0.142672 1.41194 0 0 0 0 0 0.027438 0.800257 -0.488761 -0.183028 0.536432 -0.51565 -1 0.310354 -0.330935 1.4842 -0.12809 -0.153548 -0.114241 0.206426 -0.0434134 0.0266178 0.510466 0.357719 -1.52809 0.0793683 0.4956 1.12245 -0.474278 
6.91164 17 0.05 0 -0.064372 -0.142672 1.41194 0 0 0 0 0 0.027438 0.800257 -0.488761 -0.183028 0.536432 -0.51565 -1 -0.470898 -0.477194 1.71072 -0.0818601 0.221788 0.692306 -0.541701 -0.27597 -0.167165 0.320598 0.254165 -1.56347 0.313201 0.497455 1.2927 -0.455361 
7.01507 17 0.05 0 -0.064372 -0.142672 1.41194 0 0 0 0 0 0.027438 0.800257 -0.488761 -0.183028 0.536432 -0.51565 -1 1.26896 -0.148972 1.54934 -0.348946 -0.0872456 -0.417414 0.813912 0.435761 0.0862311 0.264891 -0.0778778 -1.4345 0.0212496 0.188699 1.292 -0.149871 
7.02137 17 0.05 0 -0.064372 -0.142672 1.41194 0 0 0 0 0 0.027438 0.800257 -0.488761 -0.183028 0.536432 -0.51565 -1 -0.00273533 -0.320753 1.51264 -0.215449 0.142103 -0.00226673 -0.234938 0.215494 -0.00186015 0.465026 0.0777307 -1.44572 0.306165 0.465969 1.42567 -0.263729 
6.91868 17 0.05 0 -0.064372 -0.142672 1.41194 0 0 0 0 0 0.027438 0.800257 -0.488761 -0.183028 0.536432 -0.51565 -1 0.589645 -0.149811 1.40994 -0.0106266 -0.335265 -0.422283 0.497238 0.150504 0.187046 0.589693 0.456571 -1.14158 0.0200287 0.485703 0.947845 -0.437883 
6.91041 17 0.05 0 -0.064372 -0.142672 1.41194 0 0 0 0 0 0.027438 0.800257 -0.488761 -0.183028 0.536432 -0.51565 -1 -0.373438 -0.0899977 1.42788 -0.141168 -0.365935 -0.247356 0.230967 0.100995 0.0138513 0.566464 0.4603 -1.37859 -0.283342 0.206031 1.00176 -0.287746 
6.97935 17 0.05 0 -0.064372 -0.142672 1.41194 0 0 0 0 0 0.027438 0.800257 -0.488761 -0.183028 0.536432 -0.51565 -1 0.339913 -0.0623495 1.04592 -0.295387 -0.0735449 0.0311772 0.226103 0.117672 0.0192808 0.39233 0.196058 -1.03487 -0.23829 0.0378798 0.968081 -0.0932427 
6.95444 17 0.05 0 -0.064372 -0.142672 1.41194 0 0 0 0 0 0.027438 0.800257 -0.488761 -0.183028 0.536432 -0.51565 -1 0.753258 -0.124164 1.56901 -0.223039 0.076599 0.0239441 0.288806 0.280442 -0.18477 0.335441 0.234939 -1.35551 -0.0152743 0.259596 1.08078 -0.361942 
6.94408 17 0.05 0 -0.064372 -0.142672 1.41194 0 0 0 0 0 0.027438 0.800257 -0.488761 -0.183028 0.536432 -0.51565 -1 0.232879 -0.192827 1.63836 -0.240499 0.114419 0.0737122 -0.0458958 0.185214 -0.0375459 0.491172 0.252922 -1.48523 -0.0757803 0.146807 1.02537 -0.202378 
6.92379 17 0.05 0 -0.064372 -0.142672 1.41194 0 0 0 0 0 0.027438 0.800257 -0.488761 -0.183028 0.536432 -0.51565 -1 0.94495 0.215831 1.74789 -0.145601 0.284523 0.684099 0.107099 0.0540948 -0.237994 0.598827 0.660772 -0.919338 -0.640804 0.257919 0.871008 -0.0934284 
7.00448 17 0.05 0 -0.064372 -0.142672 1.41194 0 0 0 0 0 0.027438 0.800257 -0.488761 -0.183028 0.536432 -0.51565 -1 -0.595205 -0.0785621 1.4039 -0.0267805 -0.014536 -0.0467578 -0.395396 -0.292027 -0.0489251 0.49202 0.564635 -1.36943 -0.0268295 0.365661 0.936573 -0.388959 
6.85463 17 0.05 0 -0.064372 -0.142672 1.41194 0 0 0 0 0 0.027438 0.800257 -0.488761 -0.183028 0.536432 -0.51565 -1 -0.0300365 -0.175808 2.27154 0.331122 0.0276592 -0.249903 0.356204 0.267758 0.0635292 0.574473 0.744704 -1.54492 -0.199832 0.993076 1.0122 -0.443734 
6.92226 17 0.05 0 -0.064372 -0.142672 1.41194 0 0 0 0 0 0.027438 0.800257 -0.488761 -0.183028 0.536432 -0.51565 -1 0.0849158 -0.267493 2.31388 0.0609983 -0.151987 -0.338117 0.458674 0.233805 -0.0091129 0.565165 0.1605 -1.70555 0.00885569 1.07234 1.32395 -0.462232 
6.88031 17 0.05 0 -0.064372 -0.142672 1.41194 0 0 0 0 0 0.027438 0.800257 -0.488761 -0.183028 0.536432 -0.51565 -1 0.0459125 -0.225839 1.79027 0.145031 -0.112858 -0.32292 -0.136608 0.0615747 0.147405 0.540328 0.563686 -1.52014 0.00878494 0.608331 1.15875 -0.340672 
7.03223 17 0.05 0 -0.064372 -0.142672 1.41194 0 0 0 0 0 0.027438 0.800257 -0.488761 -0.183028 0.536432 -0.51565 -1 -0.319859 -0.16807 2.03121 -0.263957 -0.137253 -0.309608 -0.0906731 0.0324603 0.221843 0.515875 0.151377 -1.62887 -0.012885 0.562602 1.34158 -0.331693 
6.87273 17 0.05 0 -0.064372 -0.142672 1.41194 0 0 0 0 0 0.027438 0.800257 -0.488761 -0.183028 0.536432 -0.51565 -1 -0.162463 -0.191387 1.32619 -0.325131 0.0137831 -0.31211 0.220969 0.228351 0.0737231 0.489433 0.209216 -1.11822 -0.0971684 0.148941 1.18816 -0.453403 
7.00542 17 0.05 0 -0.064372 -0.142672 1.41194 0 0 0 0 0 0.027438 0.800257 -0.488761 -0.183028 0.536432 -0.51565 -1 0.119639 -0.278558 2.64267 0.0591522 0.0685267 0.211264 0.122129 0.0311337 -0.00632999 0.57378 0.472933 -1.83383 -0.110411 1.07042 1.57946 -0.411028 
7.02979 17 0.05 0 -0.064372 -0.142672 1.41194 0 0 0 0 0 0.027438 0.800257 -0.488761 -0.183028 0.536432 -0.51565 -1 0.0340286 -0.242572 2.36 0.0224454 -0.0828396 -0.0587361 0.0576328 0.0782272 0.0110784 0.545781 0.458445 -1.80262 0.0457867 0.898194 1.24272 -0.337766 
6.9611 17 0.05 0 -0.064372 -0.142672 1.41194 0 0 0 0 0 0.027438 0.800257 -0.488761 -0.183028 0.536432 -0.51565 -1 -0.0143518 0.114666 1.56467 -0.229547 -0.226864 -0.349334 0.116327 0.101316 0.139484 0.340723 0.406335 -1.23044 0.0732662 0.321697 1.17327 -0.129663 
6.98557 17 0.05 0 -0.064372 -0.142672 1.41194 0 0 0 0 0 0.027438 0.800257 -0.488761 -0.183028 0.536432 -0.51565 -1 -0.279985 0.0771934 1.29869 -0.301938 -0.0536461 -0.195271 -0.193073 -0.061639 0.00196243 0.334883 0.452832 -1.0062 -0.0175474 -0.0561059 0.774961 -0.333505 
6.96261 17 0.05 0 -0.064372 -0.142672 1.41194 0 0 0 0 0 0.027438 0.800257 -0.488761 -0.183028 0.536432 -0.51565 -1 0.527962 -0.376399 1.44314 -0.433085 -0.133888 -0.457723 0.400189 0.320918 0.34443 0.46414 -0.0148527 -1.43788 0.240282 0.0956581 1.28189 -0.333776 
6.97771 17 0.05 0 -0.064372 -0.142672 1.41194 0 0 0 0 0 0.027438 0.800257 -0.488761 -0.183028 0.536432 -0.51565 -1 0.703206 -0.186126 1.59896 -0.177466 0.0255645 0.313078 -0.0922881 0.0703609 -0.0251258 0.433917 0.311662 -1.19517 0.155415 0.288941 1.06197 -0.372695 
6.8596 17 0.05 0 -0.064372 -0.142672 1.41194 0 0 0 0 0 0.027438 0.800257 -0.488761 -0.183028 0.536432 -0.51565 -1 0.45145 -0.0780312 2.58428 0.200176 -0.11062 -0.29379 0.395543 0.229176 0.211913 0.715181 0.49754 -1.8417 -0.376534 1.10056 1.34553 -0.374372 
6.90805 17 0.05 0 -0.064372 -0.142672 1.41194 0 0 0 0 0 0.027438 0.800257 -0.488761 -0.183028 0.536432 -0.51565 -1 -0.0690827 -0.731953 2.31742 0.332181 0.0583754 -0.170012 0.289716 0.115064 0.0380601 0.463155 0.0320448 -2.12479 0.786023 1.21723 1.62018 -0.499979 
7.00381 17 0.05 0 -0.064372 -0.142672 1.41194 0 0 0 0 0 0.027438 0.800257 -0.488761 -0.183028 0.536432 -0.51565 -1 0.455219 -0.212216 1.29576 -0.3238 0.204323 0.243542 -0.323372 0.212856 -0.0564115 0.497731 0.20346 -1.12639 0.0478313 -0.0471646 1.07732 -0.190715 
6.9549 17 0.05 0 -0.064372 -0.142672 1.41194 0 0 0 0 0 0.027438 0.800257 -0.488761 -0.183028 0.536432 -0.51565 -1 0.204277 -0.175517 1.51153 -0.126914 0.0862665 0.53624 -0.163583 -0.0431478 -0.268488 0.500621 0.390382 -1.29685 -0.269434 0.412929 1.02807 -0.306738 
7.00428 17 0.05 0 -0.064372 -0.142672 1.41194 0 0 0 0 0 0.027438 0.800257 -0.488761 -0.183028 0.536432 -0.51565 -1 0.152561 -0.149167 1.31113 -0.388201 -0.0347206 -0.0267575 0.00737223 -0.0663983 0.0234501 0.527415 0.179678 -1.21078 0.0480305 0.0799476 1.20689 -0.390928 
6.84831 17 0.05 0 -0.064372 -0.142672 1.41194 0 0 0 0 0 0.027438 0.800257 -0.488761 -0.183028 0.536432 -0.51565 -1 1.00804 -0.230735 2.38687 -0.123793 -0.149129 -0.399383 0.487557 0.633242 0.208332 0.727613 0.0166176 -1.48097 -0.162064 0.586834 1.41166 -0.161692 
6.99528 17 0.05 0 -0.064372 -0.142672 1.41194 0 0 0 0 0 0.027438 0.800257 -0.488761 -0.183028 0.536432 -0.51565 -1 0.245925 -0.171201 1.5232 -0.414149 0.130944 0.0196652 0.106488 0.0756588 -0.182088 0.484241 0.10719 -1.30132 -0.0387233 0.113408 1.40518 -0.0791506 
6.97553 17 0.05 0 -0.064372 -0.142672 1.41194 0 0 0 0 0 0.027438 0.800257 -0.488761 -0.183028 0.536432 -0.51565 -1 -0.22187 0.361882 1.35806 -0.326347 0.08031 0.1394 -0.0804552 -0.0212258 0.0264688 0.61538 0.666583 -0.680004 -0.344005 -0.0296995 0.364062 -0.170265 
7.04347 17 0.05 0 -0.064372 -0.142672 1.41194 0 0 0 0 0 0.027438 0.800257 -0.488761 -0.183028 0.536432 -0.51565 -1 -0.212695 0.0643734 2.46198 0.0997532 -0.0203734 -0.176444 -0.226508 -0.0515764 -0.0177577 0.647154 0.767977 -1.68382 -0.469369 0.900163 0.802517 -0.259916 
6.97757 17 0.05 0 -0.064372 -0.142672 1.41194 0 0 0 0 0 0.027438 0.800257 -0.488761 -0.183028 0.536432 -0.51565 -1 -0.153692 -0.472192 1.2804 -0.523302 -0.0573865 -0.0793892 -0.246683 0.00159286 0.100575 0.295296 -0.160273 -1.3113 0.344168 0.265777 1.78705 -0.296925 
6.95643 17 0.05 0 -0.064372 -0.142672 1.41194 0 0 0 0 0 0.027438 0.800257 -0.488761 -0.183028 0.536432 -0.51565 -1 -0.4488 0.183827 1.19283 -0.0680225 0.0602967 -0.135159 0.0991847 0.0707694 0.0555741 0.55778 0.815922 -0.980518 -0.213784 0.169896 0.780609 -0.377396 
7.00035 17 0.05 0 -0.064372 -0.142672 1.41194 0 0 0 0 0 0.027438 0.800257 -0.488761 -0.183028 0.536432 -0.51565 -1 -0.609803 -0.32633 2.17491 0.0146368 -0.160945 -0.0316028 -0.428449 -0.327231 0.0855377 0.584923 0.395677 -1.58313 0.0488347 0.608123 1.1909 -0.237129 
7.00847 17 0.05 0 -0.064372 -0.142672 1.41194 0 0 0 0 0 0.027438 0.800257 -0.488761 -0.183028 0.536432 -0.51565 -1 -0.14337 -0.554782 1.0936 -0.458619 0.216244 0.258006 -0.180114 -0.0155376 -0.164269 0.426458 -0.126101 -1.1596 0.357342 0.121119 1.75946 -0.53215 
6.93192 17 0.05 0 -0.064372 -0.142672 1.41194 0 0 0 0 0 0.027438 0.800257 -0.488761 -0.183028 0.536432 -0.51565 -1 0.296539 0.403652 1.21419 -0.158935 -0.104362 -0.446667 0.556647 0.213119 0.155958 0.439007 0.80322 -0.77003 -0.577173 -0.0166928 0.545582 -0.21614 
7.02667 17 0.05 0 -0.064372 -0.142672 1.41194 0 0 0 0 0 0.027438 0.800257 -0.488761 -0.183028 0.536432 -0.51565 -1 -0.435902 -0.586745 1.43934 0.254041 -0.278721 -0.261046 0.0563946 -0.123173 0.264455 0.498532 0.305581 -1.66837 0.0988118 0.797782 1.35612 -0.640057 
6.90782 17 0.05 0 -0.064372 -0.142672 1.41194 0 0 0 0 0 0.027438 0.800257 -0.488761 -0.183028 0.536432 -0.51565 -1 -0.223407 -0.249435 0.963393 -0.684764 -0.000787539 -0.018099 -0.0734515 -0.0574676 0.0256517 0.184103 0.0384495 -0.893757 0.106159 -0.279658 1.10488 -0.273065 
6.91003 17 0.05 0 -0.064372 -0.142672 1.41194 0 0 0 0 0 0.027438 0.800257 -0.488761 -0.183028 0.536432 -0.51565 -1 -1.32942 0.135254 1.65216 -0.0587109 -0.0728515 -0.0283387 -0.393678 -0.464747 0.0266989 0.674092 0.691698 -1.14207 -0.410685 0.297927 0.623076 -0.250095 
7.05138 17 0.05 0 -0.064372 -0.142672 1.41194 0 0 0 0 0 0.027438 0.800257 -0.488761 -0.183028 0.536432 -0.51565 -1 -0.696207 0.334654 1.05184 -0.401697 -0.104212 -0.033907 -0.249892 -0.236007 0.156102 0.441982 0.592587 -0.70314 -0.421761 -0.224345 0.515347 -0.143645 
6.93609 17 0.05 0 -0.064372 -0.142672 1.41194 0 0 0 0 0 0.027438 0.800257 -0.488761 -0.183028 0.536432 -0.51565 -1 0.357277 -0.273621 1.88575 0.0867781 -0.129472 -0.141003 0.306798 -0.0647486 0.0891132 0.446444 0.45523 -1.70047 -0.0288 0.693149 1.15316 -0.308993 
7.03963 17 0.05 0 -0.064372 -0.142672 1.41194 0 0 0 0 0 0.027438 0.800257 -0.488761 -0.183028 0.536432 -0.51565 -1 0.116853 -0.0215352 1.16348 -0.498246 0.0362808 0.265398 -0.195573 -0.118912 -0.00847027 0.403748 0.298594 -0.81761 -0.171474 -0.287931 0.837217 -0.285903 
6.94694 17 0.05 0 -0.064372 -0.142672 1.41194 0 0 0 0 0 0.027438 0.800257 -0.488761 -0.183028 0.536432 -0.51565 -1 0.760554 -0.175217 1.652 -0.343002 -0.00649817 -0.219148 0.48137 0.385101 0.0195477 0.364614 0.0395107 -1.35176 0.0428865 0.287675 1.10866 -0.352162 
7.07733 17 0.05 0 -0.064372 -0.142672 1.41194 0 0 0 0 0 0.027438 0.800257 -0.488761 -0.183028 0.536432 -0.51565 -1 0.211286 -0.302959 2.07452 0.0769283 -0.030514 0.137837 0.164243 0.164025 -0.0442562 0.625219 0.450369 -1.66205 0.0576836 0.912761 1.22421 -0.392287 
7.02544 17 0.05 0 -0.064372 -0.142672 1.41194 0 0 0 0 0 0.027438 0.800257 -0.488761 -0.183028 0.536432 -0.51565 -1 0.217185 -0.174668 2.18086 -0.3077 0.0178385 0.337068 -0.365636 -0.393063 -0.0223291 0.331093 0.0644222 -1.54087 -0.117366 0.467346 1.06813 -0.0726231 
6.97106 17 0.05 0 -0.064372 -0.142672 1.41194 0 0 0 0 0 0.027438 0.800257 -0.488761 -0.183028 0.536432 -0.51565 -1 0.651425 -0.417509 2.43213 0.0771943 -0.0805286 -0.169151 0.251215 0.201442 0.0892388 0.532576 0.371055 -1.8555 0.196767 1.11367 1.35396 -0.459195 
7.05505 17 0.05 0 -0.064372 -0.142672 1.41194 0 0 0 0 0 0.027438 0.800257 -0.488761 -0.183028 0.536432 -0.51565 -1 -0.833643 -0.491414 2.19856 0.053224 -0.0699615 0.217682 -0.219291 -0.150675 0.0444008 0.543508 0.207261 -1.91209 0.508093 0.966402 1.46255 -0.671989 
7.00543 17 0.05 0 -0.064372 -0.142672 1.41194 0 0 0 0 0 0.027438 0.800257 -0.488761 -0.183028 0.536432 -0.51565 -1 0.355219 -0.444759 1.24445 -0.25948 0.205188 0.480973 0.0970911 0.133416 -0.00459074 0.489341 0.120846 -1.20115 0.313232 0.213938 1.54361 -0.381202 
7.02892 17 0.05 0 -0.064372 -0.142672 1.41194 0 0 0 0 0 0.027438 0.800257 -0.488761 -0.183028 0.536432 -0.51565 -1 0.414421 -0.0778452 1.35499 -0.357446 0.12755 0.338184 -0.182752 -0.115336 -0.134332 0.42308 0.392256 -1.04132 -0.0268208 0.199678 0.888187 -0.365842 
6.93239 17 0.05 0 -0.064372 -0.142672 1.41194 0 0 0 0 0 0.027438 0.800257 -0.488761 -0.183028 0.536432 -0.51565 -1 0.792176 -0.361816 1.34935 -0.389682 -0.041304 0.0297399 0.224674 0.263851 0.172296 0.343214 -0.0136886 -1.4023 0.272929 0.271343 1.2894 -0.481933 
6.959 17 0.05 0 -0.064372 -0.142672 1.41194 0 0 0 0 0 0.027438 0.800257 -0.488761 -0.183028 0.536432 -0.51565 -1 -0.16813 -0.728923 1.19876 -0.438159 -0.0419314 0.113998 -0.298312 -0.184708 0.0566134 0.458335 -0.323432 -1.50618 0.71442 -0.0400854 1.46053 -0.351238 
6.8921 17 0.05 0 -0.064372 -0.142672 1.41194 0 0 0 0 0 0.027438 0.800257 -0.488761 -0.183028 0.536432 -0.51565 -1 0.315607 -0.302107 1.94145 0.00417293 -0.0470602 -0.0579335 0.211635 0.13513 0.0597369 0.621151 0.45829 -1.46978 0.0885086 0.586614 1.05477 -0.246213 
