#1 rho_s 
#2 coeffs 
101.355 0.02 0 0 0 0 1 0 0 0 0 0 0 0 0 0 0 0 0 0 0 0 0 0 0 0 0 
100.501 0.02 -0.000502253 4.19888e-05 -5.1912e-06 -9.11929e-05 1 2.89296e-05 0.00051237 1.96895e-05 9.91937e-05 -4.91002e-05 1.43136e-06 -4.7486e-05 -8.9921e-08 5.90783e-05 3.16673e-05 -9.68443e-05 0.000657508 -3.79956e-05 9.50831e-07 -3.12174e-05 -0.000100394 -1.60742e-05 -3.67351e-06 2.05466e-05 8.28302e-07 
103.222 0.02 -0.000991698 3.83155e-05 -1.72721e-05 -0.000134633 0.999999 5.29058e-05 0.00103833 1.88663e-05 0.000163358 -4.89215e-05 3.02641e-06 -5.50047e-05 2.16825e-06 0.000103092 5.7864e-05 -0.000146904 0.00131702 -6.99774e-05 1.22963e-06 -6.22145e-05 -0.0002405 -1.46012e-05 -2.98127e-05 2.06133e-05 4.35716e-06 
104.24 0.02 -0.00149263 2.83486e-05 -1.87165e-05 -0.000153891 0.999998 7.40517e-05 0.00156124 1.4514e-05 0.000207175 -3.93704e-05 4.80868e-06 -4.90997e-05 -9.97759e-06 0.000125137 7.93677e-05 -0.000170768 0.00197934 -9.76063e-05 1.63105e-06 -8.82384e-05 -0.000365033 -1.99845e-05 -4.44147e-05 2.24589e-05 6.8938e-06 
102.353 0.02 -0.00197933 8.15637e-06 -9.9746e-06 -0.000156519 0.999996 9.33195e-05 0.00208609 1.51123e-05 0.000234874 -1.47904e-05 6.22636e-06 -2.32936e-05 -2.36504e-05 0.000143801 9.92291e-05 -0.000179978 0.0026363 -0.000124059 1.47741e-06 -0.000114192 -0.000500815 -2.58046e-05 -7.59124e-05 2.70825e-05 9.10347e-06 
105.413 0.02 -0.00244766 4.00958e-06 -9.86554e-06 -0.000176487 0.999994 0.00011987 0.00261753 2.21011e-05 0.000251801 -8.40564e-06 7.10336e-06 -9.81351e-06 -2.50129e-05 0.000172047 0.000134095 -0.000207035 0.00328897 -0.000158392 1.28699e-06 -0.000144612 -0.000660916 -3.71254e-05 -9.18967e-05 3.81985e-05 1.12332e-05 
105.617 0.02 -0.00291521 7.88296e-06 -8.80079e-06 -0.000197836 0.999991 0.000119835 0.00314591 3.52257e-05 0.000258669 -9.2161e-06 7.46215e-06 3.66489e-06 -2.44149e-05 0.000194157 0.000171447 -0.000232759 0.0039392 -0.000160054 1.21973e-06 -0.000145174 -0.000812219 -5.60241e-05 -9.73228e-05 5.8491e-05 1.27003e-05 
105.919 0.02 -0.00338322 1.48191e-05 -3.41915e-06 -0.000229839 0.999987 0.000126186 0.00367467 3.81154e-05 0.000267403 -1.63889e-05 7.9851e-06 1.34637e-06 -2.77036e-05 0.000218007 0.000198504 -0.000268825 0.00458924 -0.00016916 1.19016e-06 -0.000152296 -0.000960425 -6.40589e-05 -0.000109986 6.56219e-05 1.45686e-05 
107.472 0.02 -0.00385484 2.33947e-05 -7.24796e-06 -0.000271282 0.999982 0.000129203 0.00420214 4.44588e-05 0.000278507 -2.44929e-05 8.66923e-06 -8.31449e-07 -1.97745e-05 0.000240681 0.000242675 -0.000312318 0.0052401 -0.000173846 1.12931e-06 -0.00015537 -0.00110505 -7.16058e-05 -0.000124177 7.44957e-05 1.66855e-05 
104.883 0.02 -0.00432384 2.82697e-05 -1.84275e-05 -0.000309946 0.999976 0.000137475 0.00472578 6.30484e-05 0.000277007 -2.77834e-05 9.69321e-06 1.32109e-06 -1.69591e-06 0.000259214 0.000280861 -0.000352656 0.00588678 -0.000183402 4.82812e-07 -0.000160827 -0.0012367 -8.74665e-05 -0.000141304 9.7502e-05 1.81063e-05 
100.082 0.02 -0.00479334 3.78705e-05 -3.20605e-05 -0.00032902 0.999969 0.000154999 0.00524987 6.74044e-05 0.000272743 -3.7274e-05 1.04898e-05 -1.40694e-06 1.83374e-05 0.000264538 0.000318043 -0.000371837 0.00653377 -0.000202643 -1.57367e-07 -0.000173692 -0.0013686 -9.01392e-05 -0.000152919 0.000103083 1.9614e-05 
98.3017 0.02 -0.00527422 5.02756e-05 -4.97111e-05 -0.000347072 0.999961 0.000173475 0.00577568 7.37276e-05 0.000275604 -4.84857e-05 1.1348e-05 -2.11793e-06 4.01798e-05 0.000272896 0.000352838 -0.000390853 0.00718833 -0.0002223 -8.7403e-07 -0.00018654 -0.00149728 -9.55247e-05 -0.000169147 0.000111418 2.00727e-05 
104.379 0.02 -0.00574982 7.00103e-05 -6.71827e-05 -0.000367748 0.999953 0.000196344 0.00630592 9.05447e-05 0.000278808 -6.84827e-05 1.17204e-05 -9.76394e-06 5.98644e-05 0.000284848 0.000377612 -0.000412924 0.00784455 -0.000248459 -1.16345e-06 -0.000206208 -0.00164363 -0.000110193 -0.00018555 0.000131637 2.06029e-05 
101.48 0.02 -0.00622138 8.16225e-05 -8.47671e-05 -0.000380373 0.999943 0.000214622 0.00683564 0.000104077 0.000277217 -8.16475e-05 1.19163e-05 -1.85656e-05 8.32705e-05 0.000289274 0.000377336 -0.000425217 0.00849824 -0.000269534 -1.67721e-06 -0.000223242 -0.00179237 -0.000123424 -0.00019706 0.000148336 2.11306e-05 
103.298 0.02 -0.00670499 9.11895e-05 -0.000108094 -0.000400898 0.999934 0.000228488 0.00736483 0.000117498 0.000274194 -9.26894e-05 1.2084e-05 -2.75255e-05 0.000114322 0.000299925 0.000382337 -0.00044667 0.00915741 -0.000285795 -2.16272e-06 -0.00023733 -0.00193043 -0.0001359 -0.000202392 0.000165248 2.16484e-05 
101.483 0.02 -0.00718959 9.6513e-05 -0.000124824 -0.000421799 0.999924 0.000242231 0.00789551 0.000130078 0.000262592 -9.93135e-05 1.21342e-05 -3.3673e-05 0.000138368 0.00031241 0.000397089 -0.00046918 0.00981761 -0.000301186 -2.73157e-06 -0.000248681 -0.00207063 -0.000147711 -0.000201237 0.000180906 2.20544e-05 
103.674 0.02 -0.00767577 0.000105035 -0.000139123 -0.000438248 0.999912 0.000247449 0.00842549 0.000151315 0.000249978 -0.000108905 1.19201e-05 -4.18551e-05 0.000158574 0.000325058 0.000416021 -0.00048763 0.0104782 -0.000308501 -3.51035e-06 -0.000254663 -0.00220877 -0.000165955 -0.00020185 0.000206412 2.19654e-05 
99.6057 0.02 -0.00815462 0.000109056 -0.000153015 -0.000451203 0.9999 0.000262042 0.00895365 0.000156457 0.0002554 -0.000114494 1.1482e-05 -4.98801e-05 0.000177819 0.000342149 0.000431018 -0.000504489 0.0111335 -0.000325274 -4.56924e-06 -0.000266521 -0.0023499 -0.000171981 -0.000206617 0.000213983 2.26498e-05 
104.926 0.02 -0.00863011 0.000115399 -0.000173008 -0.000463977 0.999888 0.000273981 0.00948419 0.000162564 0.000265767 -0.000121587 1.10565e-05 -5.67522e-05 0.000205358 0.000351135 0.000447591 -0.000518753 0.0117894 -0.000338023 -5.45116e-06 -0.000274565 -0.00250055 -0.000178153 -0.000211407 0.000221967 2.33366e-05 
105.115 0.02 -0.00909755 0.000127695 -0.000199517 -0.000474434 0.999875 0.000284665 0.0100124 0.00015306 0.000284123 -0.000135225 1.06029e-05 -6.843e-05 0.000239942 0.000356886 0.000458309 -0.000529778 0.0124394 -0.000348772 -6.6027e-06 -0.000280603 -0.00265357 -0.000172529 -0.000222717 0.000212517 2.52628e-05 
101.186 0.02 -0.00956012 0.000121446 -0.000222838 -0.00047939 0.999862 0.000286189 0.010539 0.000140064 0.000305541 -0.000130246 1.03538e-05 -7.02822e-05 0.000271471 0.000358652 0.000477639 -0.000534884 0.0130856 -0.000350528 -8.11822e-06 -0.000281703 -0.00280618 -0.000162232 -0.000235257 0.00019819 2.75263e-05 
109.228 0.02 -0.0100263 0.000121457 -0.000239731 -0.000487408 0.999847 0.000284712 0.0110688 0.000127521 0.000313969 -0.000131596 1.04444e-05 -7.56944e-05 0.000295436 0.000363217 0.000486267 -0.000543856 0.0137362 -0.000348912 -9.43843e-06 -0.000280369 -0.00296275 -0.000151232 -0.000250987 0.000183689 2.90001e-05 
106.058 0.02 -0.0104783 0.000132228 -0.000254704 -0.000493005 0.999832 0.00028356 0.0115903 0.00011334 0.000315352 -0.000143468 1.04723e-05 -8.67491e-05 0.000315535 0.000368137 0.000482898 -0.000550872 0.0143727 -0.000347753 -1.15021e-05 -0.000279194 -0.00311567 -0.000137252 -0.000262129 0.000166206 3.02096e-05 
105.769 0.02 -0.0109227 0.000144196 -0.000268186 -0.000501174 0.999816 0.000283919 0.0121083 9.68947e-05 0.00031415 -0.0001563 1.03865e-05 -9.91543e-05 0.000333096 0.000371959 0.000472178 -0.000559901 0.0150024 -0.000347832 -1.39453e-05 -0.000278069 -0.00326948 -0.000124739 -0.000274653 0.000147828 3.14267e-05 
101.298 0.02 -0.0113642 0.000149882 -0.000272186 -0.000502484 0.9998 0.000286583 0.0126256 7.79863e-05 0.000324728 -0.000162219 1.07726e-05 -0.000105583 0.00033908 0.000366271 0.000471618 -0.000559068 0.0156299 -0.000351264 -1.65795e-05 -0.00028096 -0.00342303 -0.000109407 -0.000293328 0.00012577 3.31912e-05 
98.2577 0.02 -0.0118191 0.000152838 -0.000269664 -0.000501022 0.999782 0.000293289 0.0131466 6.76625e-05 0.000331089 -0.000164933 1.13013e-05 -0.000108671 0.000338501 0.00036066 0.000470018 -0.000556071 0.0162667 -0.000359405 -1.89935e-05 -0.000288166 -0.00357253 -9.88995e-05 -0.000306768 0.000112717 3.46954e-05 
100.449 0.02 -0.0122772 0.000160712 -0.000265274 -0.000499911 0.999763 0.000297868 0.0136749 5.95596e-05 0.000334372 -0.000172499 1.18516e-05 -0.000114002 0.000335287 0.000354439 0.000471234 -0.000552881 0.0169114 -0.000365088 -2.06103e-05 -0.000293421 -0.00373291 -9.00294e-05 -0.000312326 0.000102656 3.58126e-05 
99.2185 0.02 -0.0127428 0.000169991 -0.000271139 -0.000503235 0.999742 0.000291524 0.0142048 5.71495e-05 0.00033864 -0.000181118 1.20602e-05 -0.000118287 0.000344412 0.000348705 0.000464482 -0.000554071 0.0175618 -0.000360027 -2.20243e-05 -0.000291218 -0.00389116 -8.46901e-05 -0.000326493 9.90872e-05 3.67367e-05 
105.666 0.02 -0.0132148 0.00017958 -0.000282972 -0.000504471 0.99972 0.000279109 0.0147378 5.52383e-05 0.000337204 -0.000190202 1.20784e-05 -0.000123702 0.000361371 0.000340102 0.000463821 -0.000552129 0.0182181 -0.000348413 -2.32249e-05 -0.000283963 -0.00405177 -7.85148e-05 -0.000339996 9.56039e-05 3.74991e-05 
103.723 0.02 -0.013682 0.0001914 -0.000286302 -0.000508308 0.999697 0.000266132 0.0152692 5.14819e-05 0.000337738 -0.000202307 1.23941e-05 -0.00013519 0.000366715 0.000341081 0.000457313 -0.000555561 0.0188707 -0.000335881 -2.43899e-05 -0.000275431 -0.00421352 -7.07e-05 -0.000351098 8.95509e-05 3.8417e-05 
105.719 0.02 -0.0141481 0.000193726 -0.000290702 -0.000514844 0.999672 0.000252407 0.0158002 4.42377e-05 0.000328612 -0.000204866 1.252e-05 -0.000140297 0.000373391 0.000341757 0.000462334 -0.000561105 0.019522 -0.000322063 -2.58069e-05 -0.000266297 -0.00437499 -5.84311e-05 -0.000357909 7.84427e-05 3.80792e-05 
101.792 0.02 -0.0146142 0.00019212 -0.000298544 -0.00052093 0.999647 0.000238707 0.0163297 4.00663e-05 0.000325015 -0.000204177 1.23756e-05 -0.00014556 0.000382871 0.000341579 0.000459195 -0.000566257 0.0201715 -0.00030766 -2.75877e-05 -0.000256419 -0.00453324 -4.999e-05 -0.00036511 7.12856e-05 3.85051e-05 
106 0.02 -0.0150749 0.000193645 -0.000300604 -0.00053178 0.99962 0.000214808 0.0168608 3.67008e-05 0.000326072 -0.000206601 1.23767e-05 -0.000153268 0.000385692 0.000344944 0.000439744 -0.000577317 0.0208197 -0.00028406 -2.93231e-05 -0.000241024 -0.00469822 -4.2715e-05 -0.000366616 6.46999e-05 3.88617e-05 
104.469 0.02 -0.01553 0.000194599 -0.000297037 -0.000532868 0.999594 0.000185653 0.0173852 3.43814e-05 0.000319983 -0.000207337 1.2552e-05 -0.000154678 0.000382632 0.000340116 0.000418807 -0.000576088 0.0214597 -0.000254886 -3.181e-05 -0.000220522 -0.00485629 -3.789e-05 -0.000360461 6.01528e-05 3.79133e-05 
102.659 0.02 -0.0159772 0.000206122 -0.000293362 -0.000534828 0.999565 0.000164761 0.0179079 3.20189e-05 0.000310494 -0.000217598 1.25564e-05 -0.000161268 0.000379447 0.000335206 0.00040114 -0.000575185 0.0220942 -0.000232632 -3.42948e-05 -0.000203312 -0.00501789 -3.37156e-05 -0.000349329 5.61696e-05 3.71519e-05 
102.353 0.02 -0.0164207 0.000221581 -0.00030283 -0.000535722 0.999537 0.000141504 0.0184298 3.52908e-05 0.000298069 -0.000232801 1.24386e-05 -0.000172373 0.000392595 0.000329272 0.000391996 -0.000573933 0.0227267 -0.000208692 -3.69319e-05 -0.000185644 -0.00518029 -3.47111e-05 -0.000341788 5.88104e-05 3.56476e-05 
104.077 0.02 -0.0168601 0.000241748 -0.000304993 -0.000539928 0.999508 0.00012312 0.0189516 3.96958e-05 0.000288012 -0.000251051 1.26902e-05 -0.000182263 0.000397149 0.00032334 0.000380002 -0.000575506 0.0233567 -0.000189486 -3.95906e-05 -0.00017091 -0.00534588 -3.7519e-05 -0.000333833 6.33644e-05 3.39508e-05 
102.387 0.02 -0.0172978 0.000257352 -0.000316379 -0.000545232 0.999477 0.000103651 0.019474 4.27742e-05 0.000284067 -0.000266512 1.25913e-05 -0.000189912 0.000413318 0.000317632 0.000365738 -0.00057684 0.0239866 -0.000169893 -4.20199e-05 -0.000156808 -0.00551405 -3.68046e-05 -0.000325485 6.56379e-05 3.21471e-05 
101.018 0.02 -0.0177402 0.000270414 -0.00033099 -0.000549826 0.999445 8.42205e-05 0.0199953 4.48492e-05 0.000264563 -0.000278253 1.21608e-05 -0.000191715 0.000434084 0.000315035 0.000369346 -0.000578827 0.0246179 -0.000151354 -4.45596e-05 -0.000144604 -0.00567628 -3.50845e-05 -0.000317021 6.68367e-05 2.90571e-05 
100.309 0.02 -0.0181862 0.000276074 -0.0003377 -0.000548522 0.999413 6.8686e-05 0.0205178 4.71739e-05 0.000239998 -0.000280559 1.21575e-05 -0.000182689 0.000443853 0.000311554 0.000369603 -0.000574865 0.0252522 -0.00013724 -4.69967e-05 -0.000136137 -0.00583836 -3.30358e-05 -0.000316405 6.81014e-05 2.58116e-05 
104.032 0.02 -0.0186374 0.000276057 -0.000342917 -0.000542379 0.999379 4.90765e-05 0.0210432 4.83479e-05 0.000218629 -0.000278523 1.22264e-05 -0.00017316 0.000451916 0.000304195 0.000370254 -0.000565213 0.0258913 -0.000118746 -4.95601e-05 -0.00012491 -0.00600061 -2.98663e-05 -0.000318811 6.74828e-05 2.2934e-05 
105.34 0.02 -0.0190874 0.000277838 -0.000338395 -0.000526147 0.999345 2.78565e-05 0.0215675 5.11552e-05 0.000199681 -0.000278604 1.27329e-05 -0.000167363 0.000448512 0.000292999 0.0003672 -0.000544334 0.0265284 -9.82954e-05 -5.25798e-05 -0.000112024 -0.00616255 -2.68805e-05 -0.000321955 6.82231e-05 2.09253e-05 
103.014 0.02 -0.0195286 0.000264835 -0.000334629 -0.000516118 0.999311 1.20156e-05 0.0220879 5.16961e-05 0.00018056 -0.000265073 1.32291e-05 -0.000155824 0.000445768 0.000285084 0.000371648 -0.000530694 0.0271575 -8.30221e-05 -5.62526e-05 -0.000102914 -0.0063236 -2.33685e-05 -0.000321934 6.68297e-05 1.89406e-05 
100.436 0.02 -0.0199692 0.00024856 -0.000323247 -0.00050099 0.999276 -4.56032e-06 0.0226066 6.29463e-05 0.000158718 -0.000248177 1.38939e-05 -0.000141879 0.000434099 0.000276027 0.00037999 -0.000511987 0.0277845 -6.74558e-05 -6.01605e-05 -9.43035e-05 -0.00648236 -2.77141e-05 -0.000322788 7.8028e-05 1.66822e-05 
99.8232 0.02 -0.0204137 0.000234248 -0.000309071 -0.000482853 0.999239 -2.57475e-05 0.0231272 7.25783e-05 0.000145033 -0.000233663 1.48594e-05 -0.00012873 0.000416419 0.000266776 0.000395028 -0.000489909 0.0284149 -4.7059e-05 -6.37827e-05 -8.14011e-05 -0.00664055 -3.08999e-05 -0.00032942 8.71381e-05 1.5432e-05 
103.563 0.02 -0.0208602 0.000225451 -0.000294492 -0.000473027 0.999202 -3.67966e-05 0.0236468 7.8533e-05 0.000129443 -0.000225164 1.56543e-05 -0.000122449 0.000397761 0.000263084 0.000425641 -0.000477976 0.0290457 -3.69319e-05 -6.75275e-05 -7.69188e-05 -0.00679538 -3.30359e-05 -0.000331436 9.25676e-05 1.40469e-05 
104.055 0.02 -0.0213058 0.000205925 -0.000280875 -0.000457904 0.999163 -4.16824e-05 0.0241652 7.58261e-05 0.000122136 -0.00020585 1.63513e-05 -0.000105444 0.000380238 0.000253293 0.000461638 -0.000458246 0.0296752 -3.39689e-05 -7.16087e-05 -8.04386e-05 -0.0069482 -3.1238e-05 -0.000333754 8.90071e-05 1.38756e-05 
101.713 0.02 -0.0217538 0.000189089 -0.000266223 -0.000446975 0.999124 -4.29901e-05 0.0246838 7.6862e-05 0.000110502 -0.000189227 1.7177e-05 -9.08645e-05 0.000358787 0.000245954 0.000488264 -0.0004433 0.0303061 -3.42018e-05 -7.58753e-05 -8.43246e-05 -0.00710025 -3.41479e-05 -0.000341955 9.08398e-05 1.35231e-05 
99.2272 0.02 -0.0222058 0.000169629 -0.000258133 -0.000444667 0.999083 -4.93909e-05 0.0252038 8.0886e-05 9.42517e-05 -0.000170719 1.73746e-05 -7.61453e-05 0.000347671 0.000243481 0.000511554 -0.000438776 0.0309399 -2.91652e-05 -8.01413e-05 -8.30318e-05 -0.00725067 -3.86604e-05 -0.000341314 9.62175e-05 1.2223e-05 
101.929 0.02 -0.0226616 0.000151185 -0.000259571 -0.000441822 0.999041 -5.87569e-05 0.0257293 9.12766e-05 7.99625e-05 -0.00015178 1.66583e-05 -5.90162e-05 0.000350705 0.000240543 0.000533806 -0.000433142 0.0315802 -2.19109e-05 -8.38e-05 -8.17948e-05 -0.00740724 -4.5755e-05 -0.000338172 0.000108252 1.10417e-05 
100.725 0.02 -0.0231171 0.000137242 -0.000259945 -0.000436275 0.998998 -6.49572e-05 0.0262537 0.000103953 5.8858e-05 -0.000136836 1.61177e-05 -4.28413e-05 0.000351069 0.000231165 0.000555733 -0.00042201 0.0322191 -1.79763e-05 -8.76975e-05 -8.22226e-05 -0.00756169 -5.36598e-05 -0.000337413 0.000122466 9.17456e-06 
97.8751 0.02 -0.0235812 0.000129309 -0.000251849 -0.000436059 0.998954 -6.53226e-05 0.026781 0.000108221 4.46772e-05 -0.000128346 1.61956e-05 -3.27912e-05 0.000339665 0.000223334 0.000573065 -0.000416696 0.0328647 -1.90199e-05 -9.15267e-05 -8.61808e-05 -0.0077133 -5.55109e-05 -0.00033566 0.000126474 7.86394e-06 
99.1699 0.02 -0.0240499 0.000120348 -0.000245784 -0.000433366 0.998908 -6.43181e-05 0.0273114 0.000116375 3.18991e-05 -0.000119437 1.63616e-05 -2.42799e-05 0.000332251 0.000213087 0.000589184 -0.000408258 0.0335148 -2.07361e-05 -9.4871e-05 -8.9111e-05 -0.00786601 -6.27813e-05 -0.000331307 0.000136511 6.23526e-06 
104.472 0.02 -0.0245155 0.000101144 -0.000242287 -0.000435643 0.998861 -6.86495e-05 0.0278423 0.000128854 1.65983e-05 -0.000101401 1.60002e-05 -1.22102e-05 0.000332032 0.000205234 0.000603777 -0.000406101 0.0341637 -1.71055e-05 -9.778e-05 -8.78658e-05 -0.00802297 -7.68753e-05 -0.000329692 0.000153198 3.98287e-06 
99.1664 0.02 -0.0249765 8.83916e-05 -0.000237456 -0.000436648 0.998813 -6.45169e-05 0.0283691 0.000139055 6.06152e-06 -8.9074e-05 1.61784e-05 -2.71876e-06 0.000327448 0.000197203 0.0006154 -0.000402966 0.0348064 -2.18273e-05 -0.000100983 -9.34124e-05 -0.00817756 -8.84699e-05 -0.000326849 0.000166823 2.59033e-06 
101.465 0.02 -0.0254345 7.49137e-05 -0.000242893 -0.000442446 0.998764 -5.62917e-05 0.0288941 0.00014578 -5.0236e-06 -7.48361e-05 1.56329e-05 1.27068e-05 0.000334613 0.00019418 0.000619648 -0.000406675 0.0354461 -3.114e-05 -0.000104209 -0.000103943 -0.00833307 -9.71828e-05 -0.000321889 0.000175715 6.914e-07 
99.4155 0.02 -0.0258972 5.85485e-05 -0.000242983 -0.000459371 0.998715 -4.95314e-05 0.0294181 0.000155847 -2.53967e-05 -5.74262e-05 1.58655e-05 2.91832e-05 0.000335303 0.000199138 0.000616325 -0.000424158 0.0360884 -3.92969e-05 -0.000108164 -0.00011366 -0.00848272 -0.000109082 -0.000319604 0.000189667 -2.88416e-06 
101.751 0.02 -0.0263627 3.7402e-05 -0.000243167 -0.000476955 0.998664 -4.19569e-05 0.0299455 0.00016858 -5.00737e-05 -3.62401e-05 1.62468e-05 4.72687e-05 0.000333931 0.000206449 0.000615953 -0.000443856 0.0367348 -4.81123e-05 -0.000111521 -0.000124249 -0.00863698 -0.000120583 -0.000312775 0.000205467 -7.15693e-06 
97.9246 0.02 -0.0268242 1.71379e-05 -0.000254879 -0.000487874 0.998612 -3.57451e-05 0.0304724 0.000182217 -6.07408e-05 -1.59681e-05 1.55792e-05 6.40369e-05 0.000346581 0.000211703 0.000614412 -0.000456535 0.0373783 -5.56155e-05 -0.000114542 -0.00013412 -0.00879542 -0.000131892 -0.000304459 0.00022208 -1.05415e-05 
100.047 0.02 -0.0272865 1.90418e-06 -0.000267405 -0.000495095 0.998558 -1.95418e-05 0.0310023 0.000189772 -7.45396e-05 -9.00056e-07 1.48955e-05 7.6865e-05 0.000358994 0.000211735 0.000606663 -0.000463448 0.0380249 -7.22646e-05 -0.000116862 -0.000150598 -0.00895882 -0.000139695 -0.00029354 0.000231864 -1.41555e-05 
100.845 0.02 -0.0277451 -1.48684e-05 -0.000270356 -0.000495879 0.998504 -3.26791e-06 0.0315312 0.000197673 -9.16086e-05 1.62298e-05 1.49182e-05 9.16038e-05 0.000359129 0.000209596 0.000601402 -0.000463306 0.0386686 -8.90908e-05 -0.000119086 -0.000167221 -0.00912466 -0.000147229 -0.000279371 0.000241837 -1.79353e-05 
102.951 0.02 -0.028209 -2.94799e-05 -0.000268071 -0.000500234 0.998448 9.07567e-06 0.0320613 0.00020771 -0.000102389 3.17696e-05 1.56964e-05 0.000107368 0.000351304 0.000210485 0.000593035 -0.000468232 0.0393155 -0.000101866 -0.00012105 -0.000180607 -0.0092899 -0.000157467 -0.000264019 0.000255616 -2.03034e-05 
99.0386 0.02 -0.0286736 -4.71967e-05 -0.000252712 -0.000498306 0.998391 2.15926e-05 0.0325907 0.000216614 -0.00012265 4.97525e-05 1.765e-05 0.000122076 0.000328853 0.000207518 0.000578332 -0.000465633 0.0399619 -0.00011446 -0.000123239 -0.000193365 -0.00945318 -0.000165984 -0.000251699 0.00026753 -2.40136e-05 
102.252 0.02 -0.0291381 -6.46034e-05 -0.000240864 -0.000496495 0.998332 2.41737e-05 0.0331201 0.000227611 -0.000136857 6.74125e-05 1.88616e-05 0.000137731 0.000311272 0.000202871 0.000572388 -0.000462099 0.0406082 -0.000117672 -0.000125305 -0.000197942 -0.00961706 -0.000176239 -0.000246751 0.000281979 -2.64547e-05 
102.261 0.02 -0.0295957 -7.88031e-05 -0.000231387 -0.000494142 0.998273 2.87345e-05 0.0336457 0.000234706 -0.000151654 8.20276e-05 1.98898e-05 0.000151755 0.000296638 0.000201729 0.00054936 -0.000459666 0.0412475 -0.000121914 -0.000127808 -0.000203154 -0.00978051 -0.000183323 -0.000242253 0.00029132 -2.90801e-05 
102.283 0.02 -0.030048 -8.40021e-05 -0.000223275 -0.000489633 0.998213 3.42992e-05 0.0341664 0.000232464 -0.000163747 8.76261e-05 2.08381e-05 0.000156488 0.000284173 0.000197579 0.00053455 -0.000453505 0.0418799 -0.000127583 -0.000130888 -0.000211142 -0.00994128 -0.0001834 -0.000239554 0.000289001 -3.10171e-05 
101.376 0.02 -0.0304996 -8.35503e-05 -0.000217415 -0.000483503 0.998153 4.69725e-05 0.0346847 0.000233881 -0.000167585 8.77313e-05 2.17176e-05 0.000155745 0.000271865 0.000191312 0.000508828 -0.000445053 0.0425097 -0.000139365 -0.00013448 -0.000224082 -0.0100985 -0.000186343 -0.000239469 0.000291111 -3.16848e-05 
99.3005 0.02 -0.0309469 -8.09622e-05 -0.00021551 -0.000483231 0.998091 5.84189e-05 0.0352014 0.000232417 -0.000160858 8.59731e-05 2.24775e-05 0.000156115 0.000263044 0.000189638 0.000476836 -0.000444396 0.0431357 -0.000149739 -0.000138076 -0.000235683 -0.0102558 -0.000183375 -0.000241877 0.000287704 -3.11298e-05 
97.6796 0.02 -0.0313931 -7.16391e-05 -0.000216211 -0.000487859 0.998029 7.69709e-05 0.0357184 0.000234338 -0.000151911 7.81659e-05 2.28977e-05 0.000152357 0.000257104 0.000186622 0.000449984 -0.000447976 0.0437616 -0.000167091 -0.000141301 -0.000252036 -0.0104147 -0.000185058 -0.000237289 0.000289964 -3.16063e-05 
99.4254 0.02 -0.0318477 -5.56613e-05 -0.000218672 -0.000485799 0.997965 9.79666e-05 0.0362376 0.000230554 -0.000145643 6.43195e-05 2.29039e-05 0.000142542 0.000254186 0.000181761 0.000424773 -0.000443909 0.0443935 -0.000187238 -0.000143983 -0.000271802 -0.0105717 -0.000183649 -0.000228138 0.000285718 -3.27662e-05 
99.4776 0.02 -0.0323072 -3.93168e-05 -0.000225507 -0.000482875 0.9979 0.00011725 0.0367589 0.000219937 -0.000142006 4.94375e-05 2.24181e-05 0.000132803 0.000257704 0.000177323 0.000393519 -0.000438907 0.0450297 -0.000206245 -0.000146237 -0.000291436 -0.0107294 -0.000178468 -0.000216377 0.000273917 -3.38108e-05 
101.717 0.02 -0.0327674 -1.94207e-05 -0.000228523 -0.000482492 0.997834 0.000142148 0.0372809 0.000209631 -0.000132397 3.12142e-05 2.21098e-05 0.000118232 0.000257931 0.000175173 0.000363557 -0.00043738 0.0456665 -0.000229961 -0.000148452 -0.000313555 -0.010887 -0.000173474 -0.000207732 0.000262284 -3.37421e-05 
99.8474 0.02 -0.033223 -6.63073e-06 -0.000232066 -0.000484772 0.997767 0.000159194 0.0378027 0.00019908 -0.000125273 1.96262e-05 2.20802e-05 0.000110028 0.000257024 0.000175015 0.000339614 -0.000440422 0.0463008 -0.000246256 -0.000150446 -0.000329427 -0.011049 -0.000166802 -0.000200118 0.000249785 -3.37386e-05 
99.6863 0.02 -0.0336738 -1.22697e-06 -0.000229991 -0.000488214 0.997699 0.000171593 0.0383217 0.000193348 -0.000123165 1.60362e-05 2.29076e-05 0.000111345 0.000248547 0.000177986 0.000326953 -0.000445755 0.0469304 -0.000258607 -0.000152782 -0.000342303 -0.0112113 -0.000162175 -0.000193258 0.000242611 -3.50509e-05 
97.4863 0.02 -0.0341155 -1.10763e-06 -0.000229015 -0.000491133 0.997631 0.000181296 0.0388387 0.000185502 -0.000136035 1.63424e-05 2.37067e-05 0.000116153 0.000241652 0.000187021 0.000304483 -0.00045339 0.0475537 -0.000268144 -0.000154781 -0.000352562 -0.0113787 -0.000158803 -0.000189918 0.000234442 -3.74334e-05 
99.4164 0.02 -0.0345669 -4.13268e-07 -0.000230053 -0.000490884 0.997561 0.000191158 0.039359 0.000181164 -0.000152123 1.6543e-05 2.43521e-05 0.0001226 0.00023755 0.000195958 0.000286153 -0.00045775 0.0481842 -0.000278123 -0.000156243 -0.000364208 -0.0115427 -0.000157259 -0.000182366 0.000229995 -4.0791e-05 
