 #1 r1
 #2 r2
 #3 Rho_s
 #4 Dfdr1_t (Theoretical gradients using SIE) 
 #5 Dfdr2_t (Theoretical gradients using SIE) 
0.14 0.05 4.18699 873.191 -809.298
0.141 0.05 5.22611 1212.8 -1106.17
0.142 0.05 6.68821 1738.57 -1560.23
0.143 0.05 8.85592 2585.73 -2287.11
0.144 0.05 11.9462 3885.3 -3394.02
0.145 0.05 16.8496 6007.35 -5182.5
0.146 0.05 24.5344 8880.43 -7605.52
0.147 0.05 34.3613 9940.3 -8583.98
0.148 0.05 41.7844 3792.37 -3759.62
0.149 0.05 39.8848 -7047.89 4896.53
0.15 0.05 30.5805 -10173.3 7492.78
0.151 0.05 21.023 -7802.29 5740.06
0.152 0.05 14.6247 -5151.24 3753.98
0.153 0.05 10.4908 -3345.36 2406.41
0.154 0.05 7.78359 -2219.06 1571.73
0.155 0.05 5.92614 -1508.48 1049.08
0.156 0.05 4.62871 -1054.27 718.74
0.157 0.05 3.71806 -762.812 510.113
0.158 0.05 3.05952 -570.536 373.38
0.159 0.05 2.55924 -435.111 278.624
