#1 rho_s 
#2 coeffs 
Epsilon: -8.51618 + 7.59123i
1.49266 17 0.05 0 0.01 0.01 1 0 0 0 0 0 0.01 0.01 0.01 0.01 0.01 0.01 0.01 -0.000575429 0.0220571 0.0472927 1.75334 -0.00244618 0.00226507 -0.00294597 -0.000561042 -0.000295906 -0.000313324 -0.0173612 0.0936152 0.0982329 0.219809 0.144876 0.234355 
1.6956 17 0.05 0 0.0112292 0.0126356 1.09771 0 0 0 0 0 0.00998254 0.00903248 0.0152171 0.0154744 0.0222497 0.0180738 0.0230603 0.000611422 0.0329946 0.0907737 2.25047 -0.00194166 0.000297179 -0.00191318 -0.00171398 0.000104685 -0.00338519 -0.0670073 0.182323 0.255057 0.525431 0.300881 0.568694 
1.96836 17 0.05 0 0.012534 0.0159277 1.19224 0 0 0 0 0 0.00989199 0.00699225 0.021799 0.0239547 0.0401072 0.028722 0.0423093 -0.00249379 0.0435951 0.150731 2.93469 0.000723292 8.09718e-05 -0.00326942 -0.000231614 0.00245229 0.000772144 -0.166864 0.334826 0.568591 0.90579 0.559038 0.954084 
2.34152 17 0.05 0 0.0138291 0.0197741 1.28288 0 0 0 0 0 0.00985607 0.00356503 0.0299645 0.0364245 0.0622238 0.0421787 0.0658326 -0.000598972 0.0392226 0.228488 3.89649 0.00106486 -0.00343845 -0.00131288 0.000176903 0.00300576 0.0341934 -0.354039 0.574221 1.15511 1.33677 0.975119 1.34177 
2.86141 17 0.05 0 0.0149195 0.0240199 1.36956 0 0 0 0 0 0.0101431 -0.00157099 0.0397796 0.0539153 0.0868434 0.0586132 0.0912986 -0.00146047 0.00248864 0.333097 5.31274 0.000223224 0.0181463 0.0020764 0.00316141 -0.00162276 0.179925 -0.656268 0.970537 2.20298 1.8139 1.65583 1.69191 
3.5973 17 0.05 0 0.0155792 0.0284993 1.45222 0 0 0 0 0 0.0113761 -0.00848675 0.0513199 0.0772781 0.112123 0.078118 0.116358 0.0199462 -0.160984 0.356239 7.37641 0.0121109 -0.0019736 0.0102741 0.0029955 -0.00278336 0.623946 -1.11116 1.60585 4.09682 2.25142 2.6853 1.85721 
4.61752 17 0.05 0 0.0153413 0.0325817 1.5307 0 0 0 0 0 0.0145671 -0.0169953 0.0645419 0.107371 0.136109 0.100352 0.138662 0.0100806 -0.507273 0.485244 9.31387 0.0129535 -0.0231788 -0.0018962 -0.011203 -0.00932682 1.33436 -1.73957 2.34877 6.6859 2.46083 3.25248 1.92569 
5.49356 17 0.05 0 0.0137959 0.0364876 1.60576 0 0 0 0 0 0.0202475 -0.0271395 0.0793306 0.144716 0.157985 0.123302 0.158007 -0.0581534 0.57037 3.1346 1.89972 -0.0252561 -0.021397 -0.0793041 0.0211142 0.00619624 -4.59015 -5.54807 0.420854 0.209776 2.61917 -3.93979 3.41219 
5.60774 17 0.05 0 0.0139494 0.0469357 1.6684 0 0 0 0 0 0.0137792 -0.048135 0.0917834 0.174142 0.181134 0.131752 0.181073 -0.0228073 2.07015 5.56812 -3.35133 -0.0424986 0.0435979 0.00504341 0.00913311 0.0207034 -10.6631 -8.13381 -1.31811 -6.0261 3.03553 -9.41553 6.03583 
6.32007 17 0.05 0 0.0175459 0.0630547 1.70296 0 0 0 0 0 -0.00839291 -0.0753634 0.0975541 0.182859 0.20113 0.12127 0.206085 0.0174915 2.04705 5.34784 -1.54774 0.0293012 -0.0335244 -0.0229591 0.00874121 -0.000681188 -10.1313 -6.80297 -1.26314 -6.2752 3.49823 -8.76743 8.88882 
7.15859 17 0.05 0 0.0230216 0.0823079 1.72627 0 0 0 0 0 -0.0387111 -0.104804 0.100056 0.180604 0.220681 0.10144 0.236777 -0.0320332 -0.697541 1.38123 -5.21182 0.0241058 -0.00543023 -0.0272831 0.0241414 -0.0170491 -1.71551 -1.68795 0.136473 -2.90405 1.4584 -5.42511 7.11533 
7.15967 17 0.05 0 0.0267809 0.10055 1.73933 0 0 0 0 0 -0.0668346 -0.132142 0.10237 0.174873 0.239279 0.0774065 0.272296 -0.0749462 -2.54625 -3.63714 -5.68477 -0.0594605 0.015757 -0.000907432 0.0106248 0.0322938 4.07509 3.52117 1.05849 3.337 -0.0820979 -2.42371 2.67525 
7.07129 17 0.05 0 0.026826 0.111758 1.74347 0 0 0 0 0 -0.0860458 -0.151372 0.105707 0.174119 0.255276 0.0535447 0.306418 -0.0776523 -1.59977 -4.38548 -3.1017 -0.0214837 0.114585 -0.0801159 -0.00532342 -0.00952224 2.37245 4.05089 0.401088 4.19196 0.144653 -1.47264 1.39455 
7.05756 17 0.05 0 0.0248959 0.116212 1.74329 0 0 0 0 0 -0.100013 -0.163288 0.109135 0.178616 0.269517 0.0307553 0.33813 0.0464646 -0.782088 -4.05467 -2.80281 -0.0620899 0.0438442 0.12102 -0.048512 0.0293005 1.26921 3.62022 -0.0912636 3.75187 -0.236303 -0.943857 -0.253848 
7.04401 17 0.05 0 0.0222329 0.115241 1.73972 0 0 0 0 0 -0.11087 -0.169471 0.112067 0.187165 0.281871 0.00937921 0.365973 0.0329751 -0.193303 -3.28071 -3.51742 -0.0412616 0.0144185 0.136719 0.00420165 -0.0123499 0.592925 2.38344 -0.14612 2.49288 -1.12485 -0.637873 -1.82794 
7.04209 17 0.05 0 0.0196201 0.110418 1.7323 0 0 0 0 0 -0.119858 -0.172121 0.114511 0.19781 0.291555 -0.0104925 0.388651 0.0145099 -0.0755503 -1.79256 -3.87746 -0.00105195 -0.0635175 0.0683489 -0.022041 -0.0199924 0.716375 1.01183 -0.0185349 1.18426 -2.03979 -0.213879 -2.77475 
7.01975 17 0.05 0 0.0171852 0.103936 1.72098 0 0 0 0 0 -0.12706 -0.173283 0.116681 0.208784 0.297792 -0.0285775 0.405661 -0.0667811 -0.263041 -0.424483 -3.85325 -0.0497321 -0.0116195 -0.0391245 0.000524975 -0.00716505 1.27524 -0.463272 0.350376 -0.193918 -2.71499 0.450395 -3.077 
6.98467 17 0.05 0 0.0146829 0.0976064 1.70619 0 0 0 0 0 -0.131998 -0.174882 0.119051 0.218406 0.300136 -0.0442789 0.417247 0.0196881 -1.03739 0.754778 -2.94654 -0.0223065 0.00291716 0.0696095 -0.02796 -0.00155202 2.24265 -1.71089 0.875186 -1.19187 -2.76555 1.39999 -2.63395 
7.0074 17 0.05 0 0.0111931 0.0928234 1.68937 0 0 0 0 0 -0.13375 -0.178367 0.122227 0.225624 0.298931 -0.0567083 0.424501 -0.067617 -1.65968 1.4 -1.70016 -0.0259007 0.0815483 -0.0756761 -0.0326079 -0.0106231 3.14545 -2.20927 1.26384 -1.41106 -2.33482 2.15511 -1.86983 
7.0516 17 0.05 0 0.00607343 0.090199 1.67223 0 0 0 0 0 -0.131564 -0.184139 0.126592 0.230423 0.295058 -0.065301 0.428785 0.119135 -2.18595 1.37269 -0.601062 0.0955654 -0.0071522 -0.0355103 0.0152487 -0.0189966 3.80306 -2.28399 1.37571 -1.05773 -1.67463 2.6352 -1.28851 
7.08406 17 0.05 0 -0.00113887 0.0894785 1.65611 0 0 0 0 0 -0.125059 -0.192055 0.132158 0.233474 0.289576 -0.0698794 0.431098 -0.00788893 -2.51691 0.63893 0.477561 -0.0325479 0.0223085 0.0827815 0.0127019 0.0428457 4.12397 -1.77646 1.59866 0.205731 -0.910721 2.70474 -1.06464 
7.18158 17 0.05 0 -0.0106366 0.089593 1.64216 0 0 0 0 0 -0.114278 -0.201302 0.139077 0.236467 0.283555 -0.0707709 0.431908 -0.0166227 -2.5146 -0.448765 0.809995 -0.0174592 0.0387704 -0.0249721 -0.00687231 -0.0191624 4.01975 -0.933626 1.62263 1.77624 -0.439722 2.40971 -1.41422 
7.27499 17 0.05 0 -0.0221996 0.0891597 1.63056 0 0 0 0 0 -0.0997602 -0.210749 0.147251 0.241286 0.277604 -0.0686934 0.430948 -0.0710284 -2.31506 -1.54737 0.748313 -0.0563529 -0.0825557 -0.0896098 0.0170641 0.00866544 3.82674 0.173812 1.77131 3.52555 -0.174693 2.09488 -2.10954 
7.4495 17 0.05 0 -0.0353619 0.086922 1.62103 0 0 0 0 0 -0.0821352 -0.219037 0.156717 0.24983 0.272044 -0.0643234 0.427565 -0.0211496 -1.97245 -2.66284 -0.207997 0.0116546 -0.0823975 -0.0625621 0.0469808 0.00794369 3.11887 0.781859 1.72591 4.32741 -0.485051 1.65621 -3.24314 
7.65772 17 0.05 0 -0.0495259 0.0817416 1.61222 0 0 0 0 0 -0.0626002 -0.225544 0.167269 0.262654 0.266476 -0.0584282 0.420665 -0.0160534 -1.14029 -2.55152 -1.38773 -0.0207377 -0.0854025 0.0831156 -0.00917036 0.0512519 1.91035 0.537232 1.65183 4.57726 -1.39466 1.13909 -4.16773 
7.86597 17 0.05 0 -0.0635971 0.0740589 1.60267 0 0 0 0 0 -0.0427917 -0.230748 0.178705 0.279606 0.25982 -0.051782 0.409519 0.0308686 0.791558 -1.38772 -2.11915 0.0650818 0.0976469 0.0432671 0.0394728 -0.0957729 -1.10327 -0.947924 0.868257 3.43352 -2.47281 -0.0768793 -3.68741 
7.91295 17 0.05 0 -0.0753448 0.0654779 1.59153 0 0 0 0 0 -0.0262411 -0.236569 0.190053 0.298982 0.250873 -0.0458796 0.395076 -0.0419811 3.45833 1.4427 -2.05348 0.00341891 -0.0415941 -0.0583398 0.0184947 0.0657409 -5.39766 -3.01039 -0.68806 0.099278 -2.85942 -1.96702 -0.545083 
7.83621 17 0.05 0 -0.0817726 0.0594982 1.57911 0 0 0 0 0 -0.0178082 -0.245356 0.199406 0.316465 0.239464 -0.0429221 0.381486 0.0111677 4.70533 3.2267 -2.24129 -0.0293664 -0.0395512 -0.0128998 0.0763273 -0.0567683 -7.58712 -4.15387 -1.63773 -3.10045 -2.23435 -2.9371 2.22759 
7.86824 17 0.05 0 -0.0819748 0.0579733 1.56555 0 0 0 0 0 -0.019186 -0.257932 0.205754 0.328282 0.226805 -0.0437263 0.372087 0.0514339 4.39936 3.40913 -1.99175 0.0672091 -0.0256841 0.00883368 -0.0929743 -0.0514957 -6.66885 -3.8969 -1.64473 -3.76279 -1.08066 -2.27627 3.10235 
7.98412 17 0.05 0 -0.0771182 0.0605236 1.55125 0 0 0 0 0 -0.0280414 -0.273544 0.209499 0.334452 0.214344 -0.0470449 0.367306 0.0152344 3.19278 2.07807 -0.913483 -0.089273 -0.0246817 0.011342 0.0509017 0.0160106 -4.4828 -2.21243 -1.22121 -1.83987 0.537964 -0.787384 3.13771 
8.06275 17 0.05 0 -0.0690864 0.0652011 1.53733 0 0 0 0 0 -0.0411525 -0.290139 0.211473 0.337902 0.203738 -0.0509359 0.366593 -0.012175 1.92138 0.707963 -0.093663 -0.0728687 -0.0701417 0.101716 0.0252054 0.0352108 -2.1619 -0.726228 -0.461768 0.233369 1.52219 0.525036 2.4925 
8.07016 17 0.05 0 -0.0595765 0.0702647 1.52458 0 0 0 0 0 -0.0555506 -0.306041 0.212731 0.341303 0.195869 -0.0538611 0.368826 0.00759866 0.588891 -0.734037 -0.0438971 -0.0291436 -0.0233328 -0.0507906 -0.0124978 0.0165054 0.0642929 0.66819 0.0726108 1.90756 1.74173 1.29376 1.32215 
8.03591 17 0.05 0 -0.0502457 0.0740106 1.51294 0 0 0 0 0 -0.0685623 -0.319715 0.21396 0.34662 0.190749 -0.0550103 0.372398 0.05029 -0.845902 -1.58624 -0.556632 0.0591309 0.0393432 0.026444 0.0509395 -0.00420504 2.30799 1.42152 0.65533 2.45817 1.51944 2.0154 0.0477506 
8.02533 17 0.05 0 -0.0427805 0.0755423 1.50173 0 0 0 0 0 -0.0776462 -0.330442 0.215844 0.35433 0.187893 -0.0536835 0.375693 0.0604932 -1.84668 -1.89534 -1.24657 0.0436478 0.0750605 0.135914 -0.0053974 0.00264054 3.98351 1.8121 1.08944 2.42926 1.27165 2.58375 -0.750067 
8.02993 17 0.05 0 -0.038217 0.0746904 1.49014 0 0 0 0 0 -0.0811516 -0.337991 0.21883 0.364156 0.186813 -0.0494384 0.377784 -0.0384775 -1.92563 -1.73824 -0.938912 0.0155793 0.0133921 -0.0297669 -0.0163357 0.0354559 4.17188 1.4598 1.01489 2.28928 0.978299 2.49925 -0.9325 
8.08366 17 0.05 0 -0.0363736 0.0718631 1.47856 0 0 0 0 0 -0.0793799 -0.343083 0.222729 0.375744 0.186996 -0.0426448 0.378569 -0.0621567 -1.50902 -1.05851 -0.540185 -0.0887526 -0.058088 0.0279565 -0.0180003 0.00952938 3.51775 0.572354 0.982293 1.76957 0.747016 2.23312 -0.666012 
8.14816 17 0.05 0 -0.0365018 0.0680401 1.46743 0 0 0 0 0 -0.0735828 -0.347014 0.227432 0.388351 0.188052 -0.0338286 0.378486 -0.0868262 -0.839189 -0.0588089 -0.0781047 -0.0691935 -0.00828116 -0.0788658 -0.0272893 -0.0060694 1.94879 -0.256539 0.703245 1.02025 0.524693 1.68995 -0.257796 
8.17415 17 0.05 0 -0.0376283 0.0644946 1.45721 0 0 0 0 0 -0.0659683 -0.350896 0.232553 0.401038 0.189643 -0.0237815 0.378101 -0.083907 0.0527505 0.741316 0.395509 -0.033594 0.0550529 -0.103605 0.0151269 -0.00147794 0.598421 -1.12082 0.343491 0.429137 0.245866 0.936382 0.159894 
8.18896 17 0.05 0 -0.0385889 0.0621707 1.4484 0 0 0 0 0 -0.0583126 -0.355792 0.23763 0.413102 0.19139 -0.0135014 0.377945 0.00979434 0.630627 1.56014 0.170316 0.0268998 -0.00729036 -0.0446069 -0.00765693 -0.0164162 -0.639915 -1.91809 0.102643 -0.893163 0.0930348 0.417675 0.490787 
8.2006 17 0.05 0 -0.0386873 0.0619754 1.4406 0 0 0 0 0 -0.0521407 -0.362598 0.24237 0.42297 0.193092 -0.00364487 0.378406 0.0111295 1.02955 1.59807 -0.13802 0.0384319 -0.0135187 0.0553085 -0.0143272 -0.0780589 -1.41817 -1.93401 -0.169308 -1.27291 -0.11705 -0.0215631 0.519471 
8.20487 17 0.05 0 -0.0375002 0.0637792 1.43334 0 0 0 0 0 -0.0482935 -0.371177 0.246466 0.430354 0.194493 0.00528022 0.379469 -0.0639657 1.37298 1.06856 -0.31035 -0.0170175 -0.0945448 -0.100648 -0.0064889 0.0728666 -2.00107 -1.32198 -0.423439 -0.816922 -0.229163 -0.470292 0.360268 
8.20107 17 0.05 0 -0.034704 0.0667547 1.42636 0 0 0 0 0 -0.047303 -0.380623 0.249656 0.436039 0.195478 0.0127984 0.380886 0.123316 1.53146 0.331234 -0.388198 -0.0130863 0.0226198 -0.0720578 -0.0173187 0.0997837 -2.48598 -0.524147 -0.345631 -0.196211 -0.238062 -0.855022 0.0471526 
8.1854 17 0.05 0 -0.0302309 0.0698752 1.41953 0 0 0 0 0 -0.0495422 -0.389864 0.252117 0.440954 0.196072 0.0185468 0.382231 -0.0675013 1.54224 -0.055968 -0.282231 0.0357027 0.0117699 -0.0113672 0.162501 -0.0370159 -2.55532 -0.175577 -0.531826 0.153718 -0.309158 -1.04683 -0.0995497 
8.2147 17 0.05 0 -0.0242049 0.0726372 1.41297 0 0 0 0 0 -0.0548303 -0.398478 0.253674 0.445613 0.196218 0.0224326 0.383326 0.137415 1.10117 -0.265016 -0.154101 0.0237837 -0.0262905 0.0404139 0.157332 0.0420637 -1.84192 0.0762034 -0.309932 0.384679 -0.29605 -0.778531 -0.346628 
8.23127 17 0.05 0 -0.0173133 0.0748061 1.40681 0 0 0 0 0 -0.0620042 -0.406207 0.25469 0.450341 0.19597 0.0249624 0.383876 -0.00484491 0.725153 -0.5457 -0.134614 -0.00367213 -0.0290425 -0.00912949 0.087384 0.118891 -1.21222 0.494677 -0.121561 0.904971 -0.378351 -0.537961 -0.528945 
8.25271 17 0.05 0 -0.0101084 0.0760686 1.40104 0 0 0 0 0 -0.0700981 -0.412589 0.255456 0.455812 0.195253 0.0265628 0.383688 0.0488935 0.234643 -0.667719 -0.354528 -0.0346832 -0.0937605 0.0594244 0.085612 0.0828217 -0.227399 0.548679 -0.0256643 0.790862 -0.223455 -0.146592 -0.677151 
8.24222 17 0.05 0 -0.00325129 0.0763404 1.39533 0 0 0 0 0 -0.0777538 -0.417671 0.256118 0.461824 0.194308 0.0278253 0.382629 0.0855694 -0.290712 -0.432836 -0.24383 0.00334627 -0.00105823 0.112084 -0.0915594 0.110699 0.584351 0.349318 0.178342 0.554832 -0.277068 0.141059 -0.701683 
8.25381 17 0.05 0 0.00259632 0.0760141 1.38981 0 0 0 0 0 -0.0839383 -0.421827 0.256956 0.468022 0.193083 0.0291597 0.380737 -0.0871122 -0.611909 -0.404448 -0.448937 0.0169454 -0.0558808 -0.0674711 0.000185736 0.0873914 1.3531 0.274802 0.240248 0.294514 -0.313344 0.451401 -0.721901 
8.24319 17 0.05 0 0.00709058 0.0751768 1.3842 0 0 0 0 0 -0.0877475 -0.425236 0.258039 0.474048 0.19155 0.0309755 0.378053 0.074543 -0.901422 -0.210462 -0.785073 0.0844517 0.00504449 -0.0280167 -0.125304 0.0498914 1.81468 0.136398 0.376396 -0.339902 -0.147822 0.647603 -0.599743 
8.25486 17 0.05 0 0.00995523 0.0741327 1.37805 0 0 0 0 0 -0.0887582 -0.428146 0.25953 0.47906 0.189959 0.0334979 0.374807 0.0892824 -1.05845 -0.202964 -0.941812 -0.0607646 0.0671035 0.0741503 -0.0290426 -0.117179 2.00477 0.323969 0.263354 -0.269048 -0.149257 0.661832 -0.553624 
8.28683 17 0.05 0 0.0111153 0.0729088 1.37118 0 0 0 0 0 -0.0869481 -0.430347 0.261241 0.483244 0.188312 0.0366877 0.371108 -0.0162459 -0.90659 0.237011 -0.945187 -0.0340992 0.0368506 0.0317564 -0.0326921 -0.00941411 1.5084 -0.0554478 0.23513 -0.755586 -0.26632 0.569024 -0.423758 
8.28615 17 0.05 0 0.0109244 0.0721231 1.36365 0 0 0 0 0 -0.083235 -0.432422 0.263118 0.486004 0.186451 0.0403643 0.367168 0.171795 -0.529183 0.338853 -0.52331 -0.0889879 0.00727623 0.0472179 0.0437042 -0.0542497 0.909238 -0.516577 0.253945 -0.640505 -0.522278 0.260341 -0.706854 
8.28317 17 0.05 0 0.0100183 0.0718787 1.35609 0 0 0 0 0 -0.0786043 -0.435021 0.265173 0.487625 0.184039 0.0440634 0.362611 -0.0114017 -0.382583 0.47978 0.112212 0.0562368 -0.0178309 0.0622245 0.0148236 -0.100531 0.402439 -0.923704 0.0753351 -0.440318 -0.798595 0.110114 -0.986109 
8.31673 17 0.05 0 0.00866133 0.072327 1.34938 0 0 0 0 0 -0.073838 -0.43867 0.267144 0.488481 0.180733 0.0475756 0.357097 -0.00977635 0.0104663 0.509475 -0.0891704 -0.0834395 0.0298348 -0.00890631 0.0337199 -0.111383 -0.164235 -0.781816 0.0582939 -0.433413 -0.900394 -0.216018 -0.993084 
8.29879 17 0.05 0 0.00744415 0.0734517 1.34317 0 0 0 0 0 -0.0697424 -0.443085 0.269016 0.488647 0.176463 0.0504598 0.350692 0.109767 -0.00849265 0.0254243 -0.521126 -0.103871 -0.0103068 -0.123369 -0.0222297 0.0548055 -0.479613 -0.287479 -0.115351 -0.381994 -0.719175 -0.252941 -0.828109 
8.35133 17 0.05 0 0.00632703 0.074509 1.33678 0 0 0 0 0 -0.0667057 -0.447502 0.270552 0.488255 0.171564 0.0527188 0.3437 0.0167798 0.217094 -0.181533 -0.570773 -0.0704616 0.0267957 -0.0358168 0.0523528 -0.00459525 -0.613534 -0.0578712 -0.0279613 -0.263041 -0.778155 -0.42533 -0.887817 
8.34973 17 0.05 0 0.00562422 0.0752085 1.33017 0 0 0 0 0 -0.0648287 -0.451594 0.271905 0.487523 0.166002 0.0541596 0.336081 0.087844 0.423412 -0.434318 -1.20411 -0.0395369 -0.00221581 -0.0067731 0.021433 -0.00791469 -1.02433 0.385319 -0.317179 -0.304648 -0.55582 -0.582886 -0.675121 
8.34676 17 0.05 0 0.00559838 0.0752155 1.32243 0 0 0 0 0 -0.0646059 -0.454749 0.272675 0.486418 0.160154 0.0546245 0.328193 -0.139052 0.392575 -0.399738 -1.3904 0.0669523 0.00072075 0.102678 0.020289 -0.0216282 -1.06142 0.566469 -0.408401 -0.491538 -0.436055 -0.537266 -0.499886 
8.34715 17 0.05 0 0.00614661 0.0746398 1.31338 0 0 0 0 0 -0.0659494 -0.456787 0.272779 0.4847 0.154213 0.0542638 0.320311 -0.00529427 0.363445 -0.513346 -1.0408 0.0405703 0.00059602 0.0578408 0.0044667 0.0178885 -0.806395 0.672962 -0.228452 0.0846026 -0.686601 -0.555519 -0.716696 
8.39994 17 0.05 0 0.00717731 0.0733641 1.30365 0 0 0 0 0 -0.0683517 -0.457647 0.272537 0.483266 0.147817 0.0531214 0.312109 -0.0203059 0.14208 -0.446633 -0.881005 -0.132601 -0.0817902 -0.095942 0.0873449 -0.00769456 -0.3666 0.339368 -0.104994 -0.0481418 -0.654312 -0.336521 -0.746685 
8.41157 17 0.05 0 0.00832261 0.0715461 1.29352 0 0 0 0 0 -0.0710734 -0.457926 0.272163 0.481894 0.141046 0.051587 0.303563 0.123143 -0.146449 -0.349512 -0.623312 0.0293724 0.0102113 0.12168 -0.114856 -0.0528681 -0.130508 0.109814 -0.0588353 0.155653 -0.780278 -0.230208 -0.919407 
8.43678 17 0.05 0 0.00914321 0.0693755 1.2834 0 0 0 0 0 -0.0737372 -0.458014 0.271735 0.480881 0.133741 0.0498518 0.294439 -0.0589769 -0.230248 -0.0796324 -0.507279 -0.0541725 0.027976 -0.116265 0.0339168 0.0722467 0.106843 -0.329168 0.0366356 0.0382825 -0.827589 -0.0938643 -1.03234 
8.46324 17 0.05 0 0.00954148 0.067287 1.27345 0 0 0 0 0 -0.0759928 -0.45859 0.271403 0.48002 0.12587 0.0481368 0.284612 -0.00715926 -0.355297 -0.0122147 -0.646458 -0.0466892 -0.00322039 -0.147168 0.0629258 0.0873672 0.306461 -0.467662 0.100256 -0.0763566 -0.740678 -0.0390671 -0.978788 
8.48277 17 0.05 0 0.00936458 0.0653744 1.26346 0 0 0 0 0 -0.0775743 -0.45982 0.271253 0.479123 0.11761 0.0465222 0.274217 -0.127655 -0.301959 0.0447937 -0.825169 -0.024402 -0.0482717 -0.0126233 0.0252629 -0.036892 0.411718 -0.317393 0.136871 -0.267959 -0.505847 -0.108591 -0.773444 
8.50613 17 0.05 0 0.00874333 0.0637082 1.25313 0 0 0 0 0 -0.0783802 -0.46142 0.271326 0.477901 0.109347 0.0448923 0.26361 -0.0324505 -0.45679 0.342541 -1.39171 0.00882447 0.000461006 0.0690312 -0.0343497 0.052871 0.474406 -0.19195 0.020876 -0.758562 -0.142217 -0.0518996 -0.340295 
8.53936 17 0.05 0 0.00747791 0.0627243 1.24163 0 0 0 0 0 -0.0783815 -0.463165 0.271424 0.475627 0.101638 0.0433348 0.25347 -0.146155 -0.475556 0.027833 -1.45904 0.149187 -0.00731402 0.057837 -0.0310563 0.0152632 0.570326 0.00743365 0.0351827 -0.612831 -0.0629068 -0.14301 -0.28741 
8.57169 17 0.05 0 0.00559449 0.0618755 1.22895 0 0 0 0 0 -0.0774997 -0.464736 0.271568 0.472617 0.0945519 0.0417015 0.243834 -0.0408237 -0.339739 -0.0454763 -0.9586 -0.0236048 -0.00469582 -0.129062 0.0357582 -0.0154481 0.44477 -0.243486 0.139345 -0.280894 -0.344412 -0.116139 -0.608722 
8.59611 17 0.05 0 0.00335706 0.061035 1.21595 0 0 0 0 0 -0.0760065 -0.46654 0.271916 0.469449 0.0875905 0.0400397 0.234148 -0.0324921 -0.23142 -0.0560495 -0.553089 -0.00612585 0.0161588 -0.132719 0.0358414 -0.0177634 0.281932 -0.450709 0.232231 0.175849 -0.662445 -0.118896 -0.94207 
8.6059 17 0.05 0 0.000965288 0.0601851 1.20331 0 0 0 0 0 -0.07421 -0.468883 0.272595 0.466855 0.0802393 0.0383464 0.223887 -0.027575 -0.196777 0.0151596 -0.613308 0.0326589 0.0172841 -0.0367318 -0.0760768 0.00207591 0.114802 -0.357932 0.125632 0.264667 -0.648708 -0.101569 -0.857061 
8.64555 17 0.05 0 -0.00151407 0.0594386 1.19087 0 0 0 0 0 -0.0723999 -0.471574 0.273411 0.464921 0.0725495 0.0366509 0.213231 0.00664514 -0.0615606 -0.1017 -1.02425 0.0307225 -0.0501681 -0.117612 0.00347686 -0.02424 -0.0721815 -0.0666893 0.113701 0.0530705 -0.41224 -0.0308474 -0.535459 
8.65492 17 0.05 0 -0.00385945 0.0586 1.17797 0 0 0 0 0 -0.0708743 -0.474118 0.27433 0.463254 0.0649226 0.0350649 0.202719 -0.029133 0.117834 -0.219694 -1.00466 -0.0231977 -0.0392323 0.122846 -0.0866678 -0.00167218 -0.21306 -0.0499061 -0.0654566 0.228323 -0.484971 0.0109013 -0.502503 
8.68241 17 0.05 0 -0.00579598 0.0574874 1.16466 0 0 0 0 0 -0.0698335 -0.476505 0.275059 0.462108 0.0572321 0.033645 0.192385 -0.0510892 0.194379 -0.353804 -0.987046 -0.0963536 0.0585032 -0.123584 -0.0137621 -0.0351984 -0.347192 -0.023244 -0.00214695 0.249189 -0.426894 0.0395295 -0.558328 
8.71936 17 0.05 0 -0.00723679 0.0559076 1.15101 0 0 0 0 0 -0.0694513 -0.478705 0.275716 0.461473 0.0495734 0.0324222 0.182119 -0.0547021 0.274366 -0.208792 -1.17969 0.0630541 0.0394185 -0.0436145 0.00674683 -0.0166984 -0.335867 0.130793 -0.0961539 0.0972057 -0.23692 -0.0402319 -0.305494 
8.72929 17 0.05 0 -0.00809603 0.0541365 1.13672 0 0 0 0 0 -0.0696513 -0.480486 0.276155 0.461056 0.0422485 0.0312487 0.17232 -0.057981 0.232966 -0.183967 -0.627423 -0.0276783 0.0365217 0.00644748 -0.0109819 -0.0126609 -0.539949 -0.248609 -0.0127492 0.388766 -0.493445 0.124486 -0.747862 
8.75991 17 0.05 0 -0.00849303 0.0522306 1.12274 0 0 0 0 0 -0.0707167 -0.482506 0.276531 0.461314 0.0348039 0.0303894 0.162217 -0.0479414 0.195971 -0.116151 -0.742609 -0.0266631 0.0469652 0.00850661 -0.0227467 -0.029318 -0.474391 -0.33685 -0.00497157 0.311533 -0.408969 0.123187 -0.736749 
8.78049 17 0.05 0 -0.00852967 0.0503125 1.10886 0 0 0 0 0 -0.0724638 -0.484892 0.276865 0.462062 0.0273853 0.0298139 0.15185 -0.0608959 0.189572 0.0600721 -1.29316 0.00891471 -0.0788622 0.0959161 0.01169 -0.0388311 -0.293979 0.0344778 -0.149484 -0.10391 -0.0493928 0.102992 -0.193113 
8.80734 17 0.05 0 -0.00824836 0.0486746 1.09414 0 0 0 0 0 -0.0745342 -0.486996 0.276918 0.462567 0.0205832 0.0294635 0.142139 0.0147174 0.144385 0.180339 -1.11352 -0.0325151 -0.0266493 0.0997617 -0.0278962 -0.0149832 -0.250162 -0.164691 0.0113287 -0.260925 -0.0380908 0.00641723 -0.317045 
8.80335 17 0.05 0 -0.00775243 0.0474921 1.07894 0 0 0 0 0 -0.0768273 -0.489177 0.276986 0.462589 0.014358 0.0291568 0.132812 0.169273 0.0665818 0.176432 -0.366999 -0.0568937 0.0593001 -0.0321478 0.0463336 -0.0923653 -0.0335025 -0.575066 0.207493 0.333481 -0.539816 -0.107807 -0.860726 
8.83505 17 0.05 0 -0.00719137 0.0467175 1.06456 0 0 0 0 0 -0.0789606 -0.492118 0.277396 0.463169 0.00781248 0.0286979 0.122919 -0.112359 -0.148059 0.250774 -0.363244 0.114004 0.0319911 0.0727525 -0.0480857 0.0318276 0.153772 -0.668406 0.264463 0.331539 -0.571196 -0.0767313 -0.905583 
8.85552 17 0.05 0 -0.00693362 0.0464401 1.05092 0 0 0 0 0 -0.0806326 -0.495913 0.278214 0.464254 0.000918905 0.0281525 0.112427 -0.119268 -0.215514 0.162155 -0.874611 0.128424 0.00556116 0.0720395 -0.0458428 0.0485476 0.308068 -0.357231 0.184686 0.0429607 -0.276791 -0.100914 -0.529309 
8.88081 17 0.05 0 -0.00706689 0.0464648 1.03709 0 0 0 0 0 -0.0816225 -0.499957 0.279269 0.465311 -0.00579514 0.0274869 0.102026 -0.131536 -0.233772 0.0265005 -1.34512 0.133186 -0.00939558 0.0748203 -0.0400723 0.0649417 0.388564 -0.0273872 0.0726136 -0.197027 -0.033811 -0.112629 -0.159508 
8.90424 17 0.05 0 -0.00758775 0.0465325 1.02225 0 0 0 0 0 -0.0818537 -0.503665 0.280349 0.46593 -0.0119323 0.0266914 0.0923341 0.0183556 -0.204355 -0.206455 -1.04336 -0.174504 0.0239083 -0.0515427 0.0231022 -0.0220397 0.346485 0.175589 0.049265 -0.0543488 -0.132952 -0.154035 -0.101033 
8.92869 17 0.05 0 -0.00841136 0.0462382 1.00702 0 0 0 0 0 -0.0814663 -0.506721 0.281412 0.466398 -0.0177186 0.0257057 0.0833843 0.0250556 -0.155065 -0.238953 -0.553671 -0.1857 0.0337043 -0.00633541 0.0105104 -0.0129113 0.247636 -0.0735817 0.190964 0.36282 -0.517471 -0.0863528 -0.483333 
8.94781 17 0.05 0 -0.00942585 0.0455577 0.992276 0 0 0 0 0 -0.0806864 -0.509615 0.282705 0.467449 -0.0238547 0.0246636 0.0744428 0.0928086 -0.0487321 -0.282783 -0.254445 0.0312109 -0.102918 -0.052432 0.0220894 -0.0273394 0.146399 -0.133335 0.178025 0.375784 -0.58802 0.0335077 -0.497329 
8.96662 17 0.05 0 -0.0104294 0.0444485 0.978479 0 0 0 0 0 -0.079725 -0.512469 0.284187 0.469057 -0.0304359 0.0237784 0.0654796 0.0691492 0.0519581 -0.258782 -0.307215 0.0256874 -0.0826691 -0.0689513 0.0569152 -0.0397327 0.011334 -0.16274 0.122744 0.33478 -0.525142 0.0796932 -0.505713 
8.98508 17 0.05 0 -0.0112469 0.0429903 0.965447 0 0 0 0 0 -0.0788347 -0.515337 0.285743 0.471099 -0.0373155 0.0231167 0.0564773 0.0527415 0.274382 -0.051275 -0.757115 0.0184417 0.0344722 -0.0204713 -0.00355288 -0.05197 -0.247587 0.0467907 -0.119389 -0.211526 0.0172303 0.160088 -0.210993 
9.00351 17 0.05 0 -0.0115029 0.0415798 0.952313 0 0 0 0 0 -0.0784654 -0.517852 0.286942 0.472575 -0.0435136 0.0228001 0.0479548 0.166019 0.170141 0.0399417 -0.695939 -0.0413918 -0.00361788 -0.0811466 0.0236912 0.0433456 -0.167126 0.0424006 -0.0374002 -0.120481 -0.0681455 0.0828901 -0.188953 
8.99279 17 0.05 0 -0.0114327 0.0403736 0.939188 0 0 0 0 0 -0.0784277 -0.520054 0.28796 0.473698 -0.0492459 0.0226606 0.0399038 0.0635151 0.247284 0.11997 0.44715 -0.0769931 -0.0207281 -0.0397751 -0.0142425 -0.0421938 -0.315729 -0.705831 0.0747939 0.568319 -0.7222 0.163591 -0.94574 
9.02937 17 0.05 0 -0.0109279 0.0394962 0.928108 0 0 0 0 0 -0.078957 -0.523305 0.289016 0.475728 -0.055722 0.0228262 0.0309306 0.258621 0.227417 0.0227732 -0.710568 -0.0770724 0.00721412 -0.180611 0.0203441 -0.013649 -0.183106 0.0275538 -0.0948744 -0.444189 0.183426 0.0889701 -0.114177 
9.03433 17 0.05 0 -0.0100629 0.0387428 0.916804 0 0 0 0 0 -0.0797647 -0.526199 0.289801 0.476768 -0.0612547 0.0231358 0.0226033 0.287351 0.144857 0.00242676 -0.761465 -0.0878963 0.0121219 -0.208946 0.0343173 -0.00991427 -0.0768341 0.0591953 -0.0545299 -0.454329 0.199255 0.0375262 -0.0866519 
9.04422 17 0.05 0 -0.00901849 0.0380654 0.905198 0 0 0 0 0 -0.0806345 -0.528711 0.290413 0.47689 -0.0659028 0.0234838 0.0149098 0.290554 0.0457278 -0.0373178 -0.302429 -0.0940145 0.0079001 -0.201804 0.0348844 -0.0163046 0.00687074 -0.161671 0.109597 -0.0484279 -0.137303 -0.00865047 -0.358384 
9.03676 17 0.05 0 -0.00799012 0.0373844 0.894144 0 0 0 0 0 -0.0814093 -0.531279 0.291166 0.476912 -0.0703594 0.0237831 0.00729543 0.0211397 0.00393745 0.167808 0.274954 -0.0625717 -0.0556306 -0.0238046 -0.0496892 -0.0738534 0.0676362 -0.462671 0.1831 0.374358 -0.44734 -0.00831122 -0.533592 
9.04889 17 0.05 0 -0.00705227 0.0370744 0.884642 0 0 0 0 0 -0.081987 -0.534447 0.292181 0.477615 -0.075209 0.0240387 -0.000569487 0.126914 -0.0908707 -0.0469073 0.197768 -0.0203995 0.0276559 -0.162634 -0.0725607 -0.0814999 0.103826 -0.194992 0.18226 0.434097 -0.465727 0.0496085 -0.350821 
9.05561 17 0.05 0 -0.00637031 0.0367078 0.876405 0 0 0 0 0 -0.0823192 -0.537672 0.293435 0.479048 -0.0804527 0.0243611 -0.00833105 0.133363 -0.129004 -0.158894 -0.445067 -0.0220326 0.0248117 -0.160877 -0.082537 -0.0748726 0.185087 0.165975 0.0293287 -0.0133548 -0.150937 0.00549818 0.076028 
9.06229 17 0.05 0 -0.00599124 0.0360828 0.86813 0 0 0 0 0 -0.0822783 -0.540285 0.294624 0.480321 -0.0854768 0.0246631 -0.0152149 0.134627 -0.142285 -0.171477 -0.763842 -0.0279822 0.0267708 -0.166994 -0.0856607 -0.0751032 0.21081 0.325618 -0.0377027 -0.262921 0.026724 -0.0161867 0.274273 
9.07084 17 0.05 0 -0.00591225 0.0351991 0.859225 0 0 0 0 0 -0.0818502 -0.542044 0.295629 0.480984 -0.0899732 0.0249062 -0.0209348 0.134577 -0.120026 -0.0943955 -0.448092 -0.0290239 0.0291713 -0.171727 -0.0838431 -0.0730792 0.154008 0.10079 0.0525032 -0.049637 -0.105797 -0.00942926 0.061524 
9.07201 17 0.05 0 -0.0060647 0.0342232 0.850331 0 0 0 0 0 -0.0811754 -0.543448 0.296637 0.481492 -0.0942394 0.0251087 -0.0259959 -0.0202147 -0.128733 0.190756 0.703362 0.0322381 0.0224094 0.0996373 0.0430813 0.00419571 0.229075 -0.481829 0.353615 0.49736 -0.554356 -0.153663 -0.479041 
