#1 rho_s 
#2 coeffs 
108.019 0.02 0 0 1 0 0 0 0 0 0 0 0 0 0 0 0 0 0 0 0 0 0 0 0 0 0 
105.415 0.02 -0.00827196 -4.48547e-06 1 -3.18182e-05 0.000148438 -1.89242e-07 -0.00530357 2.14636e-06 7.03521e-05 -1.55506e-05 2.09327e-06 -1.69169e-06 -3.77132e-06 3.47499e-05 -1.06027e-05 6.08033e-05 3.64177e-05 1.10313e-05 4.69069e-05 4.58354e-06 -0.00184529 -5.08053e-06 -8.80713e-06 -5.33911e-06 -6.78764e-05 
96.6223 0.02 -0.0162785 -1.25843e-05 1.00134 -4.7131e-05 0.000249885 8.43384e-07 -0.0106245 2.13114e-06 6.86975e-06 1.43538e-05 -2.19641e-05 1.60318e-06 0.000771823 5.08987e-05 -1.81056e-05 0.000112603 4.34164e-05 1.6416e-05 8.03389e-05 5.4934e-06 -0.00368207 -9.23063e-06 -2.29819e-05 -1.49479e-05 -0.000101295 
80.559 0.02 -0.0238504 -2.43942e-05 1.00386 -5.14435e-05 0.000268578 1.15774e-06 -0.0158564 1.09957e-06 -3.43484e-05 3.16829e-05 -4.76514e-05 1.00533e-05 0.00222889 5.82981e-05 -1.47921e-05 0.000161659 7.45454e-05 2.67963e-05 0.000108256 3.88438e-06 -0.00548265 -1.35679e-05 -2.65233e-05 -1.90436e-05 -0.000130008 
66.1359 0.02 -0.0307818 -2.89062e-05 1.00724 -5.86597e-05 0.000272533 1.54693e-06 -0.0213105 -2.34618e-07 -8.6423e-05 3.46318e-05 -6.22848e-05 1.26999e-05 0.00414063 6.8758e-05 -1.57499e-05 0.00020373 8.31197e-05 3.62245e-05 0.000115443 3.99584e-06 -0.00712891 -1.67052e-05 -1.15683e-05 -2.25507e-05 -0.000128261 
65.7547 0.02 -0.0364821 -2.7459e-05 1.01073 -5.93929e-05 0.000247573 1.55948e-06 -0.0271008 -1.04891e-06 -0.000107993 5.05379e-05 -7.62273e-05 1.04701e-05 0.00601423 7.29611e-05 -4.31914e-06 0.00023728 8.69959e-05 4.36611e-05 0.000131079 4.87391e-06 -0.00819459 -1.99273e-05 -2.6428e-05 -2.35952e-05 -0.000134132 
70.5839 0.02 -0.0395484 -7.89903e-06 1.01319 -4.63271e-05 0.000224504 2.17664e-06 -0.0325025 -1.36595e-06 -0.000116078 9.04471e-05 -7.13085e-05 -6.05419e-06 0.0071379 6.59198e-05 6.75414e-06 0.000256883 6.4298e-05 4.95298e-05 0.000119187 5.03335e-06 -0.00806501 -2.2379e-05 -4.11696e-05 -2.32111e-05 -0.000119918 
73.3088 0.02 -0.0399644 5.67561e-06 1.0145 -2.59761e-05 0.000192811 2.59622e-06 -0.0373066 -1.83698e-06 -0.000124867 0.000127875 -6.51701e-05 -1.70207e-05 0.00748079 5.32068e-05 9.27305e-06 0.000281097 4.66067e-05 5.47834e-05 0.000115224 5.13253e-06 -0.00684761 -2.34636e-05 -4.06454e-05 -2.13352e-05 -0.000124679 
76.2137 0.02 -0.0384234 1.72366e-05 1.01498 1.44265e-05 0.000143256 2.72091e-06 -0.0416861 -3.8335e-06 -0.000107097 0.000165693 -6.50698e-05 -2.59841e-05 0.00728606 2.2721e-05 2.19276e-05 0.000300842 2.67092e-05 5.81052e-05 0.000139361 5.19516e-06 -0.00487945 -2.12048e-05 -7.37413e-05 -1.76812e-05 -0.000121814 
76.2929 0.02 -0.0354421 4.32641e-05 1.01487 5.05696e-05 9.74043e-05 3.64168e-06 -0.0457826 -4.57566e-06 -9.80361e-05 0.000205707 -6.78711e-05 -4.6602e-05 0.00672086 -4.02006e-06 2.46435e-05 0.000305138 2.84275e-05 6.16799e-05 0.000167232 5.12791e-06 -0.00236051 -2.09418e-05 -8.36849e-05 -1.40269e-05 -0.000134238 
75.7715 0.02 -0.0314226 4.764e-05 1.0143 7.57603e-05 4.71836e-05 4.88023e-06 -0.0496804 -5.4541e-06 -0.000101085 0.000259263 -7.49613e-05 -4.86938e-05 0.00591155 -2.17697e-05 2.32862e-05 0.000315845 2.76638e-05 6.38312e-05 0.000205178 3.77627e-06 0.000563189 -2.06616e-05 -7.54942e-05 -1.15908e-05 -0.000155615 
74.8206 0.02 -0.0266391 5.94674e-05 1.01338 7.95662e-05 8.72931e-06 5.26669e-06 -0.0534265 -7.25002e-06 -8.46196e-05 0.000302725 -7.92965e-05 -5.75521e-05 0.00492728 -2.34474e-05 2.05753e-05 0.00033879 2.65472e-05 6.53676e-05 0.000229205 3.89594e-06 0.00380821 -1.93267e-05 -8.44117e-05 -1.05132e-05 -0.000175613 
69.5459 0.02 -0.0212998 6.0692e-05 1.01217 6.80442e-05 -4.37112e-05 5.99112e-06 -0.0570444 -8.41537e-06 -8.14377e-05 0.00033115 -8.47461e-05 -5.78978e-05 0.00381591 -1.23729e-05 1.25742e-05 0.000365857 2.53784e-05 6.92106e-05 0.000267091 2.90506e-06 0.00731773 -1.89481e-05 -7.38603e-05 -9.56741e-06 -0.000203912 
68.2601 0.02 -0.0156245 8.89056e-05 1.01076 6.78534e-05 -8.97301e-05 5.38538e-06 -0.0605496 -9.44247e-06 -5.6041e-05 0.000351037 -8.7645e-05 -8.10654e-05 0.00263359 -1.15932e-05 1.18997e-05 0.000395668 2.28048e-05 7.33437e-05 0.000296872 4.8521e-06 0.0109932 -1.79658e-05 -9.18991e-05 -1.08457e-05 -0.000232818 
65.8151 0.02 -0.00976297 0.000112051 1.0092 5.72548e-05 -0.00013771 4.29149e-06 -0.0639857 -1.02792e-05 -4.81389e-05 0.000368158 -9.23996e-05 -9.99271e-05 0.00142635 -2.40045e-06 6.89459e-06 0.000422706 1.79692e-05 7.7645e-05 0.000328198 6.87697e-06 0.0147984 -1.70646e-05 -8.67888e-05 -1.32957e-05 -0.000260099 
64.8706 0.02 -0.00391708 0.000145633 1.00764 4.53288e-05 -0.000182594 2.95331e-06 -0.067407 -1.10305e-05 -3.30015e-05 0.000382287 -8.9531e-05 -0.000127552 0.000259359 7.81111e-06 7.15725e-07 0.000449142 5.61342e-06 8.13873e-05 0.000342632 9.43453e-06 0.0186459 -1.63781e-05 -8.69391e-05 -1.63363e-05 -0.00028546 
65.7922 0.02 0.00169542 0.000176225 1.0062 3.24589e-05 -0.000227799 1.65347e-06 -0.0708858 -1.15279e-05 -3.19934e-05 0.000400414 -7.81527e-05 -0.000152689 -0.000787623 1.88722e-05 -1.43588e-05 0.000466671 -5.36256e-06 8.28639e-05 0.000342889 1.1832e-05 0.0224394 -1.60316e-05 -5.95854e-05 -1.81862e-05 -0.000300621 
66.8943 0.02 0.00684312 0.000201512 1.00506 1.76471e-05 -0.000271066 4.20485e-07 -0.0744827 -1.18571e-05 -2.84025e-05 0.000416825 -5.88751e-05 -0.000173208 -0.00163729 3.18753e-05 -3.02888e-05 0.000488331 -7.77659e-06 8.33901e-05 0.00032951 1.3891e-05 0.0260724 -1.62188e-05 -3.26829e-05 -2.2022e-05 -0.000312053 
68.4484 0.02 0.0113492 0.000233636 1.0043 4.17049e-07 -0.000317146 -1.94632e-06 -0.0782161 -1.17448e-05 -2.46602e-05 0.000434152 -3.67406e-05 -0.000199724 -0.00224328 4.712e-05 -4.8796e-05 0.00051066 -7.31484e-06 8.18453e-05 0.000312544 1.83923e-05 0.0294593 -1.74134e-05 3.23529e-07 -2.76578e-05 -0.000315985 
68.7383 0.02 0.0151299 0.000258235 1.00398 -1.45537e-05 -0.000358695 -3.70665e-06 -0.082078 -1.19002e-05 -2.98965e-05 0.000445673 -1.32369e-05 -0.000220028 -0.00259625 6.03772e-05 -6.90994e-05 0.000528075 -1.1342e-06 8.05738e-05 0.000291339 2.20442e-05 0.0325636 -1.82601e-05 4.45194e-05 -3.32342e-05 -0.000316556 
68.4068 0.02 0.018184 0.000274667 1.00408 -2.84567e-05 -0.000402131 -4.3785e-06 -0.0860443 -1.22314e-05 -3.61862e-05 0.000451864 9.37315e-06 -0.000233551 -0.00271143 7.2639e-05 -8.2398e-05 0.000551072 5.22062e-07 7.93574e-05 0.000275586 2.39604e-05 0.035382 -1.87282e-05 7.68622e-05 -4.18087e-05 -0.000311096 
67.6081 0.02 0.0205907 0.000289568 1.00453 -4.40048e-05 -0.000446328 -4.99489e-06 -0.0900811 -1.20674e-05 -3.63713e-05 0.000459379 3.23154e-05 -0.000246165 -0.00262814 8.62201e-05 -9.12098e-05 0.000571446 3.4581e-06 7.62813e-05 0.000262431 2.6332e-05 0.0379524 -2.0305e-05 9.47875e-05 -5.01203e-05 -0.000306787 
67.1374 0.02 0.0224915 0.000298357 1.00525 -5.8995e-05 -0.000491415 -4.79438e-06 -0.0941614 -1.17131e-05 -4.11362e-05 0.000473855 4.90397e-05 -0.000254071 -0.00239246 9.9069e-05 -9.26492e-05 0.000587683 8.35601e-06 7.03696e-05 0.000263607 2.74938e-05 0.0403422 -2.21252e-05 0.000101938 -5.90183e-05 -0.000299129 
65.9655 0.02 0.0240642 0.000304236 1.00611 -7.06472e-05 -0.00053029 -4.16277e-06 -0.0982462 -1.20226e-05 -4.24573e-05 0.000485902 6.43342e-05 -0.00025957 -0.00206244 0.000109305 -9.41177e-05 0.000607019 1.4766e-05 6.35916e-05 0.000263725 2.81214e-05 0.0426456 -2.27766e-05 0.000102419 -6.9958e-05 -0.000287692 
66.0823 0.02 0.0254956 0.000317073 1.00697 -8.21897e-05 -0.000564167 -5.10688e-06 -0.102295 -1.21229e-05 -5.73068e-05 0.000503439 8.72087e-05 -0.000270699 -0.00169336 0.00011974 -0.000102173 0.000624769 2.74136e-05 5.40582e-05 0.000248131 3.15543e-05 0.0449454 -2.39031e-05 0.000128002 -8.0874e-05 -0.000275155 
66.4627 0.02 0.0269661 0.000334248 1.00773 -0.00010095 -0.000596328 -7.24351e-06 -0.10627 -1.04021e-05 -7.30183e-05 0.000533098 0.000101088 -0.000285156 -0.00133625 0.000136167 -0.000103938 0.000652801 3.28042e-05 4.04271e-05 0.000248104 3.63733e-05 0.0473299 -2.75024e-05 0.000141464 -9.53102e-05 -0.000269245 
66.5547 0.02 0.0286282 0.000341717 1.00825 -0.000104634 -0.000619555 -7.56612e-06 -0.11013 -1.2189e-05 -9.22388e-05 0.000559899 0.000112163 -0.00029085 -0.00103442 0.000139855 -0.00010424 0.000679774 4.50447e-05 2.70967e-05 0.000244679 3.65991e-05 0.0498677 -2.40634e-05 0.000156654 -0.000109178 -0.000265482 
67.8687 0.02 0.0305785 0.000354832 1.00847 -0.000105668 -0.000633039 -9.87228e-06 -0.113841 -1.41206e-05 -0.000119959 0.000579662 0.000126254 -0.000299787 -0.000817258 0.000140672 -0.000101783 0.000705557 6.21908e-05 1.66005e-05 0.000229069 3.76516e-05 0.0525987 -1.94847e-05 0.000177343 -0.00012291 -0.000255248 
68.3263 0.02 0.0328675 0.000355331 1.00833 -0.000107975 -0.000640143 -9.47656e-06 -0.117379 -1.59597e-05 -0.000150157 0.000592427 0.000143106 -0.000297453 -0.00070087 0.000143079 -9.70568e-05 0.000727591 8.11393e-05 8.54718e-06 0.000205226 3.24898e-05 0.0555453 -1.57353e-05 0.000196169 -0.000135618 -0.000235362 
66.5385 0.02 0.0354754 0.00035982 1.00784 -0.000108552 -0.000638571 -1.06265e-05 -0.120729 -1.83078e-05 -0.000194751 0.000596561 0.000164193 -0.000297513 -0.000688585 0.000144014 -0.00010484 0.000738382 0.00010222 3.97958e-06 0.00016698 2.73114e-05 0.0586945 -1.10215e-05 0.000254884 -0.000143869 -0.000203124 
67.2682 0.02 0.0383011 0.000366609 1.00707 -0.000112926 -0.000642071 -1.2569e-05 -0.123902 -1.96296e-05 -0.000239825 0.000588858 0.00017621 -0.000299812 -0.000759709 0.00014873 -0.000107717 0.000755311 0.000112179 4.46757e-06 0.000152431 2.33381e-05 0.061989 -8.08763e-06 0.000304932 -0.000155074 -0.000173374 
66.6243 0.02 0.0412544 0.000370483 1.00607 -0.00011123 -0.00064877 -1.41354e-05 -0.12689 -2.20371e-05 -0.000288465 0.0005972 0.000185008 -0.000299663 -0.000907588 0.000148101 -0.000115071 0.000773858 0.000130384 -1.78415e-06 0.000148982 1.71619e-05 0.0653949 -2.23777e-06 0.000366838 -0.000166612 -0.000154515 
65.6183 0.02 0.0441997 0.00037902 1.00492 -0.000113127 -0.000647926 -1.75182e-05 -0.129692 -2.30709e-05 -0.000337889 0.000602564 0.000188853 -0.000301492 -0.00111871 0.000150504 -0.000109657 0.000795734 0.000149355 -6.23124e-06 0.000146411 1.09121e-05 0.068846 1.99241e-06 0.000404863 -0.000179591 -0.000138067 
65.3772 0.02 0.0469705 0.000384999 1.00372 -0.000116222 -0.00064192 -2.03008e-05 -0.132293 -2.34533e-05 -0.00038181 0.0006111 0.00018085 -0.000300564 -0.00138329 0.000153812 -0.000105435 0.00081955 0.000155446 -1.33342e-05 0.000162106 2.99793e-06 0.0722584 6.32231e-06 0.000439069 -0.000193783 -0.00011996 
64.4969 0.02 0.0493987 0.000394102 1.00259 -0.000118462 -0.000633987 -2.41175e-05 -0.134693 -2.38639e-05 -0.000419432 0.000616711 0.000174127 -0.000300683 -0.00168756 0.000154905 -0.000107757 0.000836349 0.000159879 -1.975e-05 0.000173872 -5.18278e-06 0.0755498 1.25278e-05 0.00047901 -0.000204949 -9.29072e-05 
63.761 0.02 0.0513541 0.000397013 1.0016 -0.000127336 -0.000623724 -2.62991e-05 -0.13687 -2.20425e-05 -0.000453154 0.000615495 0.000165749 -0.000296921 -0.00203156 0.000158433 -0.000112226 0.000853789 0.00016528 -2.29918e-05 0.000187543 -1.53831e-05 0.0786513 1.86071e-05 0.000518112 -0.000217052 -7.1881e-05 
62.7018 0.02 0.0527337 0.000403914 1.00083 -0.000133502 -0.000616334 -2.93958e-05 -0.138817 -2.06425e-05 -0.000476856 0.000615784 0.000161513 -0.000295796 -0.00241404 0.000159806 -0.000125797 0.000859496 0.0001729 -2.763e-05 0.000197317 -2.57972e-05 0.0815067 2.55036e-05 0.000563142 -0.000224427 -5.74554e-05 
63.4412 0.02 0.0534843 0.000419145 1.0003 -0.000136368 -0.000613295 -3.48191e-05 -0.140528 -1.98523e-05 -0.000503333 0.000613509 0.000159642 -0.000299786 -0.00283478 0.000158356 -0.000126189 0.000857385 0.000176921 -3.1722e-05 0.000207758 -3.41724e-05 0.0840829 3.45678e-05 0.000583056 -0.000228091 -4.24371e-05 
63.0791 0.02 0.0535883 0.000433281 1.00001 -0.000152664 -0.000603937 -4.00663e-05 -0.141962 -1.54633e-05 -0.000533473 0.000609708 0.000153742 -0.000302449 -0.00332167 0.000166182 -0.00012055 0.000858137 0.000179408 -3.75334e-05 0.000217812 -4.34151e-05 0.0863677 3.91029e-05 0.000594874 -0.000234646 -2.36319e-05 
62.5533 0.02 0.0530659 0.000444393 0.999963 -0.000168517 -0.000607129 -4.4742e-05 -0.143106 -1.06166e-05 -0.000566461 0.000604772 0.0001574 -0.000301619 -0.00388578 0.000173218 -0.000108175 0.000854079 0.000178456 -4.27166e-05 0.000224551 -5.56324e-05 0.0883643 4.37508e-05 0.000596428 -0.000238728 -6.0628e-06 
61.9975 0.02 0.0519662 0.000461027 1.00012 -0.000182189 -0.000598731 -5.11016e-05 -0.143962 -6.34475e-06 -0.000600316 0.000600104 0.000151977 -0.000303118 -0.00453435 0.000178562 -8.85476e-05 0.000849155 0.0001778 -4.73737e-05 0.000234638 -6.83293e-05 0.0900914 5.00277e-05 0.000582271 -0.000242035 1.06286e-05 
61.4865 0.02 0.0503544 0.000478675 1.00044 -0.000199412 -0.000578266 -5.75543e-05 -0.144508 -2.55653e-07 -0.00066547 0.000593435 0.000134533 -0.00030532 -0.00528152 0.000185154 -3.56652e-05 0.00084808 0.000170911 -5.07271e-05 0.000253701 -8.09105e-05 0.0915698 5.51259e-05 0.000537732 -0.000247417 2.83503e-05 
61.3186 0.02 0.0482982 0.000485368 1.0009 -0.000210848 -0.000576845 -6.15165e-05 -0.144798 4.51422e-06 -0.000702829 0.000581295 0.000132111 -0.000299491 -0.00610762 0.000186908 -1.29041e-06 0.000844625 0.000162901 -5.16872e-05 0.000264494 -9.7735e-05 0.0928351 6.42133e-05 0.000497418 -0.000253588 4.56889e-05 
60.4325 0.02 0.0458749 0.000468444 1.00145 -0.000218724 -0.000561898 -5.7812e-05 -0.144801 8.55667e-06 -0.000738455 0.000568856 0.000121309 -0.000279207 -0.00703387 0.000185243 3.41548e-05 0.000836302 0.000150592 -5.28125e-05 0.000274702 -0.000122113 0.0939148 7.58807e-05 0.00045416 -0.000258923 6.11463e-05 
60.2008 0.02 0.04316 0.000451153 1.00206 -0.000227463 -0.000552129 -5.41677e-05 -0.14457 1.2912e-05 -0.000771676 0.000558262 0.000115882 -0.000258704 -0.00803756 0.000184614 6.79387e-05 0.000825284 0.000154478 -5.41824e-05 0.000280593 -0.000146116 0.0948463 8.62984e-05 0.000412541 -0.000262227 8.47208e-05 
59.9246 0.02 0.0402211 0.000428451 1.00269 -0.000226266 -0.000553722 -4.86776e-05 -0.144122 1.40189e-05 -0.000801651 0.000548074 0.000120585 -0.000235292 -0.00911673 0.000177517 9.91638e-05 0.000806586 0.000160464 -5.70995e-05 0.000279339 -0.00016974 0.0956611 0.000100203 0.000373841 -0.000260917 0.000110696 
60.0868 0.02 0.0371148 0.000408985 1.00334 -0.000226279 -0.000556454 -4.38878e-05 -0.143488 1.55883e-05 -0.000822128 0.000538991 0.000125184 -0.000215953 -0.0102569 0.000171162 0.000125233 0.000783088 0.000169418 -5.89653e-05 0.000279275 -0.000188499 0.0963884 0.000112526 0.000334188 -0.000258384 0.000137984 
59.3753 0.02 0.0339027 0.000374127 1.00394 -0.000216052 -0.000570487 -3.42774e-05 -0.142649 1.37476e-05 -0.00083316 0.000516851 0.000136895 -0.00018741 -0.0114716 0.000158841 0.000141717 0.000755093 0.000183643 -5.39769e-05 0.000278754 -0.000212597 0.0970511 0.000127908 0.000302411 -0.000253711 0.000156002 
59.2846 0.02 0.0306298 0.000343609 1.0045 -0.00019994 -0.00058598 -2.49609e-05 -0.141665 1.04772e-05 -0.000834751 0.000490735 0.000150405 -0.000163265 -0.0127344 0.000142453 0.000151747 0.000734709 0.000198581 -4.72254e-05 0.000276092 -0.000233218 0.0976772 0.000144739 0.000273338 -0.000252287 0.000170994 
59.6861 0.02 0.0273243 0.000316005 1.00501 -0.000182402 -0.00058934 -1.59282e-05 -0.140552 6.15891e-06 -0.00084406 0.000465339 0.000153498 -0.00014203 -0.0140386 0.00012668 0.000168862 0.000711348 0.000205935 -4.07042e-05 0.000278124 -0.000250959 0.0982801 0.00016003 0.000241165 -0.000249937 0.000180432 
59.27 0.02 0.0239959 0.000287985 1.00544 -0.000150147 -0.000595788 -6.86936e-06 -0.139286 -2.17337e-06 -0.000856807 0.000440844 0.000159709 -0.000121926 -0.015397 0.000100919 0.000182928 0.000684848 0.000209168 -3.39474e-05 0.000277103 -0.000265694 0.0988592 0.000180767 0.000221857 -0.000245736 0.000192096 
58.976 0.02 0.0206532 0.000264648 1.00582 -0.000120524 -0.000602379 1.40169e-06 -0.137891 -1.03022e-05 -0.000863998 0.000420315 0.000164108 -0.000106402 -0.0167971 7.84365e-05 0.000188185 0.000656101 0.00021187 -2.91239e-05 0.000280266 -0.000277066 0.0994196 0.000198641 0.000214519 -0.000240988 0.000195688 
58.7487 0.02 0.0172837 0.000239733 1.00613 -8.45065e-05 -0.000604586 1.03675e-05 -0.136367 -1.99681e-05 -0.000848043 0.000409121 0.000165081 -9.08527e-05 -0.0182376 5.16479e-05 0.000164516 0.000637819 0.000215641 -2.61132e-05 0.000284012 -0.00028775 0.0999499 0.00021849 0.000238183 -0.000238038 0.000200662 
58.9926 0.02 0.0138705 0.000215877 1.00642 -6.16229e-05 -0.000655367 1.90977e-05 -0.134741 -2.59435e-05 -0.000811616 0.00039623 0.000205772 -7.65773e-05 -0.019703 3.55051e-05 0.000119114 0.000619507 0.000224896 -2.31353e-05 0.000267932 -0.000296356 0.100446 0.000230006 0.000280973 -0.000235002 0.000200299 
58.5938 0.02 0.0103897 0.000193163 1.00669 -5.37285e-05 -0.000715385 2.81609e-05 -0.133013 -2.85734e-05 -0.000779216 0.000383697 0.000251048 -6.40571e-05 -0.0211906 3.1752e-05 7.96688e-05 0.000601769 0.000233367 -2.03046e-05 0.000254288 -0.000303375 0.100897 0.000233802 0.000317604 -0.000232117 0.000197964 
58.1315 0.02 0.00682464 0.000174782 1.00697 -4.56506e-05 -0.000755401 3.7148e-05 -0.131191 -3.15067e-05 -0.000777552 0.000368657 0.000282816 -5.59188e-05 -0.0226945 2.81928e-05 6.17784e-05 0.000588284 0.000238177 -1.62574e-05 0.000242715 -0.000308 0.101293 0.000237185 0.000350517 -0.000231388 0.000205104 
58.932 0.02 0.00315556 0.000155371 1.00726 -3.92822e-05 -0.000787839 4.6236e-05 -0.129297 -3.4315e-05 -0.000755182 0.000353397 0.000299415 -4.70996e-05 -0.0242005 2.63633e-05 3.25916e-05 0.000576154 0.000245342 -1.37157e-05 0.00025258 -0.000311103 0.101628 0.000239316 0.000381561 -0.000232566 0.000220822 
58.3168 0.02 -0.000631803 0.000134413 1.00758 -2.38508e-05 -0.000815103 5.51364e-05 -0.127316 -3.92494e-05 -0.000746541 0.000343779 0.000310497 -3.74466e-05 -0.0257142 1.83469e-05 1.76638e-05 0.000561845 0.000244812 -1.37446e-05 0.000267015 -0.000313662 0.101893 0.000244298 0.000401556 -0.000233146 0.00024316 
58.5792 0.02 -0.00454818 9.40392e-05 1.00796 -2.97977e-05 -0.000809059 6.82027e-05 -0.125283 -3.92162e-05 -0.000732991 0.0003282 0.000294429 -1.3816e-05 -0.027217 2.66284e-05 -6.38348e-07 0.000545719 0.000243707 -1.24936e-05 0.000294595 -0.000322207 0.102089 0.000240291 0.00042283 -0.000231262 0.000272111 
58.8306 0.02 -0.00858815 3.32143e-05 1.00837 -4.10479e-05 -0.000799036 8.58967e-05 -0.12319 -3.79411e-05 -0.000718445 0.000305256 0.000274798 2.44632e-05 -0.028711 3.87217e-05 -1.32203e-05 0.000540355 0.000245561 -8.13567e-06 0.000323264 -0.00033754 0.102215 0.000233841 0.000432266 -0.000232695 0.000296339 
58.2053 0.02 -0.0127513 -2.34864e-05 1.00882 -3.90892e-05 -0.000772991 0.000102855 -0.12105 -3.98155e-05 -0.000702543 0.000277984 0.000240945 5.92173e-05 -0.0301909 4.1417e-05 -2.46282e-05 0.000538218 0.000244677 -3.52919e-06 0.000360177 -0.000351 0.102276 0.000231883 0.000439009 -0.000234388 0.00031268 
58.383 0.02 -0.0170165 -7.29912e-05 1.00933 -2.0688e-05 -0.00077222 0.000118093 -0.118891 -4.48692e-05 -0.000670741 0.000248862 0.000225911 8.83096e-05 -0.0316455 3.18993e-05 -4.4151e-05 0.000547836 0.000248354 3.33657e-06 0.000389737 -0.000361795 0.102284 0.000234376 0.000443583 -0.0002397 0.000325905 
58.3147 0.02 -0.0213578 -0.000117147 1.00986 -7.70424e-06 -0.000746228 0.000131509 -0.116722 -4.87745e-05 -0.000627902 0.000227397 0.000189181 0.0001127 -0.0330711 2.64658e-05 -7.29273e-05 0.000553254 0.000255618 6.53421e-06 0.000432212 -0.000369275 0.102254 0.000234992 0.000452137 -0.000243981 0.000342355 
57.9258 0.02 -0.0257514 -0.000134391 1.01043 3.69805e-06 -0.000722583 0.000139647 -0.11456 -5.26228e-05 -0.0006012 0.000213633 0.000159851 0.000117141 -0.0344649 2.25601e-05 -8.46894e-05 0.000558687 0.000259425 5.78711e-06 0.000463146 -0.000368026 0.102199 0.00023511 0.000446723 -0.000247854 0.000356139 
58.5789 0.02 -0.0301672 -0.000170776 1.01102 5.83272e-06 -0.00069309 0.000151571 -0.112446 -5.50238e-05 -0.000574802 0.000202407 0.000126701 0.000135746 -0.0358113 2.5259e-05 -9.28941e-05 0.000571333 0.000252987 3.39894e-06 0.000494603 -0.00037309 0.102143 0.000232795 0.00043558 -0.000254247 0.000371588 
58.2354 0.02 -0.0345565 -0.000204203 1.01159 1.92616e-05 -0.00065145 0.000162112 -0.110355 -5.9715e-05 -0.000530272 0.000181943 8.62229e-05 0.000152337 -0.0371251 1.94406e-05 -0.000109348 0.00058017 0.000248255 5.15866e-06 0.000525489 -0.000376127 0.102101 0.000233604 0.000419482 -0.000259189 0.000374812 
58.2995 0.02 -0.038879 -0.000231824 1.01213 2.82303e-05 -0.000640428 0.000171131 -0.108305 -6.37519e-05 -0.000492125 0.000165186 6.75415e-05 0.00016495 -0.0384031 1.65204e-05 -0.000126198 0.00059248 0.000235688 4.88106e-06 0.000550333 -0.000377015 0.102091 0.000232866 0.000411093 -0.00026482 0.000376195 
57.6512 0.02 -0.0430919 -0.00025486 1.01261 3.62718e-05 -0.000608045 0.000179872 -0.106312 -6.74205e-05 -0.000451782 0.000152819 3.10028e-05 0.000174245 -0.0396454 1.3994e-05 -0.000148554 0.00060328 0.000231777 4.13148e-06 0.000584321 -0.000377314 0.102136 0.00023176 0.000409437 -0.000269795 0.000370259 
57.9647 0.02 -0.0471775 -0.000281192 1.01306 4.43997e-05 -0.000596871 0.000188681 -0.104424 -7.09392e-05 -0.000436707 0.000138986 1.51896e-05 0.000185842 -0.0408373 1.12041e-05 -0.000142325 0.000617163 0.000234204 3.89863e-06 0.000603677 -0.000378626 0.102256 0.00023085 0.000386123 -0.000275952 0.000377197 
58.3225 0.02 -0.0511027 -0.000302089 1.01345 5.06537e-05 -0.000594714 0.000196358 -0.102632 -7.40016e-05 -0.000448587 0.000141018 7.31109e-07 0.000193689 -0.0419855 9.6812e-06 -0.000110829 0.000631579 0.000238368 -1.95114e-06 0.000629046 -0.000377925 0.102459 0.000229477 0.0003482 -0.000283196 0.000385669 
57.5129 0.02 -0.054833 -0.000327991 1.01375 5.52408e-05 -0.000591098 0.000204106 -0.100926 -7.7069e-05 -0.000453961 0.000147043 -1.30664e-05 0.000205251 -0.0430996 8.87507e-06 -8.38342e-05 0.00065241 0.000244904 -9.64284e-06 0.000651755 -0.000378409 0.102759 0.000228097 0.000311055 -0.00029323 0.000395802 
57.8571 0.02 -0.0583709 -0.00035057 1.01398 5.69886e-05 -0.000588687 0.000210747 -0.0993402 -7.98777e-05 -0.000454805 0.000149283 -1.79893e-05 0.000214492 -0.0441693 1.01925e-05 -6.75957e-05 0.000680234 0.000250587 -1.50145e-05 0.000660218 -0.000377883 0.103158 0.000226662 0.000287195 -0.000305869 0.00038779 
58.7453 0.02 -0.0617052 -0.000376905 1.01413 5.30694e-05 -0.000584407 0.000217718 -0.0978633 -8.20362e-05 -0.00045154 0.000159562 -2.53983e-05 0.000227441 -0.0452001 1.51064e-05 -5.64974e-05 0.000715711 0.000264159 -2.32346e-05 0.000671184 -0.000378653 0.103659 0.00022437 0.000267975 -0.000320166 0.0003676 
58.0639 0.02 -0.0648242 -0.000396906 1.01417 5.9324e-05 -0.000576181 0.000223588 -0.096468 -8.51223e-05 -0.000453911 0.000163769 -2.8561e-05 0.000235486 -0.0462035 1.22727e-05 -3.76257e-05 0.00074972 0.000275328 -2.77504e-05 0.000671328 -0.000378639 0.104259 0.000224062 0.000241593 -0.000334359 0.000346878 
58.157 0.02 -0.0677426 -0.000421851 1.01413 5.41732e-05 -0.000549034 0.000229868 -0.0951751 -8.66001e-05 -0.000445555 0.000169683 -4.87329e-05 0.000247087 -0.0471713 1.82583e-05 -2.55015e-05 0.000787873 0.000293362 -3.12013e-05 0.000679811 -0.000379554 0.104955 0.000221478 0.000217043 -0.000349613 0.000332564 
57.6723 0.02 -0.0704726 -0.000448718 1.01402 5.72349e-05 -0.000531793 0.000236375 -0.0939817 -8.89341e-05 -0.000448552 0.000178355 -5.53159e-05 0.000260457 -0.0481052 1.79477e-05 -6.86225e-06 0.000826042 0.000311844 -3.4442e-05 0.000676112 -0.000380899 0.105738 0.000220659 0.000192217 -0.000364789 0.000328354 
57.3598 0.02 -0.073044 -0.000476353 1.01385 5.89005e-05 -0.000513082 0.000243116 -0.0928925 -9.14865e-05 -0.000440313 0.000184829 -6.52571e-05 0.000275624 -0.0489999 1.78108e-05 -2.86192e-06 0.00087625 0.000339584 -3.69294e-05 0.00067606 -0.000382234 0.106596 0.000220313 0.000179821 -0.000383654 0.000321623 
57.4139 0.02 -0.0754917 -0.000504635 1.01365 6.04581e-05 -0.0005016 0.000249893 -0.091905 -9.33342e-05 -0.000442722 0.000169628 -6.72527e-05 0.000291454 -0.0498533 1.81995e-05 7.99018e-06 0.00090867 0.000362166 -3.09388e-05 0.000669479 -0.000383576 0.107511 0.000218966 0.000167931 -0.00039622 0.000316652 
57.7252 0.02 -0.077827 -0.000528168 1.01343 7.07839e-05 -0.000491505 0.000255589 -0.0910185 -9.67701e-05 -0.000434881 0.000144096 -6.96181e-05 0.00030298 -0.0506659 1.12475e-05 7.67561e-06 0.000933991 0.000377079 -2.09306e-05 0.000663398 -0.000384276 0.108478 0.000219838 0.000163944 -0.000406292 0.000311696 
58.7125 0.02 -0.0800477 -0.00054613 1.01318 8.32449e-05 -0.000494401 0.000260249 -0.0902228 -0.000100944 -0.000419198 0.000121589 -5.83887e-05 0.000309995 -0.0514391 1.91504e-06 -2.7979e-06 0.000963083 0.000401338 -1.12096e-05 0.000648474 -0.000383479 0.109491 0.000221188 0.000167409 -0.000416711 0.000308131 
58.2999 0.02 -0.0821485 -0.00055836 1.01287 9.50027e-05 -0.000504264 0.000264419 -0.0894796 -0.000104654 -0.000412441 0.000106536 -4.21447e-05 0.000313156 -0.0521847 -6.5485e-06 -2.90405e-06 0.000987046 0.000421792 -4.74335e-06 0.000632649 -0.000382134 0.110541 0.000222079 0.000163962 -0.000425902 0.000301128 
58.602 0.02 -0.0841536 -0.000563161 1.01252 0.00010502 -0.000527729 0.000267795 -0.0888025 -0.000107757 -0.000410171 9.28235e-05 -1.00446e-05 0.000311186 -0.0528956 -1.3937e-05 7.48026e-06 0.00100138 0.000434716 2.13255e-06 0.000605543 -0.000379865 0.111618 0.000222702 0.000149178 -0.000433027 0.00029123 
58.9494 0.02 -0.0860646 -0.000570218 1.01214 0.000123929 -0.000557205 0.000271263 -0.0881862 -0.000111466 -0.000404473 7.89662e-05 3.14477e-05 0.000311223 -0.0535738 -2.6974e-05 1.05947e-05 0.00100623 0.000454028 7.96392e-06 0.00057053 -0.000378162 0.112718 0.000224364 0.000142376 -0.000437006 0.000296326 
58.8975 0.02 -0.0878782 -0.000578874 1.01172 0.000135595 -0.000573923 0.00027453 -0.0876361 -0.000114023 -0.000390443 6.07907e-05 6.41284e-05 0.000312561 -0.0542165 -3.4241e-05 2.7025e-06 0.00101748 0.000474134 1.38908e-05 0.00053798 -0.000377088 0.113843 0.000224909 0.000144332 -0.000441543 0.000304831 
58.0583 0.02 -0.0896157 -0.000591045 1.01127 0.00013778 -0.000577885 0.00027779 -0.0871424 -0.000115512 -0.000372702 4.70917e-05 8.60969e-05 0.000316577 -0.0548252 -3.32358e-05 -5.06185e-06 0.00104158 0.00048015 1.88541e-05 0.000509558 -0.000376842 0.114977 0.000223653 0.000142488 -0.000450152 0.0003158 
57.606 0.02 -0.091281 -0.000604403 1.01082 0.000137933 -0.000573882 0.000281288 -0.0867425 -0.000117546 -0.000354411 3.34027e-05 9.98446e-05 0.000322198 -0.0553908 -3.2481e-05 -1.57056e-05 0.00105628 0.000477134 2.35774e-05 0.000486383 -0.000376512 0.116129 0.000222362 0.000143505 -0.000455949 0.000328635 
57.7564 0.02 -0.092876 -0.000605062 1.01037 0.000146878 -0.000579484 0.000283608 -0.0864402 -0.000120338 -0.000325617 2.07037e-05 0.000114205 0.00031839 -0.0559118 -3.75722e-05 -4.11981e-05 0.00107505 0.00048385 2.59273e-05 0.000470681 -0.000373521 0.117299 0.000222707 0.000155523 -0.000463058 0.000347355 
58.762 0.02 -0.0944048 -0.000610536 1.00994 0.000155981 -0.000569321 0.00028699 -0.0862445 -0.000123223 -0.000300198 2.11463e-05 0.000114912 0.000320094 -0.0563868 -4.23909e-05 -6.07001e-05 0.00107653 0.000505226 2.38225e-05 0.000461153 -0.000371912 0.118487 0.000223601 0.000163184 -0.000464697 0.000371405 
59.017 0.02 -0.0958261 -0.000616398 1.00948 0.00017352 -0.000554839 0.000290228 -0.0861273 -0.000127131 -0.000274359 1.66504e-05 0.000114809 0.0003216 -0.0568218 -5.35898e-05 -8.63688e-05 0.00108062 0.000541506 2.36484e-05 0.000448846 -0.000370099 0.119684 0.000226492 0.000179232 -0.000467998 0.000403615 
59.4187 0.02 -0.0971259 -0.000628198 1.00897 0.000181667 -0.000549956 0.000293559 -0.0860862 -0.000129506 -0.000219147 1.54741e-05 0.000123841 0.000327585 -0.0572158 -5.66459e-05 -0.000130076 0.00107721 0.00059149 2.20846e-05 0.000432396 -0.00036906 0.120888 0.000226909 0.000194548 -0.00046948 0.000422875 
60.0402 0.02 -0.098283 -0.000629066 1.0084 0.000192902 -0.000563523 0.00029601 -0.0861289 -0.000131772 -0.000161666 7.66724e-06 0.00015139 0.000325147 -0.0575663 -6.17659e-05 -0.00017055 0.00107215 0.000633362 2.29552e-05 0.000408352 -0.000366727 0.122105 0.000227103 0.000203112 -0.000469478 0.000451725 
60.2877 0.02 -0.0992815 -0.00063405 1.00777 0.000196853 -0.000576542 0.000298935 -0.0862359 -0.000133809 -0.000110201 -6.94593e-06 0.000180428 0.000325902 -0.0578755 -6.27471e-05 -0.000197183 0.00106979 0.00068008 2.55877e-05 0.000381693 -0.00036549 0.123321 0.000226388 0.000197529 -0.000470601 0.000490568 
60.4442 0.02 -0.100119 -0.000631419 1.00705 0.000196049 -0.000590793 0.000301426 -0.0864145 -0.00013535 -6.32486e-05 -1.04692e-05 0.000210747 0.000321109 -0.0581388 -6.03466e-05 -0.000223564 0.00105938 0.000730898 2.47491e-05 0.000354372 -0.000363745 0.124537 0.000224685 0.000195295 -0.000470636 0.000516828 
61.2363 0.02 -0.100798 -0.000637753 1.00627 0.000197683 -0.000605784 0.000304305 -0.0866686 -0.000137279 -1.5484e-05 -2.13075e-05 0.000246046 0.000322981 -0.0583557 -6.06475e-05 -0.000256069 0.00105774 0.000752726 2.73011e-05 0.000322221 -0.000363413 0.125749 0.000223155 0.000199752 -0.000473908 0.000535161 
61.2983 0.02 -0.101316 -0.000648196 1.0054 0.000206193 -0.000592114 0.00030818 -0.0869888 -0.000139652 3.07835e-05 -3.16488e-05 0.000255004 0.000328801 -0.058524 -6.66614e-05 -0.000283637 0.00106415 0.000790536 2.93907e-05 0.000301006 -0.000364739 0.126949 0.000222995 0.000198524 -0.000480017 0.000553625 
60.1078 0.02 -0.101684 -0.000659832 1.00448 0.00022502 -0.000575918 0.000311709 -0.0873929 -0.000142986 6.55547e-05 -3.54587e-05 0.000262888 0.000334767 -0.0586405 -7.97787e-05 -0.000303542 0.00108434 0.000832698 3.05627e-05 0.000278866 -0.000365512 0.128142 0.000224984 0.000196758 -0.000489524 0.000580879 
60.0242 0.02 -0.10193 -0.00066235 1.00354 0.000241479 -0.000575165 0.000314025 -0.0879181 -0.000145652 9.65163e-05 -3.91643e-05 0.000283587 0.000332883 -0.0586999 -9.05044e-05 -0.000309104 0.00110667 0.000871125 3.13654e-05 0.000254 -0.000364015 0.129347 0.00022643 0.000179252 -0.00049991 0.000606126 
61.7077 0.02 -0.102089 -0.000673978 1.0026 0.000269896 -0.000570924 0.000317687 -0.0885481 -0.000149203 0.000107772 -5.28626e-05 0.000290787 0.000339565 -0.0587079 -0.000109981 -0.000294374 0.00112393 0.000905586 3.67743e-05 0.000242857 -0.00036443 0.130548 0.000230047 0.000152028 -0.000508116 0.000632237 
62.2779 0.02 -0.102147 -0.000691665 1.00162 0.000301486 -0.000564783 0.000322034 -0.0892496 -0.00015248 0.000117478 -6.3461e-05 0.000289628 0.000352108 -0.058663 -0.000130283 -0.000280182 0.00114183 0.000946791 3.92089e-05 0.000240258 -0.000365311 0.131723 0.000234144 0.0001273 -0.000515444 0.00066342 
62.8977 0.02 -0.1021 -0.000701564 1.00059 0.000332737 -0.000582362 0.00032532 -0.0899991 -0.000155758 0.000133358 -6.66202e-05 0.000304833 0.00035874 -0.0585653 -0.00015042 -0.000276041 0.00115358 0.000994648 4.01205e-05 0.000236807 -0.000364733 0.132853 0.000237288 0.000109653 -0.000519676 0.000679449 
62.1053 0.02 -0.101974 -0.000709444 0.999503 0.00035385 -0.000613171 0.000328516 -0.0907743 -0.000158787 0.000121229 -7.57495e-05 0.00032804 0.000363892 -0.0584186 -0.000163691 -0.000252804 0.00116055 0.00104947 4.39693e-05 0.000234937 -0.000364125 0.133923 0.00023948 9.16434e-05 -0.000523002 0.000702926 
61.8493 0.02 -0.10179 -0.000712756 0.9984 0.000374106 -0.000639373 0.000330711 -0.0916024 -0.000161497 0.000116041 -9.02277e-05 0.000340163 0.000364306 -0.0582228 -0.000176346 -0.0002344 0.00117326 0.00111281 4.97184e-05 0.000242834 -0.000362515 0.134951 0.000240745 7.39709e-05 -0.000528276 0.000713101 
62.3759 0.02 -0.101574 -0.000717912 0.997306 0.00039628 -0.000672777 0.000333496 -0.0924946 -0.000164898 9.71943e-05 -0.000103539 0.000361414 0.00036676 -0.0579812 -0.000190973 -0.000216664 0.00118829 0.00117314 5.516e-05 0.000246414 -0.000362148 0.135949 0.000242788 6.88539e-05 -0.000534792 0.000723828 
63.2437 0.02 -0.101341 -0.000713255 0.996223 0.00042602 -0.000708569 0.000334961 -0.0934438 -0.000168812 7.92851e-05 -0.000116057 0.000382901 0.000362142 -0.0576958 -0.000211397 -0.000200015 0.0011955 0.00122609 6.15548e-05 0.000250817 -0.000359564 0.136917 0.000246619 6.55574e-05 -0.000537878 0.000736141 
63.2608 0.02 -0.101084 -0.000700717 0.995127 0.000460131 -0.000733037 0.000335603 -0.0944211 -0.00017328 5.64925e-05 -0.000124672 0.000397203 0.000351984 -0.0573656 -0.000234773 -0.000185116 0.00121084 0.00128174 6.50643e-05 0.000253769 -0.000356165 0.137833 0.000251649 6.92481e-05 -0.000543346 0.00076404 
63.6738 0.02 -0.100829 -0.000675701 0.994036 0.000485148 -0.000750493 0.000334993 -0.0954242 -0.000176921 3.59018e-05 -0.000135474 0.000408682 0.000332705 -0.0569961 -0.000251085 -0.000175916 0.00123574 0.0013312 6.78868e-05 0.000255236 -0.00035065 0.138699 0.000255379 7.81766e-05 -0.00055346 0.000796729 
63.5541 0.02 -0.100588 -0.000663042 0.992944 0.000525494 -0.000760334 0.000335909 -0.0964316 -0.00018199 6.83623e-06 -0.000142449 0.000425043 0.000322596 -0.0565916 -0.000278654 -0.000153262 0.00124198 0.001358 7.43e-05 0.000242502 -0.000347268 0.1395 0.000261971 7.79158e-05 -0.000555841 0.000825328 
64.1293 0.02 -0.100375 -0.000662066 0.991868 0.000559389 -0.000767401 0.00033844 -0.0974516 -0.000186487 -4.44117e-05 -0.000162789 0.000432455 0.000321941 -0.0561549 -0.000301066 -0.000109015 0.0012506 0.00137256 8.35892e-05 0.00023881 -0.000346615 0.140249 0.000266664 6.89229e-05 -0.00055812 0.000837809 
64.7508 0.02 -0.100183 -0.000655516 0.9908 0.000587177 -0.000764053 0.000340601 -0.0984823 -0.000189814 -9.70267e-05 -0.000172095 0.00043064 0.000317285 -0.0556855 -0.000319615 -6.94264e-05 0.00125074 0.00138847 8.81136e-05 0.000238009 -0.000344885 0.140948 0.000270725 6.59785e-05 -0.000557564 0.000848283 
65.2062 0.02 -0.100014 -0.000656546 0.989726 0.000604374 -0.000764851 0.000342907 -0.099499 -0.000192969 -0.000147682 -0.000179384 0.000430685 0.000317245 -0.0551871 -0.000332322 -2.5641e-05 0.00125333 0.00140502 8.94202e-05 0.000238887 -0.000343867 0.14158 0.000274278 5.67371e-05 -0.000559791 0.000879345 
64.8386 0.02 -0.0998821 -0.000675519 0.988647 0.000619345 -0.000753589 0.000347569 -0.100487 -0.000195969 -0.000170893 -0.000182289 0.000426336 0.000329885 -0.0546643 -0.000343598 -5.12892e-06 0.00124543 0.00141673 8.86442e-05 0.000233908 -0.000346766 0.142138 0.00027726 5.22857e-05 -0.000561257 0.000915899 
64.1945 0.02 -0.0998102 -0.000663721 0.987581 0.000630514 -0.000742229 0.000348331 -0.101446 -0.000198724 -0.000191594 -0.000170406 0.000419356 0.000318924 -0.0541252 -0.000351512 2.3201e-05 0.00124665 0.00142069 8.68501e-05 0.000232529 -0.000342931 0.14263 0.000279044 3.62725e-05 -0.000565513 0.000947605 
64.2702 0.02 -0.0998089 -0.000659738 0.986563 0.000654323 -0.000733014 0.000349725 -0.102411 -0.000202491 -0.000195448 -0.000166983 0.000407957 0.000314521 -0.053574 -0.000367902 4.3763e-05 0.00125291 0.00143038 8.56569e-05 0.000237914 -0.000340338 0.143092 0.000282316 1.49666e-05 -0.000570529 0.000978067 
65.1204 0.02 -0.0998713 -0.00065628 0.985613 0.000688689 -0.000719084 0.000352471 -0.103426 -0.000208167 -0.000200236 -0.000151693 0.000393167 0.000310716 -0.0530063 -0.000392528 5.99022e-05 0.00124935 0.0014347 7.89874e-05 0.000243232 -0.00033968 0.143563 0.000288614 -4.03599e-08 -0.000571964 0.00100529 
65.8254 0.02 -0.099997 -0.000674162 0.984703 0.000709534 -0.000705777 0.000357258 -0.104448 -0.000212 -0.000170496 -0.000128249 0.000367863 0.000322031 -0.0524262 -0.000406247 5.17243e-05 0.00125169 0.00142614 7.00352e-05 0.000262752 -0.000342422 0.144012 0.000291499 -1.55832e-05 -0.00057859 0.00104053 
65.0467 0.02 -0.100164 -0.00066009 0.983803 0.000718694 -0.000730603 0.000357812 -0.105454 -0.000213618 -0.000141489 -0.000102174 0.000358207 0.000310031 -0.0518339 -0.000410534 4.43367e-05 0.00124901 0.00141549 6.05684e-05 0.000296825 -0.000338418 0.144422 0.00029126 -3.1234e-05 -0.000583872 0.00107157 
64.7942 0.02 -0.10036 -0.000644165 0.982935 0.000723327 -0.000729579 0.000358409 -0.106487 -0.000214224 -0.000131014 -7.78225e-05 0.000341507 0.000295584 -0.0512283 -0.000410719 5.73365e-05 0.00125119 0.00141759 4.99673e-05 0.000316472 -0.000334248 0.14483 0.000289472 -5.71295e-05 -0.000591467 0.00109291 
65.6879 0.02 -0.100557 -0.000642343 0.982105 0.000715466 -0.000735423 0.000360653 -0.107583 -0.000213489 -0.000119489 -4.88978e-05 0.000333394 0.000291467 -0.0506044 -0.000400668 6.54228e-05 0.0012539 0.00141202 3.78835e-05 0.00033096 -0.000332995 0.145265 0.000285614 -7.74803e-05 -0.000599519 0.00110766 
65.9074 0.02 -0.100728 -0.000633851 0.981283 0.000703557 -0.000740895 0.000362289 -0.10873 -0.000212143 -0.000106154 -3.19577e-05 0.000332219 0.00028326 -0.0499591 -0.000387432 6.95451e-05 0.00125461 0.00138994 3.22166e-05 0.000338079 -0.000331072 0.145715 0.000280547 -9.43366e-05 -0.000607255 0.00111086 
65.2809 0.02 -0.100835 -0.000626093 0.980455 0.000692746 -0.000736733 0.000364497 -0.109947 -0.000211425 -0.000101399 -1.23368e-05 0.000325079 0.000275796 -0.0492883 -0.000375692 7.46871e-05 0.00126023 0.00137006 2.71566e-05 0.000345026 -0.000329815 0.146196 0.00027624 -0.000105258 -0.000616092 0.00110326 
65.7537 0.02 -0.100886 -0.000614765 0.979632 0.000698713 -0.000714695 0.000365802 -0.111232 -0.000213139 -0.000105699 6.47796e-06 0.000294998 0.000264605 -0.0485949 -0.000376539 8.52212e-05 0.00127303 0.00131059 2.16756e-05 0.000366148 -0.000327458 0.146708 0.000276367 -0.000113404 -0.000629498 0.00109774 
67.0334 0.02 -0.100821 -0.000606688 0.978792 0.000717893 -0.000702133 0.000367022 -0.112623 -0.000216673 -0.000126014 1.51486e-05 0.000274898 0.000256747 -0.0478675 -0.000386524 0.000102525 0.00128952 0.00125917 2.03212e-05 0.000382581 -0.000326043 0.14728 0.000278535 -0.000115203 -0.00064248 0.00110467 
66.4512 0.02 -0.100611 -0.000598143 0.977883 0.000718131 -0.000671725 0.000367338 -0.114075 -0.000216752 -0.000125908 2.08556e-05 0.000238242 0.000248882 -0.0471063 -0.000381457 0.000115537 0.0013014 0.001206 1.90265e-05 0.000405019 -0.000323185 0.147877 0.000275954 -0.000129982 -0.000653764 0.00110921 
66.9411 0.02 -0.100254 -0.000600385 0.97692 0.000740021 -0.000637484 0.000368727 -0.115605 -0.000220974 -0.000121303 1.51405e-05 0.00020858 0.000248682 -0.0463116 -0.000393287 0.000136031 0.00133007 0.00116467 2.06725e-05 0.000413773 -0.000322564 0.148514 0.000279215 -0.000158121 -0.000673411 0.00108907 
67.3133 0.02 -0.09975 -0.000601573 0.9759 0.000738857 -0.000599134 0.000369417 -0.117209 -0.000222364 -0.00013503 1.18086e-06 0.000180582 0.000247673 -0.0454865 -0.00038885 0.000171147 0.00136154 0.00113047 2.58501e-05 0.000416036 -0.000321057 0.149189 0.000277713 -0.000191371 -0.000688681 0.00106684 
66.443 0.02 -0.0990878 -0.000606551 0.974809 0.000728371 -0.000552401 0.000370413 -0.118881 -0.000223681 -0.000150649 -1.04386e-05 0.000145321 0.000249539 -0.0446271 -0.000379215 0.000204086 0.00138615 0.00111112 2.9082e-05 0.000419908 -0.000321017 0.149899 0.000275641 -0.000218947 -0.000699655 0.00105185 
67.1397 0.02 -0.0982866 -0.000647108 0.973675 0.000699928 -0.000498812 0.000376772 -0.120638 -0.000222786 -0.000141388 -3.18037e-06 0.000105017 0.000277803 -0.0437353 -0.000356832 0.000219799 0.00142583 0.00108403 2.57952e-05 0.00042503 -0.000329458 0.150661 0.000269344 -0.000247434 -0.00071602 0.00104125 
66.9896 0.02 -0.0973591 -0.000680423 0.972481 0.000654502 -0.000421781 0.000381505 -0.122441 -0.000219694 -0.000150755 -4.22089e-06 4.7708e-05 0.00030121 -0.0428178 -0.000322261 0.000241774 0.00149453 0.00106659 2.52529e-05 0.000430472 -0.000335713 0.151447 0.000259257 -0.000267439 -0.000745446 0.00103502 
68.02 0.02 -0.0963115 -0.000705645 0.971248 0.000625797 -0.000369015 0.000386002 -0.124321 -0.000218949 -0.000172599 -6.8938e-06 4.72251e-06 0.000319362 -0.041869 -0.000300639 0.000273428 0.00156402 0.00105939 2.59184e-05 0.000439381 -0.000340391 0.152285 0.000252901 -0.000286902 -0.000776372 0.00103552 
67.5326 0.02 -0.0951675 -0.000724492 0.969952 0.000578408 -0.000308327 0.000389713 -0.126214 -0.000215256 -0.000154405 1.04199e-05 -4.5517e-05 0.000333119 -0.0409022 -0.000265547 0.000269592 0.00162038 0.00105773 1.83141e-05 0.000449373 -0.00034358 0.153131 0.000241778 -0.000297145 -0.000801397 0.00103178 
68.3111 0.02 -0.0939645 -0.000719147 0.968622 0.000523097 -0.000239158 0.000389119 -0.128119 -0.000210626 -0.000133985 3.15535e-05 -0.00010767 0.000327689 -0.039924 -0.000224729 0.000265053 0.0016748 0.0010595 8.20696e-06 0.000467755 -0.000338838 0.153984 0.000229939 -0.00030969 -0.000821965 0.00103012 
68.0292 0.02 -0.0927437 -0.000720141 0.967251 0.000473702 -0.000163434 0.000389749 -0.129985 -0.000207284 -0.00011747 3.55348e-05 -0.000169165 0.00032749 -0.038944 -0.000188106 0.000251967 0.00173251 0.00108478 3.43679e-07 0.000478587 -0.000336901 0.154816 0.000220708 -0.000305703 -0.00084248 0.00103352 
67.9833 0.02 -0.0915469 -0.000717142 0.96587 0.000438529 -0.000102886 0.000389809 -0.131812 -0.000206288 -9.5962e-05 3.99756e-05 -0.000217076 0.000324166 -0.0379691 -0.000160985 0.000231772 0.00176647 0.00111051 -8.10223e-06 0.000485851 -0.000333962 0.155629 0.000214382 -0.000297623 -0.000855506 0.00102805 
67.7919 0.02 -0.0904481 -0.000706292 0.964481 0.000390776 -2.43774e-05 0.000389455 -0.133512 -0.000202204 -7.05686e-05 4.94734e-05 -0.000278325 0.000314461 -0.0370262 -0.000125555 0.000206452 0.00179765 0.00112103 -1.80284e-05 0.000495889 -0.000329823 0.156358 0.000203635 -0.000287016 -0.000865541 0.00100413 
68.3256 0.02 -0.0894467 -0.000730941 0.963139 0.000351747 3.61967e-05 0.00039518 -0.135177 -0.000199621 -2.12808e-05 5.58569e-05 -0.000324419 0.000331448 -0.0360983 -9.59026e-05 0.000166182 0.00182139 0.00113091 -2.64748e-05 0.000502212 -0.000336446 0.157078 0.000195482 -0.000279578 -0.000873105 0.000965445 
67.2167 0.02 -0.088589 -0.000730486 0.961833 0.00032533 9.03108e-05 0.00039614 -0.13674 -0.000199983 5.03617e-05 5.7071e-05 -0.000364688 0.000330627 -0.0352031 -7.53432e-05 0.000109969 0.00184479 0.00113734 -3.24522e-05 0.00050645 -0.000336371 0.157739 0.000191349 -0.000272065 -0.000882835 0.000941139 
67.533 0.02 -0.0878873 -0.00073635 0.960607 0.000301782 0.000176857 0.000398808 -0.138248 -0.000200017 0.000129589 4.85112e-05 -0.000420869 0.000335714 -0.0343368 -5.6838e-05 4.79798e-05 0.0018559 0.00112499 -3.13303e-05 0.000500961 -0.000338962 0.158375 0.000187951 -0.000263924 -0.000895094 0.000922787 
69.0419 0.02 -0.087361 -0.000747589 0.959462 0.000284013 0.000233375 0.000404067 -0.139681 -0.000201215 0.000160377 4.44693e-05 -0.000453652 0.000345669 -0.0335045 -4.35675e-05 1.48271e-05 0.00186771 0.00111159 -2.78575e-05 0.00049468 -0.000344849 0.158971 0.000186957 -0.00024819 -0.00090787 0.000891983 
68.5493 0.02 -0.0870153 -0.000760773 0.958336 0.000223664 0.000295522 0.000409522 -0.140938 -0.000193125 0.000196443 3.75015e-05 -0.00048009 0.000356996 -0.0327277 1.67124e-06 -2.1862e-05 0.00188186 0.00109326 -2.18276e-05 0.000473598 -0.000351412 0.159461 0.000171707 -0.000231836 -0.000919122 0.000859917 
68.6243 0.02 -0.0868452 -0.000751117 0.957266 0.000162755 0.000308704 0.000408796 -0.14208 -0.000185052 0.000217287 2.17984e-05 -0.000472516 0.000350797 -0.0319956 4.7616e-05 -5.96051e-05 0.00187236 0.0010734 -1.74918e-05 0.000453784 -0.00034894 0.15989 0.00015614 -0.000198778 -0.000923135 0.000815762 
69.1208 0.02 -0.0868476 -0.000705677 0.95624 0.000102788 0.000319902 0.000400769 -0.14309 -0.000176691 0.000263576 -1.3774e-05 -0.000464086 0.000317475 -0.031311 9.07986e-05 -9.42128e-05 0.0018624 0.00104768 -1.04039e-05 0.000434462 -0.000334993 0.16024 0.000141193 -0.000195653 -0.000923697 0.000762896 
68.4193 0.02 -0.0869994 -0.000671619 0.955254 4.67618e-05 0.000331015 0.000395758 -0.14399 -0.000168885 0.00033207 -6.09395e-05 -0.000462517 0.000291681 -0.0306684 0.000130209 -0.00014773 0.0018598 0.00101066 -4.99916e-07 0.000424373 -0.000325094 0.160532 0.000128028 -0.000188248 -0.000925307 0.000707548 
69.0652 0.02 -0.0872874 -0.000675153 0.954347 9.5139e-06 0.00034174 0.000398515 -0.144861 -0.000164949 0.000368215 -9.59722e-05 -0.000463043 0.000293245 -0.0300492 0.000155604 -0.000177864 0.00186777 0.000970282 6.89936e-06 0.000416584 -0.000327706 0.160819 0.000121834 -0.000180681 -0.000931765 0.00067821 
69.6488 0.02 -0.0876876 -0.000664939 0.953485 5.9339e-06 0.000376447 0.000399083 -0.14567 -0.000167708 0.000383119 -0.000136745 -0.000476841 0.000283976 -0.0294601 0.000154944 -0.000186049 0.00186673 0.00092306 1.89248e-05 0.000403502 -0.000327035 0.16108 0.000126996 -0.000182543 -0.000934312 0.00063789 
70.5123 0.02 -0.0881565 -0.000648284 0.952643 -3.45691e-05 0.000409926 0.000397823 -0.146433 -0.00016187 0.000433775 -0.000161839 -0.000476404 0.000269851 -0.0288907 0.000181614 -0.000211868 0.00186131 0.000870214 3.21609e-05 0.000368997 -0.000324503 0.161326 0.00011849 -0.000195265 -0.000935683 0.000599299 
69.5406 0.02 -0.0886978 -0.000638196 0.951773 -4.85552e-05 0.000458746 0.00039791 -0.147064 -0.000162034 0.000501519 -0.000204731 -0.000483971 0.000260492 -0.0283608 0.000188925 -0.00024588 0.00184391 0.000814035 4.90595e-05 0.00032727 -0.000323863 0.161498 0.000119332 -0.00021464 -0.000932595 0.00056704 
69.7296 0.02 -0.089242 -0.000575872 0.950925 -2.78128e-05 0.000475997 0.000386647 -0.14773 -0.000169419 0.000589549 -0.000228045 -0.000469263 0.000211617 -0.0278261 0.000170159 -0.000294327 0.00182728 0.000752435 6.21468e-05 0.000287431 -0.000305072 0.16171 0.000131772 -0.000234292 -0.000930718 0.000515884 
69.6789 0.02 -0.0898038 -0.000498554 0.950081 -1.60685e-05 0.00057262 0.000372331 -0.148373 -0.000176122 0.000668105 -0.000276022 -0.000502179 0.00015166 -0.027307 0.000156993 -0.000327244 0.00179026 0.000667987 8.06184e-05 0.000231981 -0.000280778 0.16192 0.000144148 -0.000266671 -0.000924827 0.000444414 
70.3016 0.02 -0.0903251 -0.000446397 0.949244 -1.70014e-06 0.000637435 0.000364211 -0.149075 -0.000182317 0.000675388 -0.000316226 -0.000501027 0.000110142 -0.0267729 0.000142357 -0.000314894 0.00175465 0.000593752 0.000100366 0.000160979 -0.000265942 0.162185 0.000156281 -0.000289857 -0.000917473 0.000377147 
70.6901 0.02 -0.0907996 -0.000402916 0.948394 2.12475e-05 0.000662375 0.000357776 -0.149811 -0.000189669 0.000672994 -0.000351406 -0.000471729 7.47988e-05 -0.0262308 0.000122184 -0.000300833 0.00169701 0.000513635 0.000118799 9.07304e-05 -0.000253542 0.16249 0.000169133 -0.000304744 -0.000907667 0.000328202 
69.9016 0.02 -0.0911873 -0.000392069 0.94752 5.06053e-05 0.00068823 0.000357693 -0.150613 -0.000198156 0.00064778 -0.000384269 -0.000445137 6.40928e-05 -0.0256684 9.69924e-05 -0.000271559 0.00165948 0.000436839 0.00014102 2.45398e-05 -0.000251475 0.162854 0.000184775 -0.000318096 -0.000898358 0.000270579 
71.0678 0.02 -0.0914587 -0.000354436 0.94665 0.000127255 0.000693164 0.000350812 -0.151554 -0.000216032 0.000661349 -0.000423638 -0.00041078 3.33747e-05 -0.0250666 3.75464e-05 -0.000263878 0.00163312 0.000369345 0.000162861 -3.05374e-05 -0.000239126 0.163326 0.000215233 -0.000341575 -0.000890348 0.00023114 
69.3422 0.02 -0.091595 -0.000333669 0.945717 0.000225761 0.000737933 0.00034782 -0.152556 -0.000238771 0.000649864 -0.000475463 -0.000402844 1.58319e-05 -0.0244377 -3.83596e-05 -0.000241929 0.00160946 0.000274625 0.000193834 -8.96138e-05 -0.00023331 0.163855 0.000253558 -0.000359962 -0.000880418 0.000185974 
70.4655 0.02 -0.091568 -0.000339406 0.944784 0.000303677 0.000790192 0.000350014 -0.153744 -0.000256493 0.000618592 -0.000517841 -0.000398893 1.81405e-05 -0.023751 -9.87514e-05 -0.000208936 0.00160207 0.000200186 0.000216413 -0.000150882 -0.000236233 0.16452 0.00028403 -0.000373464 -0.000874585 0.000140004 
70.1897 0.02 -0.0913666 -0.000370447 0.943795 0.000363301 0.000827464 0.000357015 -0.155046 -0.000270619 0.000597768 -0.000562608 -0.000372347 3.88536e-05 -0.0230197 -0.000145066 -0.000183341 0.0016088 0.000132142 0.000240534 -0.000230347 -0.000247347 0.165274 0.000308078 -0.000389014 -0.000874538 0.000100309 
71.5882 0.02 -0.0909737 -0.000394282 0.942755 0.000428636 0.000870816 0.000361863 -0.15649 -0.00028522 0.000574261 -0.00059938 -0.000354506 5.46837e-05 -0.0222341 -0.000194485 -0.000148937 0.00161672 6.95481e-05 0.000262037 -0.000303813 -0.000256413 0.166131 0.000333121 -0.000414835 -0.000882511 7.37257e-05 
70.854 0.02 -0.0904187 -0.000406396 0.941601 0.000474742 0.000874762 0.000363764 -0.157935 -0.000295366 0.000540187 -0.000637862 -0.00030491 6.09522e-05 -0.0214318 -0.000228828 -0.000107919 0.0016051 2.36578e-05 0.000288312 -0.000381719 -0.000260361 0.167002 0.00035045 -0.000438555 -0.000883534 5.44551e-05 
71.5448 0.02 -0.08969 -0.000433773 0.940378 0.000527141 0.000878935 0.000369467 -0.159472 -0.000306853 0.000523903 -0.00066874 -0.00024295 7.90804e-05 -0.0205863 -0.000265884 -7.83641e-05 0.00159974 -2.31777e-05 0.000307547 -0.000479016 -0.000269463 0.167943 0.000368995 -0.000464503 -0.000888751 1.76007e-05 
71.7477 0.02 -0.0888506 -0.00043748 0.939065 0.000583385 0.000889095 0.000368312 -0.160989 -0.000320765 0.000497264 -0.000679152 -0.000182768 7.87677e-05 -0.0197325 -0.000305174 -4.58783e-05 0.00156787 -6.26027e-05 0.000324488 -0.000578958 -0.000268203 0.168876 0.000389466 -0.00048401 -0.00087977 -3.32391e-05 
71.5173 0.02 -0.0879515 -0.000457831 0.93767 0.000629698 0.000866763 0.000371626 -0.162435 -0.000332926 0.000474034 -0.000667909 -0.00010807 9.0622e-05 -0.0188873 -0.000337318 -1.28353e-05 0.00151883 -0.000101685 0.000329953 -0.000663769 -0.000272965 0.169764 0.000406088 -0.000509144 -0.000863828 -8.8718e-05 
71.4122 0.02 -0.087066 -0.000434058 0.936239 0.000661498 0.000840729 0.000363623 -0.163797 -0.000340333 0.000439734 -0.000636577 -3.08417e-05 7.1244e-05 -0.0180635 -0.000356656 3.68351e-05 0.00145723 -0.000134989 0.000329462 -0.000749482 -0.000261219 0.170594 0.000413985 -0.000548009 -0.000843376 -0.000169329 
71.7146 0.02 -0.0862669 -0.000429557 0.934808 0.000666442 0.000793542 0.000360324 -0.165045 -0.000340837 0.000348749 -0.000633133 4.81141e-05 6.62073e-05 -0.0172799 -0.000356307 0.000111212 0.00133584 -0.000182168 0.000331925 -0.000811098 -0.000257228 0.171347 0.00041157 -0.000559992 -0.000802187 -0.000221077 
72.0692 0.02 -0.0856072 -0.000460143 0.933415 0.000690431 0.000719365 0.000365567 -0.166183 -0.000345613 0.000287584 -0.000629953 0.0001356 8.81364e-05 -0.0165374 -0.000368715 0.000166295 0.00121353 -0.000240354 0.000335545 -0.00085696 -0.000266777 0.172023 0.000414429 -0.000574507 -0.000756046 -0.000286857 
71.8003 0.02 -0.0851955 -0.000464491 0.932082 0.000732369 0.000643845 0.000364356 -0.167108 -0.000355494 0.000207569 -0.000653475 0.000217237 9.03424e-05 -0.0158811 -0.000394926 0.000230179 0.00111464 -0.000297403 0.000345943 -0.000891605 -0.000266673 0.172552 0.000425347 -0.000581499 -0.00071881 -0.000359226 
72.6376 0.02 -0.0850737 -0.000503278 0.930841 0.000787276 0.000564553 0.000372276 -0.16782 -0.000368251 0.000172315 -0.000652407 0.000296278 0.000117667 -0.0153181 -0.000431451 0.000262847 0.0010231 -0.000357389 0.000350504 -0.000917842 -0.000280076 0.172934 0.000441039 -0.00059126 -0.000684799 -0.000395406 
71.1865 0.02 -0.0852881 -0.00057482 0.929713 0.000774179 0.000470554 0.000387985 -0.168299 -0.000361954 0.000114582 -0.000634199 0.000385318 0.00016938 -0.01486 -0.000417639 0.000305398 0.000923095 -0.000396636 0.000355171 -0.000944979 -0.000305147 0.173156 0.000426739 -0.000591793 -0.000650823 -0.000424631 
73.0813 0.02 -0.0858434 -0.000633707 0.928781 0.00080747 0.000394804 0.000401375 -0.168676 -0.00036817 -8.61155e-05 -0.00057452 0.000450972 0.000212208 -0.0144722 -0.000438559 0.000419599 0.000830406 -0.000399037 0.000349746 -0.000955607 -0.000325818 0.173299 0.000431942 -0.000539405 -0.00061424 -0.000436109 
71.9102 0.02 -0.0867371 -0.000687302 0.927979 0.000813239 0.000286687 0.000413404 -0.168848 -0.000366699 -0.000361166 -0.000533318 0.000526054 0.000251519 -0.0141829 -0.000439273 0.000567418 0.000774854 -0.000420387 0.000350248 -0.000943488 -0.000344761 0.1733 0.00042568 -0.000454587 -0.000586905 -0.000448095 
72.09 0.02 -0.0878871 -0.000678873 0.927349 0.000804151 0.000170369 0.000407956 -0.168986 -0.000361862 -0.000634911 -0.000524755 0.000599461 0.000244721 -0.0139355 -0.000428301 0.000722407 0.000767674 -0.000438004 0.000349756 -0.000917406 -0.000337384 0.173273 0.00041436 -0.000383848 -0.00058129 -0.000443581 
73.0955 0.02 -0.0892089 -0.000672328 0.926861 0.000778117 6.29323e-05 0.000402807 -0.16915 -0.000352643 -0.000905811 -0.000525737 0.00066605 0.000239949 -0.0137029 -0.000403626 0.000869822 0.000760397 -0.000473228 0.000346207 -0.000893826 -0.00033062 0.173259 0.000395394 -0.000305992 -0.000574602 -0.000412157 
72.7016 0.02 -0.0906392 -0.00070747 0.926437 0.000704628 -2.37465e-05 0.000408095 -0.169285 -0.000330624 -0.00109658 -0.000539674 0.000721779 0.000266137 -0.0134917 -0.00034316 0.000960895 0.000766826 -0.000495579 0.000341748 -0.000878459 -0.000340123 0.173224 0.000356813 -0.000232365 -0.000570295 -0.000358715 
72.676 0.02 -0.0920482 -0.00074808 0.926054 0.000612122 -8.7048e-05 0.000415462 -0.169517 -0.000303906 -0.00129153 -0.000532979 0.000761338 0.000295402 -0.0132502 -0.000268682 0.00104015 0.000763905 -0.000517539 0.00033719 -0.000866263 -0.000351907 0.173252 0.000310594 -0.000137896 -0.00057232 -0.000341 
72.4184 0.02 -0.0933004 -0.000761761 0.925679 0.000548149 -0.00015081 0.000416694 -0.169958 -0.000285122 -0.00146771 -0.000525351 0.000795176 0.000304251 -0.0129292 -0.000213935 0.00110908 0.000760108 -0.000525628 0.000326853 -0.000844179 -0.000354359 0.17342 0.000276156 -5.05056e-05 -0.000574503 -0.000316103 
72.8226 0.02 -0.0942777 -0.000754402 0.925263 0.000502263 -0.000175367 0.000412891 -0.170669 -0.000270776 -0.00160737 -0.00052551 0.000805376 0.000297327 -0.0124992 -0.000173486 0.00115666 0.00075107 -0.000501879 0.000319451 -0.000831928 -0.000348941 0.173768 0.000249232 2.61952e-05 -0.000572954 -0.0003004 
72.7099 0.02 -0.0948663 -0.00075093 0.924744 0.000449904 -0.000203987 0.000410617 -0.171686 -0.000254985 -0.00175805 -0.000517527 0.000807119 0.000293567 -0.0119369 -0.000128901 0.00120936 0.000753418 -0.000502849 0.000310369 -0.000802055 -0.000346387 0.174328 0.000220258 0.000107975 -0.00057938 -0.000281255 
74.1523 0.02 -0.0949835 -0.000746675 0.924064 0.000397519 -0.000251732 0.000409675 -0.173013 -0.000239336 -0.00185616 -0.000510733 0.000806832 0.000290699 -0.0112324 -8.39992e-05 0.00121898 0.000735636 -0.000493482 0.000301161 -0.000747837 -0.000346351 0.175105 0.000192134 0.000199275 -0.000578563 -0.000267816 
73.0729 0.02 -0.0946222 -0.000699365 0.923137 0.000327426 -0.000399635 0.000397731 -0.174508 -0.000218071 -0.00197475 -0.000500883 0.000864224 0.000255132 -0.0104254 -2.53529e-05 0.00122326 0.000689817 -0.000467569 0.000294118 -0.000670802 -0.00032943 0.176012 0.000155856 0.000323949 -0.00056543 -0.000272555 
75.1013 0.02 -0.093748 -0.000640039 0.921986 0.000268465 -0.000519964 0.000382977 -0.17625 -0.000200812 -0.00201393 -0.000501607 0.000902634 0.000211242 -0.00948925 2.33258e-05 0.00116515 0.00063944 -0.000443329 0.000290511 -0.000597762 -0.000307479 0.177096 0.000127329 0.000455174 -0.000553472 -0.000300241 
74.43 0.02 -0.0924708 -0.000628159 0.920554 0.000281093 -0.000609078 0.000381026 -0.17801 -0.000203586 -0.00191591 -0.000508764 0.000926099 0.000202524 -0.00849884 1.89352e-05 0.0010218 0.000560228 -0.000396283 0.000293377 -0.000536601 -0.000305321 0.178213 0.000129938 0.000561833 -0.000532643 -0.000324982 
74.2488 0.02 -0.0908787 -0.000573835 0.918908 0.000288314 -0.000678034 0.000366434 -0.179792 -0.000205286 -0.00181981 -0.000517694 0.000932013 0.000162467 -0.0074601 1.67442e-05 0.000884335 0.000464303 -0.000331052 0.000299681 -0.000471865 -0.000283792 0.179352 0.000131649 0.000661226 -0.000497805 -0.000395838 
74.0679 0.02 -0.0891483 -0.000539802 0.917107 0.000269557 -0.000688352 0.00035921 -0.181469 -0.000199563 -0.00168388 -0.000463817 0.000887549 0.000139033 -0.00643348 3.20478e-05 0.000704738 0.000401433 -0.000236644 0.000287227 -0.000397811 -0.000274653 0.180428 0.000122897 0.000783875 -0.000483742 -0.000450574 
73.9678 0.02 -0.0874771 -0.000564488 0.915237 0.000297728 -0.000709367 0.000368961 -0.182937 -0.00020782 -0.0015441 -0.00033777 0.000846766 0.000159631 -0.00547475 1.17747e-05 0.000511113 0.000374417 -0.000162923 0.000246321 -0.000317195 -0.000292126 0.181361 0.000137107 0.000927482 -0.000490938 -0.000495478 
74.1186 0.02 -0.0860174 -0.000594899 0.913392 0.00030592 -0.000669387 0.00037946 -0.184168 -0.000210704 -0.00140448 -0.000180455 0.000757664 0.000184494 -0.00460886 5.64982e-06 0.000308602 0.000381894 -5.52945e-05 0.000194663 -0.00023259 -0.000311437 0.182131 0.000143222 0.00108676 -0.000502923 -0.000535725 
74.1842 0.02 -0.0849516 -0.000590551 0.911687 0.000237268 -0.00060171 0.000378655 -0.185123 -0.000191192 -0.00125066 -2.35461e-05 0.00064958 0.000183539 -0.00387603 5.56863e-05 0.000105009 0.000425233 4.16269e-05 0.00014136 -0.000149949 -0.000313151 0.182704 0.000115332 0.00122915 -0.000524188 -0.000589466 
73.1208 0.02 -0.0844825 -0.000539731 0.910175 0.000166239 -0.00058955 0.000362294 -0.185619 -0.000170123 -0.00110727 0.000139601 0.00057123 0.000147893 -0.00336718 0.000107247 -7.65814e-05 0.0004901 0.000114321 8.6276e-05 -4.75946e-05 -0.000289617 0.182961 8.54091e-05 0.00134613 -0.000553394 -0.000633145 
73.3179 0.02 -0.0847149 -0.000527989 0.908995 7.79616e-05 -0.000536806 0.000356059 -0.185753 -0.000142294 -0.00094072 0.000403223 0.000487997 0.000140251 -0.00307405 0.000170732 -0.000253457 0.000648033 0.00020535 4.12255e-06 1.19969e-05 -0.000280969 0.182957 4.54533e-05 0.00142459 -0.00061889 -0.000639601 
73.9243 0.02 -0.0856432 -0.000478557 0.908183 -8.60681e-05 -0.000442859 0.000338712 -0.185606 -9.09672e-05 -0.00068094 0.000675241 0.000378438 0.000105593 -0.00296608 0.000287687 -0.000476109 0.000857473 0.000305291 -8.06462e-05 6.44149e-05 -0.000255882 0.182747 -2.82034e-05 0.00146229 -0.000697812 -0.000671815 
74.5606 0.02 -0.0872519 -0.000396026 0.907722 -0.000287162 -0.0004468 0.000311359 -0.185169 -2.9083e-05 -0.000508591 0.00093731 0.000330982 4.66575e-05 -0.0030457 0.000432952 -0.000627361 0.00101814 0.000438628 -0.000160741 0.000134927 -0.000215953 0.182328 -0.000118064 0.00149043 -0.000756458 -0.000674464 
74.5987 0.02 -0.0893893 -0.000221983 0.907592 -0.00049225 -0.000464688 0.00025687 -0.184622 3.4209e-05 -0.000399591 0.00118272 0.000285501 -7.92602e-05 -0.00322902 0.000579886 -0.000727001 0.00115518 0.000561227 -0.000237676 0.000221478 -0.000134058 0.181822 -0.000208437 0.00151427 -0.000808013 -0.000684384 
74.2904 0.02 -0.0919112 -8.14187e-05 0.907717 -0.000654961 -0.000370169 0.000212802 -0.184018 8.51746e-05 -0.000231563 0.00139344 0.000168262 -0.000179674 -0.00347964 0.000694838 -0.000864089 0.00128843 0.000737131 -0.000304972 0.000289636 -6.89407e-05 0.181259 -0.000279387 0.00152783 -0.00085559 -0.00070695 
74.9235 0.02 -0.0945461 3.23651e-05 0.908019 -0.000834247 -0.000347907 0.000176469 -0.183576 0.000141024 -4.80937e-05 0.00159171 9.46421e-05 -0.000259451 -0.00368999 0.000821577 -0.000991289 0.00137794 0.000901491 -0.000371127 0.000375593 -1.61363e-05 0.180788 -0.000356712 0.00150879 -0.000892574 -0.000722717 
75.5965 0.02 -0.0970634 0.000154335 0.90835 -0.000962732 -0.000335084 0.000137728 -0.183342 0.000184349 0.000116359 0.00171975 3.19369e-05 -0.000345384 -0.00381703 0.000909771 -0.00109723 0.00147933 0.00101914 -0.000411866 0.000451858 4.04047e-05 0.18045 -0.000413842 0.0014806 -0.000939874 -0.000715874 
75.0597 0.02 -0.0992331 0.000274604 0.908556 -0.00101679 -0.000272891 9.9719e-05 -0.183341 0.000206068 0.000273966 0.00185602 -6.07608e-05 -0.000427852 -0.00382302 0.000941684 -0.0011913 0.00156476 0.00114128 -0.000458487 0.00051894 9.42285e-05 0.180273 -0.000436353 0.00144317 -0.000983897 -0.000705413 
74.9473 0.02 -0.100804 0.000362317 0.908575 -0.00108259 -0.000178442 7.11519e-05 -0.183785 0.000230618 0.00046245 0.00196468 -0.000167365 -0.000485564 -0.00361575 0.000980053 -0.00129597 0.00161465 0.00123935 -0.000501226 0.000571108 0.000133415 0.180401 -0.000460972 0.00138957 -0.00100532 -0.000701145 
76.1927 0.02 -0.101611 0.000465495 0.908327 -0.00110503 -8.0723e-05 3.8497e-05 -0.184738 0.000243301 0.000653811 0.00205088 -0.000269635 -0.000553963 -0.00315693 0.000984742 -0.00138341 0.00163853 0.00132659 -0.000532578 0.000613138 0.000177903 0.180886 -0.000466414 0.00130509 -0.0010181 -0.000691524 
74.6963 0.02 -0.101591 0.000546088 0.9077 -0.00106782 -5.25091e-05 1.23677e-05 -0.186088 0.000239131 0.00083347 0.00210833 -0.000320805 -0.00060423 -0.00247645 0.000943079 -0.00145621 0.00168065 0.00140423 -0.000549763 0.000656623 0.000210254 0.18167 -0.000444919 0.00121294 -0.00103339 -0.000702417 
76.4065 0.02 -0.100756 0.000642921 0.906737 -0.00100412 0.000123523 -1.82645e-05 -0.187881 0.000226964 0.000903423 0.00214968 -0.000465101 -0.000666152 -0.00156411 0.000881279 -0.001443 0.00169288 0.00146728 -0.000572126 0.000677658 0.000249029 0.182772 -0.000410797 0.00111149 -0.0010453 -0.000704044 
77.2796 0.02 -0.0991147 0.000738508 0.905373 -0.000963796 0.000295756 -5.01947e-05 -0.190006 0.000224446 0.000960347 0.0021987 -0.00060737 -0.000726742 -0.000445038 0.00083702 -0.00140713 0.00169322 0.00152956 -0.000595468 0.000700754 0.000289206 0.184127 -0.000391253 0.000993714 -0.00104586 -0.000676479 
76.2355 0.02 -0.096889 0.000851328 0.903621 -0.000948533 0.000355578 -8.82676e-05 -0.192203 0.000229021 0.00100486 0.00223093 -0.000674694 -0.000798676 0.00077273 0.000809215 -0.00135118 0.00172002 0.00157043 -0.000604516 0.000739739 0.000337785 0.185566 -0.000380187 0.000858023 -0.00105375 -0.000686467 
76.5933 0.02 -0.0942435 0.000973507 0.901592 -0.000917502 0.000346403 -0.000130768 -0.194453 0.000228238 0.000999882 0.00225575 -0.000697639 -0.000878072 0.00206884 0.000770699 -0.00124545 0.00182427 0.00161539 -0.000609588 0.00079073 0.000393539 0.187059 -0.000362383 0.000700368 -0.00108579 -0.000674303 
