#1 rho_s 
#2 coeffs 
Epsilon: -8.51618 + 5.31386i
10.7241 17 0.05 0 0.915092 -0.0089947 -0.0282071 0 0 0 0 0 0.03173 0.537903 0.00868894 0.494974 0.215343 0.0277427 0.0530459 0.075254 -22.0722 0.770123 0.643641 0.145618 0.176927 -0.0687054 -0.0269579 -0.021171 -16.188 -10.3932 11.8681 -21.0161 -4.76917 -0.612701 0.185451 
9.15164 17 0.05 0 0.857404 -0.00698191 -0.0265249 0 0 0 0 0 -0.0105788 0.510739 0.0397073 0.440046 0.202878 0.0261413 0.0535306 0.0518464 29.386 -0.510517 -0.862136 0.0162012 -0.000886698 0.0852627 -0.015612 -0.0655433 21.4365 12.9834 -17.4984 27.7373 6.53643 0.938549 -0.347862 
10.0836 17 0.05 0 0.868504 -0.00676904 -0.0268546 0 0 0 0 0 -0.00257297 0.514971 0.03176 0.450332 0.205495 0.0265926 0.0533196 0.121055 26.6371 -1.01651 -0.789396 0.0546667 0.00189598 0.0715316 -0.0451621 -0.0252353 19.5835 11.4247 -16.0165 25.4762 5.89465 0.821632 -0.297399 
11.3507 17 0.05 0 0.896982 -0.00745838 -0.0276991 0 0 0 0 0 0.0182678 0.526855 0.0138411 0.477363 0.211897 0.0275391 0.0529473 0.187359 -1.22943 -0.646609 0.319161 0.0772244 -0.0522861 -0.157719 -0.00336716 0.109433 -0.997861 -1.22847 0.530259 -1.17395 -0.367353 0.222736 0.168069 
10.3527 17 0.05 0 0.919393 -0.00849856 -0.0281556 0 0 0 0 0 0.0345963 0.53568 -0.000439291 0.49863 0.216868 0.0284779 0.0527662 -0.559398 -25.8491 1.18168 0.696431 -0.48772 -0.112937 0.332266 -0.0358172 -0.1327 -18.7393 -12.1055 14.0453 -24.9307 -5.62963 -0.596001 0.270861 
10.276 17 0.05 0 0.920331 -0.00855293 -0.0280727 0 0 0 0 0 0.0353359 0.534893 -0.00249363 0.499279 0.217138 0.0288095 0.0527958 -0.553621 -26.5157 1.3343 0.707169 -0.500773 -0.111115 0.340701 -0.012368 -0.131616 -19.1485 -12.4441 14.3632 -25.6264 -5.77808 -0.632829 0.259375 
11.0897 17 0.05 0 0.907453 -0.00791042 -0.0276463 0 0 0 0 0 0.026084 0.527905 0.00329375 0.486635 0.214383 0.0287398 0.0529516 -0.448437 -14.1646 0.872365 0.318528 -0.371658 -0.0866696 0.304025 0.0109326 -0.108816 -10.2044 -6.56462 7.99052 -14.336 -3.1433 -0.390268 0.0718942 
11.2773 17 0.05 0 0.889689 -0.00694408 -0.0271309 0 0 0 0 0 0.0133081 0.518808 0.0120622 0.468986 0.210528 0.0284922 0.0531184 -0.18525 8.43355 -0.440304 -0.359536 -0.0950531 -0.0767246 0.163431 0.0528676 -0.0687317 6.0396 3.64972 -4.73683 7.52703 1.89691 0.30032 -0.166722 
10.7638 17 0.05 0 0.878127 -0.00630648 -0.0268492 0 0 0 0 0 0.00498089 0.512574 0.0174999 0.457101 0.20805 0.0284167 0.053186 -0.0688243 21.0068 -0.613353 -0.412514 -0.00753057 0.0922071 -0.036125 0.014589 0.0387805 15.3327 9.33279 -12.1867 19.9767 4.61251 0.867386 0.0497276 
10.7277 17 0.05 0 0.87761 -0.00603967 -0.0267932 0 0 0 0 0 0.0046974 0.511423 0.0167344 0.455862 0.207987 0.0287326 0.0532644 -0.0533043 21.5079 -0.598706 -0.417684 -0.0263974 0.121898 -0.07298 0.0195078 0.0248017 15.6556 9.66246 -12.4658 20.4877 4.7551 0.864242 0.000174174 
11.157 17 0.05 0 0.886015 -0.00605999 -0.0269176 0 0 0 0 0 0.0108935 0.514422 0.0109619 0.463235 0.209889 0.0293552 0.0533308 -0.0982113 13.7044 -0.328919 -0.13949 -0.0417408 0.121053 -0.0383342 0.0389108 0.0478998 10.0831 6.16004 -7.87079 12.9109 2.95564 0.615207 0.137319 
11.3554 17 0.05 0 0.898897 -0.00620983 -0.0270828 0 0 0 0 0 0.0203824 0.519528 0.00273277 0.474894 0.212746 0.030149 0.0534443 0.0930176 -2.58594 0.481644 0.0607475 0.0395427 -0.0540418 -0.162734 -0.082503 -0.0284135 -1.68699 -1.04966 1.54927 -3.07428 -0.601382 -0.0640205 0.111405 
11.0196 17 0.05 0 0.909435 -0.00615152 -0.0272069 0 0 0 0 0 0.0282318 0.523694 -0.00403988 0.484136 0.215071 0.0308365 0.0535908 -0.0717396 -15.9724 1.12328 0.340307 0.12119 0.213209 0.250988 0.0389047 0.0164026 -11.2333 -7.42455 8.9675 -16.1883 -3.66919 -0.640055 0.0838568 
10.8692 17 0.05 0 0.912444 -0.00566157 -0.0271829 0 0 0 0 0 0.0307329 0.524451 -0.00648119 0.485925 0.215679 0.0311899 0.0537522 -0.112576 -18.9486 1.20988 0.391468 0.112542 0.217257 0.290621 0.0397477 -0.00852508 -13.3352 -8.96573 10.4896 -18.9799 -4.3339 -0.740028 0.104074 
11.1121 17 0.05 0 0.907896 -0.00477623 -0.0270137 0 0 0 0 0 0.0278664 0.521717 -0.00463963 0.4803 0.214569 0.031218 0.0539323 -0.115193 -13.5696 0.816946 0.201288 0.103073 0.195837 0.272965 0.0383816 -0.00471131 -9.54446 -6.492 7.5597 -13.7535 -3.13653 -0.60887 0.0114335 
11.3442 17 0.05 0 0.898775 -0.00368315 -0.026788 0 0 0 0 0 0.0217461 0.516857 -0.000173519 0.470152 0.212408 0.0310152 0.0540969 -0.104569 -1.6659 -0.00622778 -0.162811 0.0879971 0.139489 0.213385 0.0328216 0.00467193 -1.22523 -0.993927 0.870903 -1.93724 -0.416228 -0.221361 -0.111622 
11.2412 17 0.05 0 0.889883 -0.00269519 -0.0266448 0 0 0 0 0 0.0157398 0.512079 0.00420068 0.460228 0.210293 0.0307481 0.0542039 -0.0836084 9.86601 -0.662982 -0.478247 0.0777098 0.0790714 0.139949 0.0250839 0.0126618 6.79446 4.37681 -5.77376 9.64031 2.28335 0.229824 -0.161069 
11.0586 17 0.05 0 0.885599 -0.00205608 -0.0266959 0 0 0 0 0 0.0128947 0.509429 0.00596202 0.45493 0.209251 0.0305944 0.0542395 -0.0835099 15.4058 -0.865436 -0.538244 0.183536 0.0113184 0.100326 0.103436 -0.0447786 10.7445 7.13558 -9.01202 15.3585 3.7965 0.509243 -0.0485437 
11.123 17 0.05 0 0.887518 -0.00180959 -0.0269416 0 0 0 0 0 0.0143602 0.509726 0.00417698 0.455931 0.209735 0.030647 0.0542531 -0.0863 13.6139 -0.828162 -0.451817 0.180285 0.020096 0.124455 0.0814257 -0.0531969 9.45429 6.29638 -7.98774 13.6407 3.36645 0.491448 -0.00150177 
11.3127 17 0.05 0 0.894266 -0.00189519 -0.0273284 0 0 0 0 0 0.0191654 0.512319 -0.000372017 0.461867 0.211413 0.0308758 0.0542648 -0.106624 5.91831 -0.557896 -0.215136 0.143374 0.0400022 0.146014 0.0622444 -0.0767197 4.10468 2.6203 -3.57381 5.96734 1.53438 0.204336 0.0587255 
11.366 17 0.05 0 0.902589 -0.00218054 -0.0277591 0 0 0 0 0 0.0250507 0.515646 -0.00582735 0.469472 0.213506 0.0311593 0.0542972 -0.00120629 -4.347 0.120832 -0.013424 -0.0592999 -0.0977006 0.0130181 0.0430564 0.0537422 -3.02576 -2.24442 2.28075 -4.54415 -1.13055 -0.269106 -0.199489 
11.2178 17 0.05 0 0.908515 -0.00239433 -0.0281555 0 0 0 0 0 0.0292597 0.517824 -0.00992573 0.474672 0.214982 0.0313157 0.0542517 -0.0408086 -11.5897 0.615954 0.222281 -0.0997489 -0.102855 -0.000862748 0.0619911 0.0588271 -7.88254 -5.75627 6.27407 -11.8399 -2.82764 -0.483354 -0.0777412 
11.1879 17 0.05 0 0.909494 -0.00235526 -0.0284287 0 0 0 0 0 0.0300855 0.517621 -0.0112565 0.474903 0.215247 0.0312747 0.0541815 -0.0428454 -12.5579 0.695214 0.286555 -0.10313 -0.103079 -0.0023735 0.0663281 0.0594706 -8.49615 -6.23737 6.80549 -12.8412 -3.07051 -0.492931 -0.0344943 
11.3155 17 0.05 0 0.905658 -0.00205911 -0.0285668 0 0 0 0 0 0.027638 0.515097 -0.0098978 0.470289 0.214333 0.0310529 0.0541054 -0.0307829 -7.57539 0.436528 0.15142 -0.0898227 -0.102928 -0.0022507 0.0471006 0.0588575 -5.12559 -3.78683 4.11682 -7.86558 -1.90866 -0.313467 -0.0639253 
11.3909 17 0.05 0 0.899316 -0.00162557 -0.0286346 0 0 0 0 0 0.023481 0.511377 -0.00710925 0.463131 0.212783 0.0307332 0.0540123 -0.0118777 0.845946 -0.0131942 -0.0862878 -0.0682305 -0.100146 -0.00140334 0.0152117 0.0588276 0.528067 0.347274 -0.534259 0.686865 0.0967553 0.016605 -0.0999941 
11.3224 17 0.05 0 0.893864 -0.00123573 -0.0287295 0 0 0 0 0 0.0198967 0.508121 -0.00477376 0.456875 0.211408 0.0304484 0.0538892 0.00240285 7.91143 -0.333562 -0.274397 -0.0516966 -0.0954361 -0.000715496 -0.0104686 0.0601108 5.25649 3.8446 -4.49737 7.93179 1.8076 0.326907 -0.0968431 
11.2674 17 0.05 0 0.891971 -0.00101091 -0.0289212 0 0 0 0 0 0.0186737 0.506652 -0.00439029 0.454261 0.210858 0.0303163 0.0537403 0.0071372 10.3555 -0.408903 -0.318606 -0.0464495 -0.09338 -0.000627727 -0.0190915 0.0609232 6.88187 5.08864 -5.86334 10.4593 2.40551 0.460585 -0.0602088 
11.3241 17 0.05 0 0.894268 -0.000966029 -0.0292178 0 0 0 0 0 0.0202323 0.507293 -0.00631313 0.455948 0.211293 0.0303751 0.0535824 0.00308174 7.8491 -0.29112 -0.206383 -0.05219 -0.0960317 -0.00146671 -0.0102485 0.0604244 5.20307 3.86841 -4.42227 7.90013 1.78562 0.390099 -0.00283524 
11.3906 17 0.05 0 0.899413 -0.00103886 -0.0295672 0 0 0 0 0 0.0236747 0.509384 -0.00978147 0.460558 0.212383 0.0305806 0.0534382 -0.00866617 1.64748 0.0126507 0.0232372 -0.0671596 -0.100664 -0.00323261 0.0125183 0.0597612 1.08388 0.799777 -0.91698 1.52532 0.261874 0.166835 0.0659947 
11.3583 17 0.05 0 0.90475 -0.00110022 -0.0298764 0 0 0 0 0 0.0272385 0.511604 -0.0133029 0.46536 0.213479 0.0308337 0.0533328 -0.0227825 -4.99465 0.366496 0.257005 -0.0844221 -0.103507 -0.00535834 0.0380808 0.0602493 -3.30286 -2.51566 2.76889 -5.29175 -1.35566 -0.0768561 0.123676 
11.3012 17 0.05 0 0.90761 -0.00100984 -0.030055 0 0 0 0 0 0.0291618 0.51262 -0.0154008 0.467616 0.213936 0.0310331 0.0532863 -0.0303486 -8.38016 0.537189 0.370589 -0.0935755 -0.10413 -0.00669866 0.0515681 0.0611184 -5.52802 -4.23637 4.6078 -8.74526 -2.17472 -0.20122 0.147049 
11.326 17 0.05 0 0.906838 -0.000712256 -0.0300681 0 0 0 0 0 0.028685 0.511839 -0.0154515 0.466148 0.213476 0.0311331 0.0533032 -0.0271013 -7.13135 0.449841 0.321666 -0.0900243 -0.103831 -0.00646058 0.0465769 0.0611522 -4.70888 -3.62842 3.91896 -7.45369 -1.87265 -0.159726 0.130576 
11.3855 17 0.05 0 0.903249 -0.000260089 -0.0299497 0 0 0 0 0 0.0263458 0.509662 -0.0139109 0.461799 0.212301 0.0311591 0.0533714 -0.0156597 -2.23883 0.169362 0.142746 -0.0767901 -0.102354 -0.00478547 0.0270785 0.0607132 -1.51532 -1.17455 1.2227 -2.39548 -0.677132 0.0173034 0.0824488 
11.3829 17 0.05 0 0.899065 0.00022102 -0.0297834 0 0 0 0 0 0.0235951 0.507198 -0.0120073 0.456858 0.210953 0.0311899 0.0534673 -0.00339013 3.4056 -0.123517 -0.0688319 -0.0622729 -0.0994152 -0.00263107 0.00503327 0.0608406 2.15589 1.67421 -1.93154 3.48191 0.721632 0.227353 0.0234183 
11.3459 17 0.05 0 0.896667 0.000607704 -0.0296606 0 0 0 0 0 0.0219848 0.505649 -0.0110749 0.453803 0.210026 0.031312 0.0535643 0.00331234 6.6433 -0.268997 -0.202657 -0.0542339 -0.0969887 -0.00106275 -0.00751955 0.0613454 4.24707 3.32554 -3.76055 6.87634 1.53769 0.342239 -0.0249623 
11.3536 17 0.05 0 0.897266 0.000846337 -0.0296338 0 0 0 0 0 0.0222973 0.505632 -0.0117995 0.453902 0.209827 0.0315659 0.0536419 0.00268725 6.14218 -0.250349 -0.212403 -0.0551336 -0.097126 -0.000779668 -0.00602497 0.0615271 3.89754 3.078 -3.48686 6.37706 1.42371 0.301238 -0.0548534 
11.3895 17 0.05 0 0.900399 0.00095751 -0.0296989 0 0 0 0 0 0.0242239 0.506915 -0.0139273 0.456681 0.210246 0.0319235 0.0536892 -0.00442543 2.4422 -0.0907914 -0.115258 -0.0638068 -0.0991882 -0.00177809 0.00775744 0.0615748 1.47457 1.19184 -1.41825 2.53784 0.512126 0.127243 -0.0645844 
11.3862 17 0.05 0 0.904292 0.00101999 -0.0298074 0 0 0 0 0 0.026606 0.50859 -0.0164685 0.460291 0.210845 0.0323031 0.0537048 -0.01446 -2.33533 0.140268 0.0227448 -0.0756418 -0.100945 -0.0033264 0.0262958 0.0620889 -1.62937 -1.25197 1.23352 -2.42446 -0.663157 -0.0840855 -0.0567335 
11.3558 17 0.05 0 0.906827 0.00113731 -0.0298963 0 0 0 0 0 0.0280715 0.509574 -0.0182494 0.462532 0.211105 0.0326123 0.0536945 -0.0211331 -5.37634 0.300264 0.110546 -0.083369 -0.101433 -0.00423318 0.0383487 0.062845 -3.59389 -2.81393 2.90636 -5.57803 -1.40769 -0.216737 -0.048525 
11.3596 17 0.05 0 0.906792 0.00137449 -0.0299289 0 0 0 0 0 0.0278393 0.509245 -0.0186027 0.462141 0.210729 0.032799 0.053664 -0.0202022 -5.10616 0.301735 0.0934013 -0.0823577 -0.101087 -0.00365212 0.0369758 0.0631285 -3.41456 -2.66951 2.76436 -5.30383 -1.34072 -0.214831 -0.0592756 
11.3891 17 0.05 0 0.904517 0.00172242 -0.0299176 0 0 0 0 0 0.0261291 0.507773 -0.0177099 0.459457 0.209798 0.0328741 0.0536103 -0.012632 -1.95304 0.168975 -0.0144099 -0.0737753 -0.0999709 -0.0016208 0.023829 0.0630533 -1.37683 -1.02833 1.03907 -2.03761 -0.56624 -0.0920159 -0.0862727 
11.3924 17 0.05 0 0.901582 0.00211396 -0.0299137 0 0 0 0 0 0.0239622 0.505978 -0.0164365 0.456111 0.2087 0.0329017 0.0535232 -0.00350097 2.03519 0.00895739 -0.142222 -0.0633143 -0.0980906 0.000971081 0.00748396 0.0632124 1.19732 1.05241 -1.16674 2.11316 0.416716 0.0785318 -0.108085 
11.3755 17 0.05 0 0.899824 0.00247413 -0.0299739 0 0 0 0 0 0.0225282 0.504817 -0.0158015 0.454015 0.207889 0.032962 0.0533954 0.00201151 4.45887 -0.0731075 -0.211597 -0.0570095 -0.0965555 0.00295742 -0.00252515 0.0636079 2.76132 2.3268 -2.51541 4.64238 1.01249 0.194644 -0.109042 
11.379 17 0.05 0 0.900246 0.00276822 -0.0301244 0 0 0 0 0 0.0224757 0.504816 -0.0163637 0.454213 0.20761 0.0331049 0.05323 0.00181379 4.12136 -0.0479128 -0.185731 -0.0574743 -0.0965668 0.0036122 -0.00178522 0.0638856 2.54452 2.16029 -2.32173 4.29036 0.919258 0.196302 -0.0875173 
11.395 17 0.05 0 0.902514 0.0030135 -0.0303461 0 0 0 0 0 0.0235911 0.505803 -0.0179355 0.456354 0.207776 0.0333245 0.0530397 -0.00336813 1.4343 0.0655795 -0.0787251 -0.0637705 -0.0977791 0.00297924 0.00820219 0.0640681 0.816394 0.75842 -0.81739 1.48858 0.242499 0.0974966 -0.0478854 
11.3906 17 0.05 0 0.905238 0.00326684 -0.030584 0 0 0 0 0 0.0249824 0.50705 -0.0197424 0.458988 0.20804 0.0335692 0.0528446 -0.0102394 -1.88147 0.205644 0.050876 -0.0718695 -0.0988845 0.0019414 0.0209098 0.0643873 -1.31251 -0.98238 1.02416 -1.95785 -0.584345 -0.0276288 -0.00201663 
11.3766 17 0.05 0 0.906837 0.00359309 -0.0307765 0 0 0 0 0 0.025635 0.507726 -0.0209074 0.46047 0.208007 0.0337787 0.0526662 -0.0140836 -3.7556 0.281972 0.129674 -0.076381 -0.0991818 0.00170032 0.0279054 0.064732 -2.51471 -1.97562 2.05652 -3.89441 -1.05137 -0.0929293 0.0312885 
11.3822 17 0.05 0 0.906521 0.00402216 -0.0308904 0 0 0 0 0 0.0250438 0.50741 -0.0209972 0.459982 0.207482 0.0339253 0.0525189 -0.0121816 -3.1619 0.250433 0.119747 -0.0743941 -0.0987195 0.00292954 0.0247294 0.0648914 -2.13607 -1.67213 1.72677 -3.26816 -0.912578 -0.0569458 0.040372 
11.396 17 0.05 0 0.904732 0.00453094 -0.0309369 0 0 0 0 0 0.0234918 0.506328 -0.0202583 0.457986 0.206572 0.0340314 0.0524043 -0.00590754 -0.670705 0.143031 0.0392145 -0.0674698 -0.0975486 0.00544603 0.0137485 0.0650434 -0.543736 -0.364474 0.342926 -0.671558 -0.308539 0.0586084 0.0286769 
11.3942 17 0.05 0 0.902783 0.00506203 -0.0309603 0 0 0 0 0 0.0218201 0.505169 -0.0194221 0.455849 0.205596 0.034156 0.0523139 0.000614536 2.00488 0.0381943 -0.0533951 -0.0601983 -0.0959969 0.00823681 0.00209506 0.0653875 1.16525 1.04691 -1.15642 2.11935 0.342883 0.181485 0.0092968 
