#1 rho_s 
#2 coeffs 
3.5397 17 0.05 0 0.2 0.2 0.2 0 0 0 0 0 0.2 0.2 1 0.2 0.2 0.2 0.2 0.0452616 -1.49315 -0.884245 0.598221 -0.0307451 0.00949709 -0.0281997 -0.0211824 -0.0327045 0.9502 1.06647 3.13878 1.49828 0.804833 0.649397 -0.308017 
3.58203 17 0.05 0 0.196544 0.197954 0.201384 0 0 0 0 0 0.202199 0.202468 1.00726 0.203467 0.201863 0.201503 0.199287 -0.0218656 -1.49712 -0.973455 0.699125 -0.00208233 -0.0278259 0.00646721 0.0179087 -0.018614 0.962137 1.09687 3.17842 1.61839 0.811927 0.584782 -0.377078 
3.63794 17 0.05 0 0.193129 0.195827 0.202872 0 0 0 0 0 0.204384 0.20494 1.01448 0.207034 0.203709 0.202908 0.198501 -0.0233637 -1.62015 -1.07217 0.727555 0.035266 -0.00880542 0.0174046 0.0113239 -0.0163118 0.981593 1.13466 3.25004 1.76111 0.799927 0.550546 -0.476445 
3.66223 17 0.05 0 0.189675 0.193623 0.204395 0 0 0 0 0 0.206548 0.207409 1.02164 0.210698 0.205514 0.204234 0.19762 -0.0073224 -1.69659 -1.06363 0.739671 -0.0271703 -0.0272971 0.00467406 -0.0148001 0.0409145 0.963813 1.16281 3.27185 1.83099 0.824873 0.545639 -0.577204 
3.71673 17 0.05 0 0.18617 0.191399 0.205935 0 0 0 0 0 0.20868 0.209883 1.02874 0.214437 0.207306 0.205511 0.196633 -0.0248072 -1.77175 -1.13686 0.785813 0.0206031 -0.0122894 0.00706313 0.0332047 0.040939 0.924081 1.27689 3.30656 1.96994 0.797839 0.48063 -0.660175 
3.76885 17 0.05 0 0.18262 0.18914 0.207498 0 0 0 0 0 0.210759 0.212402 1.03579 0.218266 0.209064 0.206717 0.195548 -0.0338132 -1.81137 -1.16476 0.808281 -0.0180176 -0.0368686 0.0228377 0.0203419 -0.0251426 0.884312 1.37399 3.33832 1.95389 0.814836 0.486277 -0.763739 
3.80081 17 0.05 0 0.179032 0.186851 0.209083 0 0 0 0 0 0.212778 0.214989 1.04279 0.222136 0.210802 0.207877 0.194355 -0.0154066 -1.85393 -1.1903 0.829759 -0.007648 -0.0218712 0.0362915 -0.0276702 0.00984046 0.929514 1.36381 3.3622 2.07136 0.824306 0.43286 -0.832742 
3.86343 17 0.05 0 0.175413 0.18454 0.210686 0 0 0 0 0 0.214769 0.217609 1.04975 0.226068 0.212526 0.208979 0.193063 -0.001963 -1.92696 -1.29615 0.904823 0.0425853 -0.022021 -0.00119904 -0.0167421 0.0153664 0.879303 1.5174 3.3844 2.16876 0.851656 0.386313 -0.919038 
3.91302 17 0.05 0 0.171763 0.182184 0.212322 0 0 0 0 0 0.21671 0.220297 1.05665 0.230063 0.21424 0.210017 0.191676 -0.00440787 -1.90221 -1.2799 0.910732 0.0270036 -0.00130665 0.00917807 0.0195913 0.0304049 0.890326 1.55094 3.356 2.18716 0.828744 0.377547 -0.978806 
3.96007 17 0.05 0 0.168096 0.1798 0.213985 0 0 0 0 0 0.218619 0.223047 1.0635 0.23411 0.21594 0.211004 0.190196 0.0310277 -1.98608 -1.22349 0.911572 0.00925595 -0.0254989 -0.00177721 0.0324333 0.0100107 0.86259 1.51796 3.40902 2.21442 0.764628 0.345009 -1.05957 
3.99974 17 0.05 0 0.164396 0.177415 0.215667 0 0 0 0 0 0.220492 0.225832 1.07032 0.238202 0.217607 0.211941 0.18862 -0.0295247 -2.02301 -1.38481 0.89123 -0.0206799 -0.0417312 0.0107292 0.00863337 -0.0328376 0.803845 1.596 3.37346 2.23758 0.833651 0.3948 -1.0871 
4.05112 17 0.05 0 0.160663 0.174986 0.217355 0 0 0 0 0 0.222316 0.228663 1.07709 0.24233 0.219265 0.212851 0.186965 -0.0374005 -2.03483 -1.28716 0.902529 0.0215533 0.0010267 0.00178407 0.0361461 -0.0112721 0.834748 1.56221 3.3121 2.3449 0.806399 0.321994 -1.0756 
4.10053 17 0.05 0 0.1569 0.172547 0.219051 0 0 0 0 0 0.22411 0.231523 1.08381 0.246519 0.220909 0.21372 0.185246 0.0121157 -2.04329 -1.29063 0.872601 0.00514493 0.0252805 -0.0235919 0.0175563 0.0333233 0.769017 1.55544 3.26083 2.251 0.733504 0.284351 -1.12694 
4.14042 17 0.05 0 0.153103 0.170096 0.22075 0 0 0 0 0 0.225864 0.234408 1.09049 0.250737 0.222525 0.214545 0.183461 -0.0272685 -1.94037 -1.30887 0.877241 -0.019175 -0.0480304 0.0453353 0.0364738 0.0229556 0.816521 1.54132 3.16586 2.28173 0.79428 0.238523 -1.1262 
4.21213 17 0.05 0 0.149303 0.167627 0.222453 0 0 0 0 0 0.227599 0.237314 1.09711 0.254993 0.224134 0.215324 0.181618 -0.0781797 -1.93056 -1.2368 0.79446 0.026859 0.0278519 -0.0236805 -0.0163436 -0.038321 0.742357 1.50543 3.10127 2.2135 0.757062 0.291918 -1.14395 
4.2603 17 0.05 0 0.145495 0.165158 0.224141 0 0 0 0 0 0.229303 0.240233 1.10368 0.259271 0.225731 0.216078 0.179719 -0.035765 -1.91479 -1.1958 0.714601 0.0160064 -0.0406095 0.0365432 0.00784377 0.0295072 0.679473 1.41903 2.95778 2.11712 0.762017 0.253956 -1.18097 
4.27815 17 0.05 0 0.141676 0.162693 0.225801 0 0 0 0 0 0.230968 0.243148 1.11018 0.263552 0.227323 0.216804 0.177758 -0.0852277 -1.84248 -1.08396 0.635132 0.00911137 -0.0211895 -0.0400742 -0.00199385 0.0579034 0.631899 1.30374 2.86786 2.02472 0.7423 0.248148 -1.09572 
4.31145 17 0.05 0 0.137855 0.160253 0.227422 0 0 0 0 0 0.232592 0.24604 1.11662 0.267827 0.22891 0.217505 0.17576 0.0507687 -1.76264 -1.04336 0.670283 -0.0390001 -0.0211829 0.0153697 -0.0352153 -0.092206 0.636405 1.27778 2.74692 1.91853 0.684359 0.27889 -1.01587 
4.34915 17 0.05 0 0.134042 0.157837 0.229021 0 0 0 0 0 0.234186 0.248912 1.12299 0.272078 0.230481 0.218194 0.173745 -0.110173 -1.66446 -0.936037 0.456769 0.00860982 -0.0141483 0.0783341 0.0789442 -0.0242323 0.562045 1.16228 2.55924 1.79905 0.641812 0.279898 -0.953584 
4.41521 17 0.05 0 0.130248 0.155461 0.230555 0 0 0 0 0 0.23574 0.251749 1.12927 0.276296 0.232034 0.218874 0.171721 0.0398708 -1.41417 -0.788386 0.33044 0.000253558 0.0501672 -0.00893593 0.00194143 -0.0111872 0.535282 0.970191 2.28342 1.53738 0.626742 0.228943 -0.797364 
4.42691 17 0.05 0 0.126512 0.153145 0.232008 0 0 0 0 0 0.23726 0.254521 1.13545 0.280441 0.233575 0.219539 0.169719 0.0801668 -1.37505 -0.645996 0.146782 -0.0999712 -0.000836167 -0.0520293 -0.0211125 -0.0265581 0.460988 0.836865 2.18268 1.33447 0.641442 0.297488 -0.708202 
4.46052 17 0.05 0 0.122828 0.150909 0.23335 0 0 0 0 0 0.238736 0.257212 1.14152 0.284483 0.235112 0.220206 0.167751 -0.0689408 -1.19938 -0.426615 0.0168334 -0.0116324 -0.00805601 0.0890304 0.0214194 0.028477 0.364017 0.638048 1.91087 1.01862 0.619377 0.322314 -0.594456 
4.46797 17 0.05 0 0.119218 0.148789 0.234566 0 0 0 0 0 0.240155 0.259793 1.14745 0.288374 0.236647 0.220886 0.165833 0.0956736 -0.95562 -0.227815 -0.241299 0.0324467 0.0584421 -0.0525798 -0.0306785 -0.0286165 0.343457 0.345743 1.61476 0.824292 0.57201 0.424473 -0.360595 
4.45845 17 0.05 0 0.115721 0.146816 0.235609 0 0 0 0 0 0.241522 0.262212 1.15321 0.292094 0.238172 0.221601 0.164011 0.0445378 -0.835168 -0.255217 -0.164827 -0.0799774 0.000822092 0.0288618 -0.0435666 0.0423429 0.387301 0.331592 1.44061 0.815047 0.579549 0.431403 -0.304116 
4.49386 17 0.05 0 0.112351 0.144965 0.236516 0 0 0 0 0 0.242853 0.264485 1.15878 0.295661 0.239694 0.222354 0.162285 0.0149392 -0.544185 -0.0550915 -0.421248 0.00929132 -0.00620322 0.0160328 -0.0196314 0.069293 0.331575 0.0631631 1.12135 0.529591 0.504498 0.457257 -0.0755867 
4.49671 17 0.05 0 0.109157 0.143271 0.237237 0 0 0 0 0 0.244143 0.266565 1.1641 0.29903 0.241199 0.223148 0.1607 -0.101709 -0.369387 0.121766 -0.589196 -0.0508581 0.0136675 0.113497 -0.0259853 0.0255639 0.395765 -0.0806655 0.875345 0.25325 0.478241 0.482915 0.0938857 
4.51775 17 0.05 0 0.106164 0.14176 0.23775 0 0 0 0 0 0.245413 0.268436 1.16916 0.302156 0.242684 0.223988 0.159281 -0.146112 -0.297728 0.394874 -0.851169 -0.109533 -0.0215529 0.146293 0.0366997 0.0497398 0.226181 -0.428106 0.809146 -0.0749658 0.521995 0.53085 0.242645 
4.48295 17 0.05 0 0.103369 0.140484 0.238005 0 0 0 0 0 0.246622 0.270032 1.17395 0.304977 0.244162 0.224883 0.158052 -0.0831977 -0.21638 0.295233 -0.753024 -0.0729575 0.0178212 0.105617 -0.0722609 0.105029 0.363455 -0.282891 0.697924 0.0192966 0.499807 0.493715 0.149843 
4.51716 17 0.05 0 0.100775 0.139398 0.238049 0 0 0 0 0 0.247813 0.271412 1.17849 0.307548 0.245631 0.225819 0.156972 0.0680145 -0.0599027 0.464566 -0.876791 -0.0349715 0.0118836 -0.111177 -0.05166 -0.0481437 0.264639 -0.48893 0.478654 -0.181326 0.448871 0.558195 0.367277 
4.52506 17 0.05 0 0.0984005 0.138527 0.237869 0 0 0 0 0 0.248962 0.272543 1.18273 0.309839 0.247079 0.226811 0.156082 -0.116372 0.0170144 0.466851 -0.92521 0.054612 0.00736785 0.0218092 0.0794097 -0.0623705 0.248237 -0.505897 0.408438 -0.274153 0.431371 0.512141 0.413942 
4.50547 17 0.05 0 0.0962467 0.137855 0.23747 0 0 0 0 0 0.25007 0.273443 1.18669 0.311852 0.248506 0.227843 0.155378 -0.147581 0.247309 0.549637 -0.891338 -0.0214265 -0.00138396 0.0820655 -0.00190897 0.016821 0.379309 -0.51309 0.174604 -0.289932 0.41814 0.521748 0.555768 
4.49028 17 0.05 0 0.0943528 0.137384 0.236878 0 0 0 0 0 0.251174 0.274129 1.19034 0.313607 0.24991 0.228915 0.154882 -0.0567723 0.296289 0.624463 -1.07383 0.118251 -0.0116291 -0.0372596 0.0194311 -0.057778 0.273836 -0.698407 0.120173 -0.506761 0.414895 0.584754 0.639102 
4.51061 17 0.05 0 0.0927099 0.137119 0.236062 0 0 0 0 0 0.252247 0.274571 1.19368 0.31507 0.251292 0.23004 0.154596 0.0730916 0.453964 0.703725 -1.09202 -0.0642984 0.0234585 -0.0409056 -0.142512 0.0179592 0.34887 -0.737691 -0.0984201 -0.624287 0.428981 0.584235 0.800172 
4.49586 17 0.05 0 0.0913381 0.137063 0.235037 0 0 0 0 0 0.253312 0.274779 1.19668 0.316233 0.252658 0.231213 0.154547 0.0622067 0.47081 0.683306 -1.07464 0.13915 -0.00845622 -0.0580446 -0.0217207 -0.0088056 0.296601 -0.7182 -0.0823893 -0.648245 0.405817 0.52665 0.690496 
4.50047 17 0.05 0 0.0902172 0.137191 0.233823 0 0 0 0 0 0.254357 0.274778 1.19939 0.317118 0.254004 0.232417 0.154683 -0.0150357 0.455357 0.651074 -1.0242 0.167907 -0.0306484 -0.0915608 0.105578 -0.0781379 0.301865 -0.663621 -0.082545 -0.550654 0.363562 0.502416 0.679806 
4.5252 17 0.05 0 0.0893207 0.137481 0.23245 0 0 0 0 0 0.255385 0.274602 1.20182 0.317776 0.255323 0.233642 0.154988 -0.161291 0.510984 0.674633 -0.97631 0.00460507 0.0214776 0.137042 0.0960647 -0.0274797 0.330256 -0.702722 -0.120698 -0.600621 0.311616 0.525283 0.649678 
4.49258 17 0.05 0 0.0886439 0.137925 0.230941 0 0 0 0 0 0.256407 0.274253 1.204 0.318211 0.256604 0.234896 0.155438 0.0468272 0.498232 0.773837 -1.16038 -0.0940031 -0.0121701 -0.0525723 -0.037213 0.023065 0.253411 -0.893923 -0.123509 -0.77048 0.363465 0.613278 0.764643 
4.4929 17 0.05 0 0.0881649 0.138536 0.229261 0 0 0 0 0 0.257402 0.273696 1.20594 0.318398 0.257862 0.236197 0.156053 0.0805853 0.724834 0.75026 -0.977807 -0.0620521 0.00903778 -0.0323059 -0.066857 0.0237304 0.412299 -0.750848 -0.330912 -0.700667 0.328008 0.581814 0.824298 
4.51185 17 0.05 0 0.0879277 0.139293 0.227472 0 0 0 0 0 0.258415 0.272987 1.20761 0.318377 0.259092 0.237535 0.156834 -0.15934 0.582087 0.690864 -1.04371 0.0179253 -0.0184418 0.108318 0.084604 -0.058416 0.349374 -0.779128 -0.176016 -0.676436 0.366776 0.524561 0.782039 
4.51683 17 0.05 0 0.087872 0.140169 0.225564 0 0 0 0 0 0.25943 0.272131 1.20907 0.318173 0.260308 0.238891 0.157757 -0.0559784 0.47025 0.615279 -0.899061 -0.0739138 -0.0253918 0.0715921 -0.0372768 0.0566105 0.260161 -0.633868 -0.140299 -0.539038 0.314087 0.539679 0.690838 
4.51434 17 0.05 0 0.0879512 0.141135 0.223585 0 0 0 0 0 0.260423 0.271179 1.21036 0.317839 0.261498 0.240272 0.158785 0.0660068 0.417565 0.543711 -0.854667 0.145834 0.0305095 -0.114279 0.0712151 -0.0387256 0.282976 -0.626688 -0.0631353 -0.516917 0.350767 0.497763 0.629094 
4.51756 17 0.05 0 0.0881394 0.142162 0.22155 0 0 0 0 0 0.261403 0.27014 1.21151 0.317391 0.262676 0.241663 0.159893 0.0177395 0.539672 0.544308 -0.719003 0.00668419 0.0166256 -0.0422771 -0.0152717 -0.00676927 0.440293 -0.540387 -0.23899 -0.454714 0.348216 0.470113 0.647091 
4.53874 17 0.05 0 0.0884619 0.143247 0.219501 0 0 0 0 0 0.262416 0.269045 1.21249 0.316858 0.263843 0.243058 0.161081 0.0795478 0.53274 0.432868 -0.768407 -0.0373893 -0.00325825 -0.0343224 -0.0186639 0.0151258 0.371749 -0.494303 -0.153402 -0.456774 0.308628 0.486238 0.596746 
4.52204 17 0.05 0 0.0889054 0.144355 0.217423 0 0 0 0 0 0.263441 0.267912 1.21334 0.316244 0.26499 0.244462 0.162328 0.124384 0.485153 0.436046 -0.670309 0.0145414 -0.0119806 -0.0234452 -0.046616 -0.0237414 0.460221 -0.504233 -0.0919818 -0.346913 0.3375 0.445985 0.565334 
4.51256 17 0.05 0 0.0894468 0.145486 0.215345 0 0 0 0 0 0.264503 0.266738 1.21408 0.315587 0.266128 0.245865 0.163622 0.0545735 0.548966 0.44202 -0.644071 0.0446151 -0.0180071 -0.0237807 0.00989079 -0.0583804 0.530045 -0.500029 -0.158773 -0.324979 0.282202 0.443672 0.572037 
4.53926 17 0.05 0 0.0900964 0.146639 0.213274 0 0 0 0 0 0.26562 0.265529 1.21471 0.314898 0.267242 0.247265 0.164961 0.0778396 0.431019 0.308606 -0.554692 -0.0189388 0.0469494 -0.088398 -0.0428882 -0.0360043 0.52857 -0.396197 -0.067782 -0.222584 0.341393 0.390373 0.43402 
4.55888 17 0.05 0 0.0908115 0.147776 0.211231 0 0 0 0 0 0.266788 0.264316 1.21526 0.314207 0.268353 0.248651 0.166304 0.0229556 0.397597 0.180774 -0.439547 0.0296743 0.0150952 0.00256823 0.0155758 -0.0688339 0.454776 -0.280001 0.00606787 -0.0938229 0.321206 0.411639 0.459896 
4.54843 17 0.05 0 0.0915778 0.148862 0.209247 0 0 0 0 0 0.267982 0.263132 1.21576 0.313552 0.269456 0.25003 0.167658 0.0315114 0.417396 0.248522 -0.423882 0.0630993 0.00369092 -0.0101235 -0.0240505 0.0449878 0.505317 -0.265147 -0.0133783 -0.093857 0.289662 0.372509 0.445465 
4.5603 17 0.05 0 0.0923972 0.149922 0.20732 0 0 0 0 0 0.269216 0.261978 1.21621 0.312929 0.270543 0.251392 0.169019 0.123209 0.444078 0.258161 -0.43567 0.119798 -0.00314799 -0.111038 -0.014721 -0.0137797 0.530183 -0.318765 -0.07387 -0.160292 0.290838 0.444532 0.44191 
4.5756 17 0.05 0 0.0932738 0.150961 0.20544 0 0 0 0 0 0.270495 0.260836 1.2166 0.312316 0.271617 0.252762 0.170387 0.0262418 0.278368 0.0302224 -0.221872 0.0534947 0.0627525 -0.0874566 0.00785283 -0.0163467 0.509459 -0.0674357 0.0977484 0.081545 0.318843 0.32226 0.317642 
4.57287 17 0.05 0 0.0941538 0.151914 0.203666 0 0 0 0 0 0.271809 0.259778 1.21698 0.311784 0.272689 0.254103 0.171726 -0.143966 0.261552 0.0320623 -0.255798 -0.0227882 -0.0200956 0.143534 0.0531402 0.0627496 0.520684 -0.0559922 0.113325 0.0664012 0.35862 0.276064 0.295896 
4.5629 17 0.05 0 0.0950325 0.152789 0.201977 0 0 0 0 0 0.273162 0.2588 1.21736 0.311321 0.273771 0.255405 0.173031 -0.0459294 0.128924 0.0524258 -0.252874 -0.0241549 0.0238512 0.0324682 -0.0352324 0.00970766 0.398207 -0.0404197 0.242145 0.0510026 0.343196 0.334118 0.237406 
4.57839 17 0.05 0 0.09587 0.1536 0.200366 0 0 0 0 0 0.274512 0.257899 1.21778 0.310916 0.27486 0.25669 0.174289 -0.0368191 0.151933 0.0238075 -0.202877 -0.0334063 0.017413 0.071973 -0.0209896 -0.0404212 0.47498 -0.0289701 0.225308 0.0944846 0.284992 0.372889 0.173167 
4.54816 17 0.05 0 0.0966774 0.154344 0.19884 0 0 0 0 0 0.275885 0.257073 1.21823 0.310578 0.275936 0.257972 0.175485 0.112724 0.144926 -0.0706376 -0.0439587 -0.0129895 0.0278925 -0.0414139 -0.0438968 0.0186188 0.633095 0.106369 0.237348 0.322888 0.304102 0.276266 0.138987 
4.57905 17 0.05 0 0.0974556 0.154996 0.197441 0 0 0 0 0 0.277329 0.256356 1.21872 0.310371 0.277008 0.259222 0.176614 -0.0407117 0.165385 -0.0528441 -0.172557 0.0327169 -0.0377138 0.0355538 0.0330296 -0.00548149 0.527839 0.0374248 0.247721 0.174574 0.279091 0.237844 0.262132 
4.5851 17 0.05 0 0.098214 0.155572 0.196118 0 0 0 0 0 0.278806 0.255717 1.21924 0.310239 0.278068 0.260432 0.177722 -0.0316436 0.106676 -0.0723236 -0.0239791 0.041044 -0.00233377 0.0162777 -0.00253632 -0.026943 0.594077 0.112508 0.245068 0.273712 0.313658 0.273835 0.177763 
4.59561 17 0.05 0 0.0989361 0.156072 0.194908 0 0 0 0 0 0.280335 0.255173 1.21978 0.310206 0.27913 0.261616 0.178783 -0.157556 0.0264609 -0.169948 0.00493461 -0.0660039 -0.00705941 0.160375 0.0758415 0.0415495 0.574548 0.120398 0.36307 0.373933 0.317186 0.258225 0.118396 
4.58991 17 0.05 0 0.0995997 0.156471 0.193813 0 0 0 0 0 0.281906 0.254717 1.2204 0.310295 0.280196 0.262774 0.179784 -0.0382257 0.161997 -0.160811 0.0896381 0.0259566 0.034821 0.0445483 0.0380543 -0.00441643 0.670367 0.169765 0.219569 0.338678 0.247628 0.22314 0.143888 
4.56515 17 0.05 0 0.100254 0.156781 0.192848 0 0 0 0 0 0.283547 0.254359 1.22102 0.310486 0.281242 0.263895 0.180738 0.136391 -0.0459458 -0.144109 0.0358266 0.0393011 0.0514623 -0.0558418 -0.0228989 -0.00779607 0.557884 0.17094 0.38332 0.308041 0.318961 0.202071 0.0753624 
4.59909 17 0.05 0 0.100833 0.157015 0.191985 0 0 0 0 0 0.285218 0.25409 1.22171 0.310759 0.282295 0.264979 0.181628 0.0734573 0.0228041 -0.220749 0.0512409 0.141822 0.000962586 -0.0974735 0.0261303 -0.0246498 0.639642 0.199325 0.386847 0.356256 0.327505 0.236469 0.0679223 
4.60408 17 0.05 0 0.101365 0.157156 0.191219 0 0 0 0 0 0.286942 0.253911 1.22247 0.311123 0.283357 0.266039 0.182458 0.0338514 -0.0148233 -0.196858 0.0363438 0.0837847 0.0350231 -0.00149013 -0.00356637 -0.0144311 0.55896 0.205836 0.361447 0.409242 0.278634 0.269608 0.0944664 
4.58796 17 0.05 0 0.101842 0.157218 0.190536 0 0 0 0 0 0.28869 0.253817 1.22327 0.311588 0.284412 0.267089 0.183241 0.070753 -0.0919982 -0.212866 0.0457437 -0.016666 0.0240607 -0.0495627 0.0416997 -0.0152329 0.488804 0.235308 0.458836 0.38467 0.338901 0.233954 0.0288823 
4.6022 17 0.05 0 0.102245 0.157203 0.189932 0 0 0 0 0 0.290438 0.253809 1.22416 0.312138 0.285481 0.268119 0.183961 -0.0315311 -0.0258878 -0.256543 0.0194147 0.0601233 -0.0657727 0.112638 0.0950476 -0.0272957 0.610569 0.182948 0.425228 0.388194 0.271795 0.238229 0.0311801 
4.61292 17 0.05 0 0.102601 0.157104 0.189391 0 0 0 0 0 0.292227 0.253864 1.2251 0.312767 0.286542 0.269133 0.184624 0.016274 -0.183286 -0.24335 0.0486962 0.0224931 -0.000298664 -0.0210168 -0.0149 0.00186253 0.420829 0.216737 0.54297 0.425001 0.314965 0.250196 -0.0322041 
4.58762 17 0.05 0 0.102862 0.156932 0.188917 0 0 0 0 0 0.29399 0.253987 1.22613 0.31348 0.287609 0.270136 0.185214 0.092247 -0.135088 -0.274075 0.133229 -0.0434714 0.0792795 -0.0935906 -0.0242613 0.0189799 0.561925 0.259452 0.458177 0.44993 0.295695 0.206866 -0.0141439 
4.60218 17 0.05 0 0.103053 0.156684 0.188533 0 0 0 0 0 0.29578 0.254186 1.22723 0.314279 0.288677 0.271115 0.185744 -0.05417 0.0323375 -0.133404 0.00153366 -0.0208568 0.0120067 0.021705 0.00897551 0.0293185 0.579173 0.130045 0.316952 0.358342 0.248458 0.253766 0.0895796 
4.58754 17 0.05 0 0.103237 0.156412 0.188185 0 0 0 0 0 0.297599 0.254411 1.22833 0.315126 0.28973 0.27209 0.186256 0.0304261 -0.021654 -0.254008 0.113741 -0.187632 -0.0176766 0.0534576 -0.0908204 0.0802399 0.505534 0.143526 0.391583 0.394278 0.263084 0.178395 0.07655 
4.58571 17 0.05 0 0.103396 0.156079 0.187909 0 0 0 0 0 0.299423 0.254665 1.22946 0.31603 0.290775 0.273034 0.186745 0.0397139 -0.0765374 -0.193323 -0.0289518 0.034796 0.0257303 -0.0523903 0.0415353 -0.0483741 0.494888 0.149005 0.394443 0.354489 0.324523 0.240337 0.104112 
4.59483 17 0.05 0 0.103514 0.15571 0.187649 0 0 0 0 0 0.301247 0.254946 1.23063 0.316972 0.291834 0.273974 0.187225 -0.0372021 -0.145839 -0.0759137 -0.0156044 -0.0191248 -0.0334227 0.0241614 -0.0569667 0.0288926 0.436182 0.11731 0.423165 0.285099 0.298562 0.31991 0.030169 
4.5872 17 0.05 0 0.103569 0.155349 0.187407 0 0 0 0 0 0.303053 0.255242 1.23183 0.317925 0.292899 0.274937 0.18767 0.0631156 0.0557769 -0.0556723 -0.0847049 0.078294 -0.00699762 -0.117513 -0.0285556 -0.0762271 0.545106 0.0609101 0.240621 0.0881262 0.329079 0.224624 0.232026 
4.58699 17 0.05 0 0.10364 0.155002 0.187159 0 0 0 0 0 0.30488 0.255532 1.233 0.318819 0.293979 0.275889 0.188155 -0.0339603 0.109978 -0.147317 0.113289 0.0833888 -0.018543 -0.106813 0.0324782 -0.0597657 0.578355 0.187248 0.209077 0.360929 0.300515 0.233547 0.12433 
4.62942 17 0.05 0 0.103742 0.154636 0.186974 0 0 0 0 0 0.306741 0.255861 1.23414 0.319757 0.295064 0.276834 0.188639 -0.0710528 -0.00645878 -0.117441 0.0262612 0.00607751 -0.0100322 0.0884448 -0.000422349 -0.0129363 0.556074 0.109319 0.303236 0.362059 0.216428 0.230626 0.0426025 
4.59843 17 0.05 0 0.103833 0.154262 0.186816 0 0 0 0 0 0.308625 0.256198 1.23528 0.320736 0.296125 0.277772 0.189092 0.0819556 0.125791 -0.093916 -0.024992 -0.0322572 -0.00727163 -0.0457297 -0.0789364 0.0406658 0.586336 0.0864511 0.18938 0.223762 0.244725 0.233157 0.169114 
4.60754 17 0.05 0 0.10396 0.15389 0.186664 0 0 0 0 0 0.310542 0.256534 1.23638 0.321704 0.297173 0.278706 0.189563 0.0372401 -0.0948874 -0.137101 0.022538 -0.0501088 0.0319255 -0.130256 -0.0279675 0.0101073 0.510047 0.114101 0.357471 0.259516 0.250814 0.207243 0.103288 
4.613 17 0.05 0 0.104041 0.153503 0.186534 0 0 0 0 0 0.312462 0.256879 1.23751 0.322673 0.298213 0.279626 0.190028 -0.0104271 0.130579 0.0375603 -0.0310447 -0.0357841 -0.0161754 0.019257 -0.0013168 -0.0125157 0.53886 0.030892 0.166123 0.160092 0.243259 0.259467 0.209197 
4.6269 17 0.05 0 0.104161 0.153167 0.186405 0 0 0 0 0 0.314398 0.257204 1.23858 0.32361 0.299243 0.280554 0.190524 -0.0505084 -0.189121 -0.0515915 -0.0603007 0.0761724 0.0138845 0.0681041 0.0872571 -0.0326221 0.353374 0.0559587 0.427011 0.199852 0.33072 0.2864 0.0497086 
4.60361 17 0.05 0 0.104202 0.152843 0.186266 0 0 0 0 0 0.31628 0.257518 1.23972 0.324531 0.300298 0.2815 0.190992 0.047949 0.167779 -0.0405958 -0.00172203 -0.163174 0.0575607 -0.0179358 -0.0894782 0.0699438 0.643973 0.0729377 0.0519884 0.235719 0.22942 0.252867 0.224107 
4.61604 17 0.05 0 0.1043 0.152535 0.18614 0 0 0 0 0 0.318221 0.257829 1.24076 0.325453 0.301337 0.282449 0.191498 -0.0197687 0.117867 0.0456737 -0.163887 -0.152461 -0.0334329 0.0681826 -0.079736 0.0734422 0.543853 -0.0672431 0.147214 0.15065 0.22061 0.266938 0.242256 
