 #1 Rho_s
 #2 Dfdr1_t (Theoretical gradients using SIE) 
 #2 Dfdr2_t (Theoretical gradients using SIE) 
 #3 Dfdr_s (Simulation gradients using forward diff)
0.161739 -4.42328 -2.21139 -4.01989
0.153699 -3.65225 -2.40242 -3.31606
0.147067 -3.00876 -2.58743 -2.73215
0.141603 -2.46406 -2.7692 -2.2247
0.137153 -2.00201 -2.94735 -1.8084
0.133536 -1.60573 -3.12064 -1.42531
0.130686 -1.26232 -3.29415 -1.11614
0.128453 -0.963931 -3.46276 -0.831356
0.126791 -0.700047 -3.63128 -0.580308
0.12563 -0.466057 -3.79933 -0.360235
0.12491 -0.255797 -3.96764 -0.147432
0.124615 -0.0647908 -4.13778 0.0229528
0.124661 0.111694 -4.30736 0.181623
0.125024 0.275073 -4.47852 0.342153
0.125708 0.428411 -4.65288 0.503128
0.126715 0.576964 -4.83371 0.655954
0.128026 0.722871 -5.02044 0.783725
0.129594 0.86484 -5.21316 0.983079
0.13156 1.00988 -5.42309 1.06834
0.133697 1.15409 -5.63251 1.22028
0.136137 1.30323 -5.8567 1.3811
0.138899 1.46015 -6.09437 1.49853
0.141897 1.62185 -6.34205 1.7456
0.145388 1.79954 -6.62045 1.87152
0.149131 1.98795 -6.91076 2.09982
0.15333 2.19296 -7.23128 2.30973
0.15795 2.41757 -7.57984 2.52695
0.163004 2.66596 -7.95912 2.82319
0.16865 2.94434 -8.38239 3.08595
0.174822 3.25429 -8.84584 3.50063
0.181823 3.60779 -9.37586 3.74175
0.189307 4.00477 -9.94665 4.22153
0.19775 4.46179 -10.5962 4.73509
0.20722 4.98783 -11.342 5.28493
0.21779 5.59494 -12.1829 5.94421
0.229678 6.30689 -13.1527 6.72362
0.243126 7.14466 -14.2746 7.61519
0.258356 8.12848 -15.5781 8.76599
0.275888 9.31723 -17.1162 10.0155
0.295919 10.7501 -18.9382 11.6911
0.319301 12.492 -21.1279 13.6142
0.34653 14.6597 -23.778 15.886
0.378302 17.3109 -26.9851 19.0827
0.416467 20.6981 -31.007 22.7301
0.461927 25.0031 -36.0214 27.8332
0.517593 30.6505 -42.4841 34.3179
0.586229 38.1568 -50.8913 43.0352
0.6723 48.2401 -62.0781 55.2014
0.782703 62.4332 -77.4157 73.8716
0.930446 83.1025 -99.4235 96.9068
1.12426 113.282 -130.876 134.166
1.39259 159.556 -178.411 197.429
1.78745 236.839 -255.985 297.89
2.38323 370.074 -387.756 480.866
3.34496 622.075 -631.635 878.058
5.10108 1173.15 -1154.6 1753.34
8.60776 2518.67 -2409.42 4082.24
16.7723 6326.43 -5899 10674.2
38.1207 15223.3 -13988.2 9559.57
57.2399 -6161.94 4357.01 -13674.2
29.8915 -12654.6 10314.9 -8329.84
13.2318 -4694.89 3740.57 -3092.58
7.04662 -1938.32 1497.52 -1370.58
4.30547 -942.593 702.809 -710.281
2.8849 -517.782 371.509 -410.122
2.06466 -311.403 213.84 -252.152
1.56036 -201.824 132.185 -168.264
1.22383 -137.453 85.3527 -117.397
0.989035 -97.5791 56.991 -84.6947
0.819646 -71.5394 38.9554 -63.6647
0.692316 -53.8883 26.8652 -48.1543
0.596008 -41.5082 18.7153 -37.0427
0.521922 -32.6943 13.0427 -29.7775
0.462367 -26.1167 8.91029 -24.0412
0.414285 -21.1615 5.84254 -18.5387
0.377208 -17.449 3.60843 -16.7557
0.343696 -14.4021 1.84255 -13.3631
0.31697 -12.0414 0.437178 -11.3554
0.294259 -10.1461 -0.616868 -9.48581
0.275287 -8.60666 -1.48946 -8.02678
0.259234 -7.35255 -2.17839 -6.875
0.245484 -6.31152 -2.75898 -5.96336
0.233557 -5.44062 -3.22241 -4.97054
