 #1 r1
 #2 r2
 #3 Rho_s
 #4 Dfdr1_t (Theoretical gradients using SIE) 
 #5 Dfdr2_t (Theoretical gradients using SIE) 
0.05 0.05 0.204682 -5.31797 -2.65905
0.06 0.05 0.17195 -1.69633 -3.98525
0.07 0.05 0.165107 0.176894 -5.32439
0.08 0.05 0.173863 1.56048 -6.8678
0.09 0.05 0.196894 3.14655 -8.98397
0.1 0.05 0.240226 5.78215 -12.4855
0.11 0.05 0.322269 11.47 -19.4812
0.12 0.05 0.502786 27.6904 -37.5722
0.13 0.05 1.03605 97.7042 -108.216
0.14 0.05 4.20939 881.334 -815.813
0.15 0.05 30.7469 -10175 7493.71
0.16 0.05 2.17436 -339.308 212.059
0.17 0.05 0.715623 -55.6042 23.9508
0.18 0.05 0.393836 -17.3093 1.67525
0.19 0.05 0.280314 -7.0935 -3.67548
0.2 0.05 0.23103 -3.162 -5.8047
0.21 0.05 0.209407 -1.30203 -7.01328
0.22 0.05 0.203276 -0.167132 -8.18429
0.23 0.05 0.206541 0.661387 -9.44168
0.24 0.05 0.219837 1.59356 -11.3378
