#1 rho_s 
#2 coeffs 
400 20
x[i] = 0.2/pow(i-5.5,2);
73.0933 0.02 0 0.00987654 0.0163265 0.032 0.0888889 0.8 0.8 0.0888889 0.032 0.0163265 0.00987654 0.00661157 0.00473373 0.00355556 0.00276817 0.00221607 0.00181406 0.00151229 0.00128 0.00109739 0.000951249 0.000832466 0.000734619 0.000653061 0.000584368 
75.6422 0.02 0.00303825 0.00918632 0.0142643 0.0324852 0.0871364 0.796456 0.792205 0.0893426 0.0326352 0.0169156 0.00922941 0.00560272 0.00334835 0.00328743 0.00382966 0.00219979 0.0010372 0.00220374 0.00190009 0.00210757 0.00105834 -0.000184427 0.000198427 0.000748886 0.000321296 
77.1994 0.02 0.00627298 0.00801789 0.0131325 0.0331469 0.0856821 0.793144 0.784699 0.0897991 0.0332339 0.0170779 0.00869932 0.00458058 0.00277808 0.00236925 0.00444313 0.00253505 0.00065597 0.00336582 0.0030801 0.00366898 0.00136274 -0.00155472 -0.000430793 0.000897757 -7.54902e-05 
78.7656 0.02 0.00985952 0.00689129 0.0132692 0.0338813 0.084514 0.790056 0.777914 0.0901879 0.0336989 0.017102 0.0084926 0.00410005 0.00317813 0.00113649 0.0048398 0.0030683 0.000494215 0.00486237 0.00478312 0.00567174 0.00202453 -0.00312268 -0.00120051 0.00137395 -0.000621177 
80.6277 0.02 0.0136072 0.00597885 0.0145736 0.0346284 0.0836122 0.787161 0.771814 0.0904974 0.0340335 0.0170469 0.00857464 0.00429452 0.0044154 -0.000195058 0.00514387 0.00366279 0.000513232 0.00657267 0.00680599 0.00788059 0.00296345 -0.00474043 -0.00202958 0.00212858 -0.00126339 
82.8709 0.02 0.0173356 0.00530618 0.0167172 0.0353586 0.0829059 0.784317 0.766049 0.0907322 0.0342758 0.0169222 0.00883204 0.00509511 0.006232 -0.00150362 0.00543349 0.00423115 0.00068385 0.00839844 0.00895646 0.0100783 0.00403178 -0.0063342 -0.0028538 0.00305429 -0.00195395 
85.4638 0.02 0.0209628 0.00484479 0.0193486 0.0360584 0.0823198 0.781381 0.7603 0.0908976 0.0344629 0.0167327 0.00916323 0.00637178 0.00838684 -0.00273315 0.00574535 0.00473516 0.000974738 0.0102618 0.0111162 0.0121562 0.00510957 -0.00787178 -0.00363903 0.00405361 -0.00266239 
88.3517 0.02 0.0244869 0.00456356 0.0221722 0.0367219 0.0817889 0.778248 0.754385 0.0909957 0.0346216 0.0164961 0.00950548 0.00799864 0.0106909 -0.00385805 0.00609149 0.00516716 0.00134843 0.0120911 0.0132346 0.0141108 0.00612229 -0.00933247 -0.00436973 0.00504611 -0.00337012 
91.5076 0.02 0.0279411 0.00445147 0.0249816 0.0373467 0.0812623 0.774847 0.748264 0.0910249 0.0347659 0.0162434 0.00983461 0.00988704 0.0130157 -0.00486176 0.00646735 0.0055374 0.00176319 0.0138156 0.0153063 0.0160003 0.00703522 -0.0107002 -0.00504486 0.00597004 -0.00406479 
94.911 0.02 0.0313647 0.0045068 0.0276482 0.0379333 0.0807122 0.771138 0.74198 0.090982 0.0348983 0.0160014 0.0101438 0.0119916 0.0152895 -0.00572786 0.00685784 0.00586599 0.00218768 0.015377 0.017345 0.0178927 0.00783921 -0.0119613 -0.00567221 0.00678029 -0.0047376 
98.5048 0.02 0.034798 0.00471749 0.0300928 0.0384849 0.0801411 0.767112 0.735611 0.0908643 0.0350141 0.0157762 0.0104201 0.0142998 0.0174931 -0.00643936 0.00724193 0.00617925 0.00261494 0.0167458 0.0193699 0.0198325 0.00853504 -0.0131031 -0.0062631 0.00744497 -0.00538208 
102.198 0.02 0.0382729 0.00506545 0.0322694 0.0390095 0.0795661 0.762777 0.729253 0.0906709 0.0351055 0.0155621 0.0106432 0.0168121 0.0196404 -0.00698144 0.00759429 0.00650947 0.00305224 0.0179152 0.0214067 0.0218416 0.00911957 -0.0141131 -0.00683032 0.00794053 -0.00599107 
105.892 0.02 0.0418003 0.00554027 0.0341602 0.0395194 0.0789981 0.758147 0.723009 0.0904034 0.0351647 0.0153598 0.0107992 0.019524 0.0217507 -0.007343 0.0078864 0.00689362 0.00350204 0.0188809 0.023486 0.023936 0.00958108 -0.0149771 -0.00738632 0.00824769 -0.00655465 
109.494 0.02 0.0453665 0.00614165 0.0357727 0.0400289 0.0784348 0.753238 0.71699 0.0900664 0.0351856 0.0151828 0.0108891 0.0224176 0.0238309 -0.00751791 0.0080875 0.00736911 0.00395582 0.0196306 0.0256333 0.026133 0.00990614 -0.0156778 -0.00794066 0.00834978 -0.0070599 
112.911 0.02 0.0489373 0.00687246 0.0371373 0.0405504 0.0778648 0.748077 0.711299 0.0896677 0.0351644 0.0150539 0.0109322 0.0254594 0.0258672 -0.00750658 0.00816548 0.00796876 0.00439813 0.0201456 0.027855 0.0284521 0.0100922 -0.0161946 -0.00849723 0.00823283 -0.00749133 
116.027 0.02 0.0524661 0.00772967 0.0383056 0.0410913 0.0772743 0.742708 0.706017 0.089218 0.0351003 0.0149991 0.0109665 0.0286 0.0278259 -0.00731681 0.00808848 0.00871597 0.00481406 0.0204091 0.0301264 0.0309112 0.0101579 -0.0165054 -0.00905181 0.00788711 -0.00783209 
118.723 0.02 0.0559034 0.00869691 0.0393452 0.0416511 0.0766544 0.737206 0.701205 0.0887304 0.0349936 0.0150412 0.011045 0.0317757 0.0296574 -0.0069629 0.00782833 0.00962036 0.00519515 0.0204158 0.0323844 0.033521 0.0101452 -0.0165891 -0.00959114 0.00730953 -0.00806598 
120.907 0.02 0.0592022 0.00973963 0.0403287 0.0422203 0.0760061 0.731677 0.696901 0.0882207 0.0348423 0.0151955 0.0112273 0.0349097 0.0313069 -0.00646492 0.00736477 0.0106748 0.00554146 0.0201776 0.0345281 0.0362761 0.0101107 -0.0164304 -0.0100941 0.00650772 -0.0081805 
122.549 0.02 0.0623242 0.0108026 0.0413189 0.042781 0.0753449 0.726262 0.693135 0.0877083 0.0346385 0.0154651 0.011566 0.0379197 0.0327271 -0.00584753 0.0066913 0.0118535 0.00586095 0.0197256 0.0364299 0.0391456 0.0101125 -0.0160235 -0.0105338 0.005504 -0.00817201 
123.668 0.02 0.0652481 0.0118135 0.0423493 0.0433091 0.0747041 0.721119 0.689932 0.0872165 0.034366 0.0158375 0.0120895 0.0407331 0.0338892 -0.00513785 0.0058201 0.0131135 0.00616819 0.0191052 0.037959 0.0420612 0.0101952 -0.0153783 -0.0108835 0.00433636 -0.00805125 
124.328 0.02 0.0679748 0.0126956 0.0434103 0.0437804 0.0741306 0.716404 0.687332 0.0867701 0.0340022 0.0162878 0.0127906 0.043302 0.0347843 -0.00436241 0.00478286 0.0144026 0.00648117 0.0183668 0.0390102 0.0449152 0.0103771 -0.014522 -0.0111235 0.00305178 -0.00784309 
124.655 0.02 0.0705204 0.0133853 0.0444538 0.0441765 0.0736731 0.712241 0.685381 0.0863924 0.0335266 0.0167866 0.0136329 0.0456039 0.0354161 -0.00354579 0.00362441 0.0156711 0.00681591 0.0175555 0.0395218 0.047579 0.0106458 -0.0134942 -0.0112453 0.00169526 -0.0075783 
124.818 0.02 0.0729027 0.0138438 0.0454146 0.044488 0.0733677 0.708714 0.684126 0.0861027 0.032929 0.0173082 0.0145682 0.0476305 0.0357951 -0.00271011 0.00239197 0.0168806 0.00718191 0.016706 0.039477 0.0499346 0.0109624 -0.0123386 -0.0112505 0.000300588 -0.00728289 
124.994 0.02 0.075134 0.0140594 0.0462329 0.0447151 0.0732301 0.705857 0.683591 0.0859153 0.032213 0.0178339 0.0155522 0.0493798 0.0359352 -0.00187387 0.00112554 0.018009 0.00758199 0.0158426 0.0388942 0.0519008 0.0112729 -0.011094 -0.0111455 -0.00111356 -0.00697222 
125.321 0.02 0.0772211 0.0140445 0.0468672 0.0448651 0.0732567 0.703662 0.68377 0.085839 0.0313939 0.0183523 0.016554 0.0508545 0.0358536 -0.00104953 -0.000147274 0.0190493 0.00801449 0.0149809 0.0378146 0.0534428 0.011521 -0.009789 -0.0109377 -0.0025436 -0.00665041 
125.875 0.02 0.0791678 0.0138284 0.0472974 0.0449498 0.0734294 0.702081 0.68462 0.0858778 0.0304946 0.0188581 0.0175586 0.0520624 0.0355703 -0.000241892 -0.00141171 0.0200059 0.00847536 0.0141302 0.0362908 0.0545693 0.0116578 -0.0084402 -0.0106324 -0.00399863 -0.00631238 
126.666 0.02 0.0809768 0.01345 0.0475221 0.0449825 0.0737214 0.701044 0.686073 0.0860333 0.0295407 0.0193505 0.0185641 0.0530165 0.0351089 0.000552337 -0.00266288 0.0208894 0.00895904 0.0132949 0.0343795 0.0553222 0.0116462 -0.00705391 -0.0102317 -0.00549621 -0.00594748 
127.641 0.02 0.0826511 0.0129522 0.0475542 0.0449757 0.0741033 0.700467 0.688033 0.086305 0.028557 0.0198307 0.0195769 0.0537337 0.034498 0.00134381 -0.00390126 0.021712 0.00945888 0.0124766 0.0321384 0.0557659 0.0114633 -0.00562919 -0.0097344 -0.00705747 -0.00554351 
128.706 0.02 0.0841932 0.0123765 0.0474163 0.0449396 0.0745473 0.700261 0.690383 0.0866921 0.027565 0.0203005 0.0206065 0.0542328 0.0337721 0.00214897 -0.00512824 0.0224836 0.0099669 0.0116757 0.0296266 0.0559789 0.0111013 -0.00416141 -0.009138 -0.00870309 -0.00509036 
129.743 0.02 0.0856033 0.0117609 0.0471388 0.0448813 0.0750301 0.700337 0.692988 0.0871921 0.0265821 0.0207603 0.021661 0.0545325 0.0329715 0.0029881 -0.00634287 0.023211 0.010473 0.0108917 0.0269072 0.0560482 0.0105688 -0.00264581 -0.0084403 -0.01045 -0.00458213 
130.637 0.02 0.0868761 0.0111376 0.0467589 0.0448044 0.0755335 0.70061 0.695695 0.0877993 0.0256215 0.021209 0.0227439 0.0546496 0.0321411 0.00388257 -0.00753974 0.0238971 0.0109638 0.0101232 0.024051 0.0560654 0.00989163 -0.00108048 -0.00764241 -0.0123081 -0.00401848 
131.303 0.02 0.0879987 0.0105321 0.0463207 0.0447088 0.0760447 0.701001 0.698341 0.0885027 0.0246923 0.0216438 0.023852 0.0545973 0.0313288 0.00485156 -0.0087083 0.0245429 0.0114222 0.00936768 0.0211378 0.0561234 0.00911395 0.000530862 -0.00675125 -0.014277 -0.00340538 
131.717 0.02 0.0889516 0.00996074 0.0458724 0.0445902 0.076556 0.701438 0.700758 0.0892842 0.0237984 0.0220597 0.0249745 0.0543865 0.0305833 0.00590833 -0.0098335 0.0251477 0.0118282 0.00862148 0.0182559 0.0563098 0.00829601 0.00217679 -0.00578137 -0.0163421 -0.00275572 
131.907 0.02 0.0897137 0.0094289 0.0454624 0.0444404 0.0770642 0.701858 0.702787 0.090119 0.0229378 0.0224489 0.0260936 0.0540277 0.0299532 0.00705722 -0.0108976 0.0257097 0.0121614 0.00788251 0.0154951 0.0566985 0.0075081 0.00383754 -0.00475464 -0.0184721 -0.0020896 
131.95 0.02 0.0902697 0.0089296 0.0451318 0.0442476 0.0775713 0.702213 0.704296 0.0909768 0.0221014 0.0227998 0.027185 0.0535346 0.0294857 0.00829201 -0.011883 0.0262254 0.0124057 0.00715278 0.0129372 0.0573401 0.00682031 0.00548591 -0.00369888 -0.0206188 -0.0014335 
131.94 0.02 0.0906181 0.00844596 0.0449088 0.0439981 0.0780832 0.702466 0.705192 0.0918249 0.0212737 0.0230982 0.0282206 0.052926 0.0292223 0.00959658 -0.0127746 0.0266907 0.0125529 0.00643983 0.010647 0.0582549 0.00629075 0.00709043 -0.00264558 -0.0227238 -0.000817004 
131.965 0.02 0.0907736 0.00795809 0.0448041 0.0436782 0.0786082 0.702591 0.705436 0.0926299 0.0204353 0.0233311 0.0291707 0.0522275 0.0291936 0.0109478 -0.0135623 0.0271037 0.0126032 0.00575476 0.00866842 0.0594318 0.00595574 0.00861935 -0.00162829 -0.0247274 -0.000266996 
132.088 0.02 0.0907673 0.00745202 0.0448096 0.0432768 0.0791547 0.702564 0.705046 0.0933587 0.0195672 0.0234909 0.030006 0.0514718 0.0294121 0.0123192 -0.0142409 0.0274674 0.0125637 0.00510724 0.00702676 0.0608316 0.00582538 0.0100447 -0.000681188 -0.0265804 0.000197587 
132.328 0.02 0.0906436 0.00692504 0.0448986 0.0427868 0.0797305 0.702361 0.704092 0.0939801 0.0186543 0.0235776 0.0306992 0.0506987 0.0298713 0.0136848 -0.0148092 0.0277904 0.0124464 0.00450265 0.00573305 0.0623928 0.00588533 0.011345 0.000162838 -0.0282501 0.000567982 
132.668 0.02 0.0904533 0.00638493 0.0450333 0.0422043 0.080343 0.701962 0.702681 0.0944676 0.017688 0.0235979 0.0312284 0.0499484 0.0305486 0.0150196 -0.0152687 0.0280844 0.0122662 0.00394238 0.00478461 0.0640414 0.00610235 0.0125069 0.000876269 -0.0297206 0.000844925 
133.065 0.02 0.0902439 0.00584521 0.0451754 0.0415288 0.0809982 0.701358 0.700937 0.094803 0.0166679 0.0235619 0.0315827 0.0492517 0.0314129 0.0162994 -0.0156238 0.0283617 0.0120391 0.00342673 0.00416145 0.0657044 0.00643205 0.013527 0.0014423 -0.03099 0.00103728 
133.466 0.02 0.0900536 0.0053211 0.0452934 0.0407625 0.0817007 0.70056 0.698988 0.0949796 0.0156022 0.0234815 0.0317664 0.0486232 0.0324285 0.0175005 -0.0158815 0.0286316 0.0117806 0.00295658 0.00382508 0.0673185 0.00682518 0.0144126 0.00185787 -0.032068 0.00116043 
133.824 0.02 0.0899091 0.00482769 0.0453629 0.0399108 0.0824537 0.699596 0.696956 0.0950019 0.0145057 0.0233692 0.0317979 0.0480632 0.0335575 0.018601 -0.0160513 0.028901 0.0115048 0.00253297 0.0037226 0.068832 0.00723212 0.0151796 0.0021326 -0.0329741 0.00123427 
134.106 0.02 0.0898267 0.00437897 0.045365 0.0389822 0.0832586 0.69851 0.694958 0.0948842 0.0133974 0.0232375 0.0317065 0.047562 0.0347606 0.0195823 -0.0161438 0.0291738 0.0112233 0.00215555 0.00379332 0.0702035 0.00760644 0.0158486 0.00228514 -0.0337353 0.00128113 
134.301 0.02 0.089814 0.00398679 0.0452867 0.0379877 0.0841145 0.69735 0.693098 0.0946468 0.0122973 0.0230985 0.0315274 0.0471037 0.0359969 0.0204291 -0.0161699 0.0294524 0.0109448 0.00182152 0.00397416 0.0714011 0.00790789 0.0164413 0.00233886 -0.0343833 0.00132381 
134.415 0.02 0.0898707 0.00365973 0.0451208 0.0369401 0.085017 0.696168 0.691468 0.0943129 0.0112238 0.0229627 0.0312982 0.0466703 0.0372257 0.0211304 -0.0161406 0.0297384 0.0106743 0.00152517 0.00420419 0.0724029 0.00810551 0.0169767 0.00231807 -0.0349502 0.00138367 
134.47 0.02 0.08999 0.00340244 0.0448669 0.0358529 0.0859579 0.695016 0.690138 0.0939059 0.0101912 0.022839 0.0310556 0.0462433 0.0384091 0.0216793 -0.0160666 0.0300332 0.0104132 0.0012584 0.00442809 0.0731975 0.00818025 0.0174696 0.00224504 -0.0354655 0.00147913 
134.494 0.02 0.0901605 0.00321602 0.0445309 0.0347385 0.0869259 0.693935 0.689157 0.0934468 0.00920907 0.0227341 0.030833 0.0458066 0.039513 0.0220723 -0.0159573 0.0303382 0.0101601 0.00101167 0.00459929 0.0737841 0.00812623 0.0179289 0.00213788 -0.0359531 0.00162446 
134.511 0.02 0.0903685 0.00309891 0.044124 0.0336073 0.0879077 0.692959 0.688547 0.092953 0.00828147 0.0226525 0.0306586 0.0453482 0.0405096 0.0223094 -0.0158206 0.0306544 0.00991092 0.000775518 0.00468234 0.0741713 0.0079506 0.0183582 0.00200947 -0.0364288 0.00182908 
134.539 0.02 0.0906002 0.00304801 0.0436608 0.0324674 0.0888894 0.692108 0.688306 0.0924373 0.00740736 0.0225969 0.0305546 0.0448624 0.0413779 0.0223932 -0.0156623 0.0309825 0.00966041 0.000542031 0.00465437 0.0743762 0.00767234 0.018756 0.0018671 -0.0368998 0.00209723 
134.584 0.02 0.0908429 0.00305963 0.043158 0.0313241 0.0898578 0.691387 0.688407 0.0919078 0.00658129 0.0225678 0.0305359 0.0443499 0.0421041 0.0223286 -0.015486 0.0313225 0.00940315 0.000305919 0.00450534 0.0744222 0.00731985 0.0191168 0.00171276 -0.037365 0.00242823 
134.642 0.02 0.0910858 0.00312996 0.042633 0.0301803 0.0908013 0.690792 0.688805 0.0913688 0.00579443 0.0225645 0.0306106 0.0438182 0.0426806 0.0221227 -0.0152931 0.0316734 0.00913431 6.54117e-05 0.00423752 0.074337 0.00692845 0.0194325 0.00154393 -0.0378152 0.00281686 
134.702 0.02 0.0913205 0.00325504 0.0421029 0.0290378 0.0917103 0.690307 0.689437 0.0908211 0.00503576 0.0225845 0.0307795 0.0432801 0.0431062 0.0217845 -0.0150832 0.0320337 0.00885044 -0.000177366 0.00386377 0.0741518 0.00653727 0.019693 0.00135497 -0.0382352 0.00325421 
134.754 0.02 0.0915399 0.00343058 0.041584 0.0278979 0.0925774 0.689909 0.690231 0.0902637 0.00429305 0.022624 0.0310363 0.0427526 0.0433844 0.0213253 -0.0148543 0.032401 0.0085498 -0.000416748 0.0034056 0.0738986 0.00618639 0.0198876 0.00113829 -0.038606 0.00372858 
134.789 0.02 0.0917388 0.00365153 0.0410912 0.0267627 0.0933977 0.68957 0.691109 0.0896951 0.00355409 0.0226776 0.0313689 0.0422546 0.0435235 0.0207591 -0.0146039 0.0327728 0.00823248 -0.000644128 0.00289065 0.0736094 0.00591365 0.0200057 0.000886011 -0.0389072 0.00422667 
134.808 0.02 0.0919125 0.00391179 0.0406374 0.0256361 0.0941682 0.689264 0.691996 0.0891146 0.00280761 0.0227386 0.0317597 0.0418048 0.0435352 0.0201026 -0.0143295 0.0331464 0.00790021 -0.000849042 0.00235001 0.0733146 0.00575159 0.0200383 0.000591417 -0.0391196 0.00473475 
134.816 0.02 0.0920576 0.00420403 0.0402329 0.0245246 0.0948876 0.688964 0.692819 0.0885238 0.00204425 0.0227995 0.0321879 0.0414196 0.0434343 0.0193751 -0.0140289 0.0335194 0.00755595 -0.00102035 0.00181527 0.073041 0.00572449 0.0199786 0.000250386 -0.0392281 0.00524 
134.82 0.02 0.0921717 0.00452003 0.039885 0.0234376 0.0955561 0.688649 0.693523 0.0879276 0.00125734 0.0228525 0.0326307 0.0411115 0.0432375 0.0185986 -0.0137005 0.0338898 0.00720333 -0.00114756 0.00131593 0.0728109 0.00584592 0.0198225 -0.000137591 -0.0392236 0.0057316 
134.831 0.02 0.0922544 0.00485089 0.0395983 0.0223867 0.0961747 0.688304 0.694065 0.0873346 0.000443344 0.0228903 0.0330658 0.0408875 0.0429624 0.0177962 -0.0133433 0.0342562 0.00684604 -0.00122177 0.000877072 0.0726406 0.00611722 0.0195697 -0.000569001 -0.0391045 0.0062018 
134.855 0.02 0.0923073 0.00518759 0.0393737 0.0213853 0.0967454 0.687919 0.694421 0.0867567 -0.000397899 0.022907 0.033473 0.0407486 0.0426269 0.0169917 -0.0129568 0.0346184 0.00648733 -0.00123635 0.000517554 0.0725399 0.00652696 0.0192235 -0.0010363 -0.0388764 0.00664655 
134.896 0.02 0.092335 0.00552143 0.0392096 0.020447 0.0972705 0.687493 0.694587 0.0862085 -0.00126319 0.0228986 0.0338357 0.0406898 0.0422476 0.0162079 -0.0125404 0.0349769 0.00612958 -0.00118713 0.000249081 0.0725116 0.00705172 0.0187908 -0.0015285 -0.0385516 0.00706574 
134.952 0.02 0.0923447 0.00584456 0.0391012 0.0195847 0.097753 0.687031 0.694576 0.0857054 -0.00214631 0.0228633 0.0341426 0.0407002 0.0418402 0.0154655 -0.0120938 0.0353336 0.00577395 -0.00107251 7.62166e-05 0.0725518 0.0076582 0.018282 -0.00203218 -0.0381473 0.00746306 
135.018 0.02 0.0923458 0.00615023 0.0390412 0.0188092 0.0981965 0.686543 0.694414 0.0852626 -0.00303858 0.0228018 0.034388 0.0407648 0.0414185 0.0147822 -0.0116168 0.0356913 0.00542027 -0.000893298 -3.00808e-06 0.0726504 0.00830613 0.0177103 -0.00253284 -0.0376838 0.00784538 
135.089 0.02 0.0923494 0.00643318 0.0390204 0.0181279 0.0986048 0.686045 0.694141 0.0848932 -0.00392956 0.0227168 0.0345718 0.0408655 0.0409949 0.0141715 -0.0111096 0.0360538 0.00506707 -0.000652552 4.14236e-06 0.0727926 0.00895191 0.0170911 -0.00301633 -0.0371824 0.00822185 
135.158 0.02 0.0923667 0.00668966 0.0390275 0.0175452 0.0989823 0.685555 0.693801 0.0846074 -0.00480802 0.0226127 0.0346992 0.0409829 0.0405798 0.0136429 -0.0105732 0.036425 0.00471177 -0.000355544 8.62386e-05 0.0729601 0.00955244 0.016441 -0.00347028 -0.0366643 0.00860279 
135.226 0.02 0.0924081 0.00691785 0.0390504 0.0170615 0.0993331 0.685093 0.693441 0.0844114 -0.00566253 0.0224946 0.0347794 0.0410987 0.0401815 0.0132019 -0.0100093 0.0368089 0.00435092 -9.28947e-06 0.000229384 0.0731337 0.0100693 0.0157768 -0.00388527 -0.0361492 0.00899842 
135.291 0.02 0.092482 0.00711713 0.0390763 0.0166743 0.099661 0.68468 0.693103 0.0843077 -0.00648303 0.022368 0.0348239 0.0411967 0.039807 0.01285 -0.00942074 0.0372087 0.00398072 0.000377621 0.000418335 0.0732946 0.0104714 0.0151146 -0.00425526 -0.0356544 0.00941772 
135.357 0.02 0.0925942 0.00728848 0.0390933 0.0163782 0.0999689 0.684333 0.692825 0.0842952 -0.00726108 0.0222375 0.0348452 0.0412644 0.0394614 0.0125863 -0.00881068 0.0376262 0.00359715 0.000795644 0.000637803 0.0734268 0.0107381 0.0144687 -0.00457832 -0.0351943 0.00986764 
135.426 0.02 0.0927467 0.00743402 0.0390902 0.0161659 0.100259 0.684069 0.692634 0.0843692 -0.00799054 0.0221067 0.0348556 0.0412938 0.0391488 0.0124072 -0.00818263 0.0380619 0.00319637 0.00123501 0.000873588 0.0735185 0.0108603 0.0138513 -0.00485621 -0.0347799 0.0103524 
135.5 0.02 0.0929386 0.00755663 0.0390585 0.0160286 0.100531 0.683898 0.692544 0.0845228 -0.00866784 0.0219776 0.0348656 0.0412818 0.0388715 0.0123082 -0.00753992 0.0385147 0.0027749 0.00168633 0.00111344 0.0735629 0.0108409 0.013272 -0.00509378 -0.0344186 0.010873 
135.58 0.02 0.0931657 0.00765957 0.0389918 0.0159569 0.100785 0.683824 0.692559 0.0847468 -0.00929203 0.0218501 0.0348839 0.0412299 0.0386317 0.0122838 -0.00688539 0.0389822 0.00232974 0.00214127 0.00134773 0.0735584 0.010694 0.0127378 -0.00529801 -0.0341133 0.0114276 
135.663 0.02 0.0934213 0.00774612 0.0388866 0.0159413 0.101019 0.683847 0.692674 0.0850312 -0.00986443 0.0217228 0.0349166 0.0411435 0.0384304 0.0123286 -0.00622127 0.039461 0.00185857 0.0025929 0.00156972 0.0735087 0.0104425 0.0122532 -0.00547718 -0.0338631 0.0120112 
135.747 0.02 0.093697 0.00781912 0.0387424 0.0159729 0.10123 0.68396 0.692871 0.0853652 -0.0103882 0.0215928 0.0349672 0.0410311 0.0382688 0.012437 -0.00554905 0.0399472 0.00135977 0.00303604 0.00177562 0.0734215 0.010116 0.0118208 -0.00563966 -0.0336632 0.0126167 
135.826 0.02 0.0939838 0.00788082 0.0385612 0.0160433 0.101414 0.684152 0.693129 0.0857377 -0.010868 0.0214563 0.0350367 0.0409034 0.0381475 0.0126038 -0.00486991 0.0404369 0.00083251 0.00346717 0.00196414 0.073308 0.00974768 0.0114414 -0.00579351 -0.0335054 0.0132348 
135.898 0.02 0.0942724 0.00793277 0.038347 0.0161452 0.101567 0.684407 0.693422 0.0861377 -0.0113094 0.0213091 0.0351244 0.0407716 0.0380668 0.0128237 -0.00418483 0.0409264 0.00027673 0.00388424 0.00213589 0.0731808 0.00937124 0.0111143 -0.00594598 -0.0333789 0.0138558 
135.96 0.02 0.0945544 0.00797595 0.0381055 0.0162717 0.101686 0.684709 0.693724 0.0865546 -0.0117183 0.0211474 0.0352277 0.0406471 0.0380266 0.0130912 -0.00349504 0.0414128 -0.000306898 0.00428637 0.00229243 0.0730529 0.00901819 0.0108374 -0.00610318 -0.0332716 0.0144695 
136.014 0.02 0.0948233 0.0080109 0.0378433 0.0164168 0.101765 0.68504 0.694009 0.0869779 -0.0121006 0.0209682 0.0353432 0.0405398 0.0380256 0.0134008 -0.00280219 0.041894 -0.000917007 0.00467346 0.00243543 0.0729363 0.00871529 0.010608 -0.00627018 -0.0331709 0.0150669 
136.061 0.02 0.0950749 0.00803798 0.0375674 0.016575 0.101802 0.685384 0.694256 0.0873978 -0.012462 0.0207699 0.0354675 0.0404577 0.0380621 0.0137462 -0.00210851 0.0423687 -0.00155162 0.00504591 0.00256576 0.0728404 0.00848267 0.0104223 -0.00645115 -0.0330649 0.0156409 
136.104 0.02 0.0953076 0.00805764 0.0372846 0.0167412 0.101795 0.685727 0.69445 0.0878048 -0.0128076 0.0205522 0.0355971 0.0404061 0.038133 0.014121 -0.00141686 0.0428367 -0.00220829 0.00540425 0.00268264 0.0727715 0.00833253 0.0102759 -0.00664941 -0.0329432 0.0161867 
136.145 0.02 0.0955229 0.00807059 0.037001 0.0169104 0.10174 0.686057 0.694583 0.0881906 -0.0131415 0.0203167 0.0357293 0.0403876 0.0382343 0.0145185 -0.000730754 0.0432988 -0.00288426 0.00574893 0.0027835 0.0727319 0.00826879 0.010164 -0.00686758 -0.032798 0.0167026 
136.186 0.02 0.0957245 0.00807797 0.0367218 0.0170783 0.101638 0.686369 0.694653 0.0885476 -0.0134671 0.0200668 0.0358627 0.0404018 0.0383613 0.0149318 -5.4159e-05 0.0437562 -0.00357661 0.00608017 0.00286398 0.0727205 0.00828755 0.0100813 -0.00710759 -0.0326245 0.01719 
136.229 0.02 0.0959185 0.00808124 0.0364508 0.0172409 0.10149 0.686659 0.694664 0.0888698 -0.0137872 0.019807 0.0359966 0.0404459 0.038509 0.0153541 0.000608594 0.0442108 -0.00428242 0.00639796 0.00291825 0.0727323 0.00837789 0.0100223 -0.00737065 -0.0324207 0.0176527 
136.276 0.02 0.0961117 0.00808223 0.0361904 0.0173947 0.101297 0.686925 0.694629 0.0891527 -0.0141035 0.0195429 0.0361316 0.0405151 0.038672 0.0157791 0.00125304 0.0446649 -0.00499881 0.00670215 0.00293987 0.0727601 0.00852359 0.00998126 -0.00765738 -0.0321873 0.0180972 
136.322 0.02 0.0963115 0.0080829 0.0359416 0.0175372 0.101063 0.687169 0.694559 0.0893932 -0.0144176 0.0192806 0.0362692 0.0406034 0.0388458 0.0162012 0.00187468 0.0451209 -0.00572298 0.00699255 0.00292249 0.0727945 0.00870502 0.00995264 -0.00796745 -0.0319273 0.0185312 
136.371 0.02 0.0965247 0.00808513 0.0357037 0.0176666 0.100791 0.687395 0.694472 0.0895901 -0.0147306 0.0190262 0.0364115 0.0407043 0.0390263 0.0166158 0.00246924 0.0455808 -0.00645225 0.0072691 0.00286081 0.0728256 0.00890106 0.00993086 -0.0082998 -0.0316452 0.018963 
136.422 0.02 0.0967565 0.00809071 0.0354753 0.017782 0.100488 0.687606 0.694384 0.0897436 -0.0150435 0.0187855 0.0365607 0.0408117 0.0392105 0.0170193 0.00303274 0.0460468 -0.007184 0.00753206 0.0027513 0.0728437 0.00909099 0.00991059 -0.00865258 -0.0313459 0.0194008 
136.473 0.02 0.0970109 0.00810122 0.0352541 0.0178838 0.100159 0.687804 0.694307 0.0898554 -0.0153571 0.0185629 0.036719 0.0409204 0.0393961 0.0174093 0.00356158 0.0465201 -0.00791553 0.00778225 0.00259268 0.0728406 0.00925642 0.00988699 -0.00902319 -0.0310346 0.0198517 
136.526 0.02 0.0972894 0.00811792 0.0350376 0.017973 0.0998094 0.687992 0.694255 0.0899282 -0.0156721 0.0183619 0.0368883 0.0410263 0.0395818 0.0177844 0.00405266 0.0470015 -0.00864408 0.00802109 0.00238618 0.0728096 0.00938245 0.00985582 -0.00940842 -0.0307159 0.0203214 
136.58 0.02 0.0975916 0.00814192 0.0348233 0.0180517 0.0994469 0.688172 0.694232 0.0899655 -0.015989 0.0181845 0.0370699 0.0411271 0.0397673 0.0181445 0.00450353 0.0474909 -0.00936681 0.00825063 0.00213548 0.0727463 0.00945896 0.00981372 -0.00980449 -0.0303933 0.0208135 
136.634 0.02 0.0979154 0.00817398 0.0346093 0.0181225 0.0990775 0.68834 0.694241 0.0899718 -0.0163081 0.0180309 0.0372644 0.0412221 0.0399519 0.0184903 0.00491222 0.0479871 -0.0100807 0.00847351 0.00184656 0.0726486 0.00948068 0.00975818 -0.0102074 -0.0300695 0.0213297 
136.69 0.02 0.0982565 0.00821483 0.0343945 0.0181885 0.0987078 0.688497 0.694278 0.0899517 -0.0166291 0.0178997 0.0374722 0.0413122 0.0401352 0.0188233 0.00527747 0.0484884 -0.0107829 0.00869278 0.00152725 0.072517 0.00944746 0.00968783 -0.0106132 -0.0297462 0.0218694 
136.747 0.02 0.0986096 0.00826512 0.0341786 0.0182532 0.0983438 0.688638 0.694337 0.0899101 -0.0169516 0.0177882 0.0376929 0.0413993 0.0403167 0.0191456 0.00559863 0.048992 -0.0114701 0.00891171 0.00118673 0.0723538 0.00936391 0.0096023 -0.0110177 -0.0294243 0.0224304 
136.807 0.02 0.0989679 0.00832551 0.0339623 0.0183199 0.0979914 0.68876 0.694407 0.0898525 -0.0172741 0.0176924 0.0379257 0.0414863 0.0404953 0.0194597 0.00587575 0.0494946 -0.0121397 0.00913348 0.000834789 0.0721627 0.00923857 0.00950223 -0.011417 -0.0291042 0.0230092 
136.866 0.02 0.0993243 0.00839661 0.0337473 0.0183919 0.0976558 0.688858 0.694476 0.0897842 -0.017595 0.0176071 0.0381693 0.0415762 0.0406696 0.0197682 0.00610963 0.0499925 -0.0127892 0.00936106 0.000481123 0.0719481 0.00908284 0.00938931 -0.0118072 -0.0287863 0.0236011 
136.927 0.02 0.0996716 0.0084789 0.0335361 0.0184722 0.0973417 0.688931 0.694533 0.0897107 -0.0179122 0.0175268 0.0384222 0.0416723 0.0408375 0.0200735 0.00630154 0.0504821 -0.0134165 0.00959679 0.000134813 0.071715 0.00890968 0.00926566 -0.0121853 -0.0284707 0.0242012 
136.987 0.02 0.100003 0.00857265 0.0333315 0.0185629 0.0970533 0.688976 0.694567 0.0896373 -0.0182233 0.0174456 0.0386825 0.0417772 0.0409967 0.0203773 0.0064534 0.0509596 -0.0140203 0.00984205 -0.000196278 0.0714682 0.00873204 0.00913369 -0.0125484 -0.0281582 0.0248041 
137.048 0.02 0.100311 0.00867783 0.0331369 0.0186654 0.0967936 0.688991 0.69457 0.0895689 -0.0185256 0.0173577 0.038948 0.0418929 0.0411446 0.0206811 0.00656739 0.0514218 -0.0145998 0.0100973 -0.000506117 0.0712119 0.0085616 0.00899606 -0.0128945 -0.0278498 0.0254051 
137.109 0.02 0.100592 0.00879384 0.0329555 0.0187806 0.0965651 0.688979 0.694536 0.0895104 -0.018817 0.0172578 0.0392162 0.0420203 0.0412788 0.020985 0.00664588 0.0518661 -0.0151549 0.0103619 -0.000790816 0.0709495 0.00840766 0.00885519 -0.0132221 -0.0275465 0.0260001 
137.17 0.02 0.100842 0.00891967 0.0327908 0.0189081 0.0963689 0.688941 0.694466 0.0894659 -0.0190953 0.017141 0.0394842 0.042159 0.0413973 0.0212888 0.00669157 0.0522904 -0.0156862 0.0106343 -0.00104867 0.0706831 0.00827655 0.00871354 -0.0135301 -0.0272501 0.0265856 
137.231 0.02 0.101058 0.0090537 0.0326457 0.0190469 0.0962054 0.688882 0.694361 0.0894392 -0.0193588 0.0170035 0.039749 0.0423079 0.0414991 0.0215912 0.00670711 0.0526935 -0.0161949 0.0109119 -0.00128014 0.0704139 0.00817125 0.00857308 -0.0138181 -0.026962 0.0271591 
137.29 0.02 0.101239 0.00919375 0.0325226 0.0191954 0.0960739 0.688806 0.694229 0.0894332 -0.0196061 0.0168421 0.0400073 0.0424644 0.0415835 0.0218901 0.00669504 0.0530745 -0.0166826 0.0111913 -0.00148751 0.0701424 0.00809146 0.00843537 -0.0140861 -0.0266839 0.0277187 
137.346 0.02 0.101386 0.0093372 0.0324235 0.0193516 0.0959731 0.688718 0.694077 0.0894503 -0.0198364 0.0166546 0.0402559 0.0426258 0.0416513 0.0221831 0.00665787 0.0534332 -0.017151 0.0114687 -0.00167445 0.0698687 0.00803418 0.00830178 -0.0143344 -0.026417 0.0282635 
137.399 0.02 0.1015 0.00948116 0.0323497 0.019513 0.0959007 0.688626 0.693915 0.0894923 -0.0200491 0.0164396 0.0404916 0.0427886 0.0417036 0.0224672 0.00659789 0.0537698 -0.0176022 0.0117401 -0.00184565 0.0695925 0.00799419 0.00817329 -0.0145636 -0.0261624 0.0287928 
137.448 0.02 0.101582 0.00962255 0.0323023 0.0196774 0.095854 0.688534 0.693754 0.0895602 -0.0202442 0.0161962 0.0407114 0.0429492 0.0417426 0.0227396 0.00651729 0.0540847 -0.0180378 0.0120015 -0.00200615 0.0693139 0.00796513 0.00805079 -0.0147745 -0.0259207 0.0293066 
137.492 0.02 0.101635 0.00975841 0.0322815 0.0198425 0.0958297 0.688448 0.693601 0.0896547 -0.0204216 0.0159241 0.0409124 0.0431042 0.0417709 0.0229974 0.00641813 0.0543782 -0.0184593 0.0122494 -0.00216081 0.0690333 0.00794019 0.00793519 -0.0149679 -0.0256923 0.0298052 
137.533 0.02 0.101661 0.00988605 0.0322876 0.0200063 0.0958245 0.688372 0.693465 0.0897756 -0.0205816 0.0156235 0.041092 0.0432509 0.0417915 0.0232383 0.00630246 0.0546506 -0.0188677 0.0124805 -0.00231402 0.068752 0.00791301 0.0078275 -0.0151448 -0.0254772 0.030289 
137.568 0.02 0.101663 0.0100032 0.0323203 0.0201671 0.0958349 0.68831 0.693349 0.0899224 -0.0207241 0.0152947 0.041248 0.0433868 0.041807 0.0234603 0.00617221 0.054902 -0.0192634 0.0126928 -0.00246919 0.0684719 0.00787829 0.00772892 -0.0153061 -0.0252751 0.0307586 
137.599 0.02 0.101644 0.0101081 0.0323795 0.0203238 0.0958574 0.688262 0.693254 0.0900941 -0.0208492 0.0149384 0.0413787 0.0435103 0.0418204 0.0236621 0.00602921 0.0551321 -0.0196462 0.0128846 -0.0026288 0.0681958 0.0078321 0.0076409 -0.0154526 -0.0250857 0.0312145 
137.624 0.02 0.101606 0.0101997 0.0324646 0.0204756 0.095889 0.68823 0.69318 0.0902891 -0.0209567 0.0145555 0.0414828 0.0436207 0.0418337 0.023843 0.00587502 0.0553405 -0.0200152 0.0130556 -0.00279428 0.0679274 0.00777232 0.00756514 -0.0155853 -0.0249083 0.0316575 
137.645 0.02 0.101551 0.0102776 0.032575 0.0206224 0.0959264 0.688213 0.693123 0.0905059 -0.0210465 0.0141471 0.0415596 0.0437178 0.041849 0.0240031 0.00571119 0.0555263 -0.0203687 0.0132057 -0.00296611 0.0676705 0.00769816 0.00750344 -0.0157046 -0.0247425 0.0320887 
137.66 0.02 0.101482 0.0103416 0.0327095 0.0207644 0.0959672 0.688209 0.693077 0.0907427 -0.0211184 0.0137146 0.0416089 0.0438023 0.0418677 0.0241431 0.005539 0.0556886 -0.0207046 0.013336 -0.00314402 0.0674295 0.00761018 0.00745753 -0.0158112 -0.0245875 0.0325091 
137.672 0.02 0.1014 0.0103922 0.0328667 0.020902 0.0960089 0.688217 0.693036 0.0909976 -0.0211724 0.0132599 0.0416313 0.0438751 0.041891 0.0242641 0.00535938 0.0558262 -0.0210204 0.0134477 -0.00332729 0.0672083 0.00750993 0.0074291 -0.0159055 -0.0244429 0.0329201 
137.68 0.02 0.101309 0.0104302 0.0330447 0.0210362 0.0960499 0.688233 0.692993 0.0912688 -0.0212084 0.012785 0.0416277 0.0439377 0.0419196 0.0243678 0.00517285 0.0559381 -0.0213132 0.0135425 -0.00351496 0.0670106 0.00739953 0.00741939 -0.0159878 -0.0243082 0.0333235 
137.685 0.02 0.101209 0.0104568 0.0332411 0.0211682 0.0960887 0.688255 0.692944 0.0915544 -0.0212267 0.0122926 0.0415997 0.0439917 0.0419536 0.0244561 0.00497948 0.0560234 -0.0215799 0.0136225 -0.00370604 0.0668393 0.00728128 0.00742916 -0.0160584 -0.0241831 0.0337213 
137.686 0.02 0.101105 0.0104731 0.0334528 0.0212994 0.0961242 0.688281 0.692883 0.0918528 -0.0212277 0.0117856 0.0415492 0.0440389 0.0419934 0.0245312 0.00477891 0.0560815 -0.0218174 0.0136895 -0.00389967 0.066696 0.00715732 0.00745866 -0.0161176 -0.0240676 0.034116 
137.685 0.02 0.100997 0.0104804 0.0336764 0.0214309 0.0961559 0.688308 0.69281 0.0921626 -0.0212123 0.0112671 0.0414786 0.0440812 0.0420386 0.0245953 0.00457044 0.0561119 -0.0220229 0.0137452 -0.00409521 0.0665812 0.00702925 0.00750735 -0.0161659 -0.0239615 0.0345101 
137.684 0.02 0.100888 0.0104803 0.0339078 0.0215643 0.0961836 0.688335 0.692723 0.0924824 -0.0211815 0.0107404 0.0413902 0.0441203 0.0420889 0.0246509 0.0043531 0.0561148 -0.0221937 0.0137912 -0.00429226 0.0664943 0.0068982 0.00757413 -0.0162035 -0.023865 0.0349065 
137.681 0.02 0.100781 0.0104741 0.0341428 0.0217005 0.0962072 0.68836 0.692625 0.092811 -0.0211365 0.0102091 0.0412865 0.0441581 0.0421435 0.0247002 0.00412577 0.0560903 -0.0223276 0.0138285 -0.0044906 0.0664332 0.00676485 0.00765718 -0.0162314 -0.0237782 0.0353078 
137.678 0.02 0.100679 0.0104634 0.0343767 0.0218406 0.0962269 0.688382 0.692519 0.0931472 -0.0210791 0.0096764 0.0411698 0.0441967 0.0422013 0.0247454 0.00388739 0.0560394 -0.0224228 0.0138578 -0.00469015 0.0663947 0.00662944 0.00775422 -0.0162505 -0.0237013 0.0357169 
137.676 0.02 0.100585 0.0104496 0.0346053 0.0219851 0.096243 0.688399 0.692409 0.0934899 -0.0210108 0.0091456 0.0410422 0.0442378 0.0422612 0.0247887 0.00363709 0.0559629 -0.0224783 0.0138794 -0.00489082 0.0663746 0.00649214 0.00786249 -0.016262 -0.0236342 0.0361361 
137.675 0.02 0.100502 0.0104344 0.0348242 0.0221345 0.0962559 0.688411 0.692302 0.0938376 -0.0209332 0.00861937 0.0409057 0.0442834 0.0423213 0.0248318 0.00337412 0.0558622 -0.0224933 0.0138932 -0.00509239 0.0663683 0.00635335 0.00797915 -0.0162678 -0.0235772 0.0365675 
137.675 0.02 0.100432 0.0104192 0.0350298 0.0222888 0.0962658 0.688417 0.692201 0.0941891 -0.0208479 0.00810017 0.040762 0.0443355 0.0423798 0.0248766 0.00309836 0.0557386 -0.0224676 0.0138989 -0.00529457 0.0663709 0.00621371 0.00810114 -0.01627 -0.0235299 0.0370127 
137.678 0.02 0.100377 0.0104053 0.0352189 0.0224478 0.0962727 0.688415 0.692111 0.0945426 -0.0207565 0.00758993 0.0406124 0.0443958 0.0424351 0.0249245 0.00281021 0.0555936 -0.0224018 0.0138961 -0.00549682 0.0663777 0.00607457 0.00822542 -0.0162709 -0.0234919 0.0374723 
137.683 0.02 0.10034 0.0103937 0.035389 0.0226109 0.0962766 0.688406 0.692035 0.0948964 -0.0206604 0.0070901 0.0404585 0.0444658 0.0424854 0.0249767 0.00251065 0.0554289 -0.0222968 0.0138843 -0.00569842 0.0663846 0.00593793 0.00834922 -0.0162734 -0.0234625 0.0379468 
137.691 0.02 0.100321 0.010385 0.0355389 0.022777 0.096277 0.688388 0.691975 0.0952484 -0.0205609 0.00660165 0.0403015 0.0445465 0.0425293 0.0250343 0.00220125 0.055246 -0.0221538 0.013863 -0.00589858 0.0663884 0.00580659 0.00847004 -0.0162805 -0.0234407 0.0384355 
137.702 0.02 0.100321 0.0103796 0.0356679 0.022945 0.0962733 0.688361 0.691932 0.0955964 -0.0204588 0.00612516 0.0401428 0.0446386 0.0425658 0.025098 0.00188407 0.0550467 -0.0219748 0.013832 -0.00609633 0.0663868 0.00568388 0.00858579 -0.0162953 -0.0234249 0.0389374 
137.715 0.02 0.100338 0.0103773 0.0357763 0.0231135 0.0962645 0.688325 0.691903 0.095938 -0.0203549 0.00566091 0.039984 0.044742 0.0425943 0.0251679 0.00156156 0.0548328 -0.0217619 0.0137916 -0.00629062 0.066379 0.0055736 0.00869485 -0.0163206 -0.0234134 0.0394509 
137.73 0.02 0.100371 0.0103776 0.035865 0.0232807 0.0962495 0.688279 0.691887 0.0962708 -0.0202496 0.00520897 0.0398268 0.044856 0.0426151 0.025244 0.00123662 0.0546062 -0.0215174 0.013742 -0.00648036 0.0663652 0.00547956 0.00879609 -0.0163593 -0.0234042 0.0399735 
137.747 0.02 0.100416 0.0103794 0.0359355 0.0234445 0.0962272 0.688225 0.691881 0.0965921 -0.020143 0.00476927 0.0396729 0.0449795 0.0426291 0.025326 0.000912332 0.0543689 -0.0212441 0.013684 -0.00666446 0.0663465 0.0054053 0.00888878 -0.0164136 -0.0233951 0.0405027 
137.766 0.02 0.100472 0.0103815 0.0359893 0.0236029 0.0961964 0.688163 0.691881 0.0968992 -0.020035 0.0043417 0.0395243 0.0451103 0.0426377 0.0254131 0.000591913 0.0541231 -0.020945 0.0136183 -0.0068418 0.0663248 0.00535373 0.00897268 -0.0164855 -0.0233837 0.0410357 
137.785 0.02 0.100533 0.0103822 0.0360285 0.0237532 0.0961559 0.688094 0.691885 0.0971898 -0.0199253 0.00392623 0.039383 0.0452462 0.042643 0.0255044 0.000278693 0.0538711 -0.0206235 0.013546 -0.00701139 0.0663025 0.00532665 0.00904785 -0.0165764 -0.0233677 0.0415697 
137.805 0.02 0.100596 0.01038 0.0360545 0.0238932 0.0961048 0.68802 0.691891 0.0974616 -0.019813 0.00352287 0.0392511 0.0453841 0.0426474 0.0255988 -2.40419e-05 0.0536154 -0.0202831 0.0134681 -0.00717225 0.066282 0.0053246 0.00911475 -0.0166866 -0.0233448 0.0421019 
137.824 0.02 0.100657 0.0103733 0.0360691 0.0240202 0.0960424 0.687941 0.691896 0.0977126 -0.0196973 0.00313172 0.0391304 0.0455208 0.0426535 0.0256951 -0.000313119 0.0533584 -0.0199274 0.0133857 -0.00732354 0.0662655 0.00534672 0.00917407 -0.0168162 -0.0233131 0.0426298 
137.842 0.02 0.100714 0.0103606 0.0360736 0.0241317 0.0959684 0.687861 0.6919 0.0979412 -0.0195772 0.00275283 0.0390227 0.0456529 0.0426638 0.0257921 -0.000585525 0.0531025 -0.0195603 0.0132996 -0.00746454 0.0662549 0.0053906 0.00922667 -0.0169642 -0.0232711 0.0431511 
137.859 0.02 0.100762 0.0103407 0.0360694 0.0242254 0.0958825 0.687781 0.691902 0.0981464 -0.0194513 0.00238643 0.0389293 0.0457771 0.0426801 0.0258886 -0.000838707 0.0528502 -0.0191856 0.0132106 -0.00759472 0.0662515 0.00545282 0.00927331 -0.0171294 -0.0232174 0.0436639 
137.874 0.02 0.1008 0.0103128 0.0360572 0.0242993 0.0957852 0.687702 0.691903 0.0983274 -0.0193186 0.00203256 0.0388513 0.0458901 0.0427042 0.0259835 -0.0010705 0.0526036 -0.0188069 0.0131193 -0.0077137 0.0662561 0.00552848 0.00931489 -0.0173096 -0.0231513 0.0441669 
137.886 0.02 0.100827 0.0102763 0.0360379 0.0243517 0.095677 0.687627 0.691906 0.0984844 -0.0191779 0.00169121 0.0387893 0.0459894 0.042737 0.026076 -0.00127914 0.0523647 -0.0184279 0.0130259 -0.00782119 0.0662684 0.00561214 0.00935222 -0.0175022 -0.0230726 0.0446589 
137.896 0.02 0.100843 0.0102309 0.036012 0.0243814 0.0955589 0.687558 0.69191 0.0986182 -0.0190279 0.00136218 0.0387433 0.0460727 0.0427788 0.0261654 -0.00146327 0.0521351 -0.0180518 0.012931 -0.007917 0.066288 0.0056981 0.009386 -0.0177041 -0.0229813 0.0451392 
