#1 rho_s 
#2 coeffs 
Epsilon: -8.51618 + 7.59123i
1.14624 17 0.05 0 0.01 0.01 0.01 0 0 0 0 0 0.01 0.2 0.01 0.01 0.01 0.01 0.01 6.56423e-05 0.0208403 -0.0423698 -0.0110557 -0.000159953 8.56836e-05 -0.000117373 -0.000140535 1.09535e-05 0.0120584 0.0182319 0.0165772 -0.0393003 0.00848493 -0.00205405 -0.0160415 
1.14609 17 0.05 0 0.0395246 -0.0500256 -0.00566271 0 0 0 0 0 0.0270832 0.225829 0.0334851 -0.045677 0.0220207 0.00709001 -0.0127261 -0.000331295 0.0793768 0.0760159 0.0573751 -0.000120441 0.000198534 -0.000535842 -0.000370784 -7.23847e-05 0.0578708 0.217003 0.0273508 -0.030334 0.047275 0.0188448 -0.00709403 
1.18052 17 0.05 0 0.0661722 -0.0397386 0.00721536 0 0 0 0 0 0.0457448 0.289211 0.0449634 -0.0635187 0.0369317 0.0117053 -0.0185728 0.000294803 0.160802 0.0221193 0.0854398 0.000664722 0.000196305 -0.000272757 0.000686985 -0.000343072 0.107108 0.5791 0.0792637 -0.211058 0.126291 0.0364456 -0.0466909 
1.24927 17 0.05 0 0.0881196 -0.0347862 0.0185028 0 0 0 0 0 0.0606299 0.358736 0.055298 -0.0873223 0.0524116 0.0162637 -0.0243934 0.000158086 0.182557 -0.0886403 0.10842 0.00165908 0.000140846 -0.0014361 0.000946024 -0.0007159 0.100926 0.958284 0.11475 -0.449011 0.190113 0.0508767 -0.0762983 
1.35454 17 0.05 0 0.105907 -0.03645 0.0282864 0 0 0 0 0 0.071693 0.431701 0.0649328 -0.117591 0.0676405 0.0205249 -0.0303302 -0.00111456 0.147916 -0.287112 0.107917 0.00177803 -0.000860472 0.000380845 0.0011604 -0.00140799 0.0567641 1.34003 0.145771 -0.791146 0.201975 0.0628147 -0.0931239 
1.50497 17 0.05 0 0.119305 -0.0448263 0.0363478 0 0 0 0 0 0.0791074 0.505771 0.073901 -0.154451 0.0810747 0.0244481 -0.0359423 0.00422488 0.0873338 -0.605243 0.0658246 -0.000110901 0.00703683 0.00628674 -0.00235458 0.00226878 0.0111399 1.73837 0.180957 -1.22863 0.122343 0.0673612 -0.0998448 
1.71521 17 0.05 0 0.128697 -0.0601015 0.0422254 0 0 0 0 0 0.0836697 0.579134 0.0822794 -0.197167 0.0910856 0.0279119 -0.0409566 0.00347976 0.0329963 -1.05182 -0.0133034 0.00708628 0.0201854 0.00356659 -0.0189822 0.00374043 0.00487314 2.22899 0.24133 -1.69722 -0.0652164 0.0643656 -0.0957388 
1.99363 17 0.05 0 0.134934 -0.082039 0.0457278 0 0 0 0 0 0.0865678 0.651147 0.0903474 -0.243816 0.0965482 0.030829 -0.0452098 -0.0222187 -0.0213683 -1.66455 -0.135633 -0.0110972 -0.0114937 -0.0123844 0.0204573 -0.00513392 0.0461282 2.89257 0.319888 -2.06988 -0.338831 0.0608568 -0.113687 
2.39384 17 0.05 0 0.13879 -0.110388 0.0468426 0 0 0 0 0 0.0888361 0.722351 0.0982891 -0.291607 0.0972052 0.0332347 -0.0489295 -0.00488942 -0.0958493 -2.72992 -0.312637 -0.0137964 0.00612875 0.00583921 0.0105387 0.0146723 0.13076 3.9824 0.463081 -2.3007 -0.772151 0.0874739 -0.0784064 
2.94254 17 0.05 0 0.140707 -0.145531 0.0456496 0 0 0 0 0 0.0911106 0.792999 0.106285 -0.336742 0.0928976 0.035333 -0.0518253 -0.0030178 -0.225273 -4.33998 -0.604248 0.0101491 0.014934 0.0274113 -0.0279369 -0.0119911 0.384293 5.80511 0.550722 -2.076 -1.36469 0.0990948 -0.054549 
3.67173 17 0.05 0 0.140951 -0.187009 0.0422463 0 0 0 0 0 0.0942466 0.863632 0.113815 -0.374739 0.0841773 0.0371107 -0.0539198 -0.0577722 -0.349072 -6.02506 -0.856148 0.0129859 -0.0660423 -0.0812974 -0.0880792 0.0208602 0.746109 7.77648 0.662027 -0.915305 -1.87444 0.117338 0.0285356 
4.38674 17 0.05 0 0.139993 -0.233756 0.0372503 0 0 0 0 0 0.098713 0.935271 0.120916 -0.402795 0.0724 0.0386623 -0.0552129 0.0819843 -0.507566 -1.67591 -0.61287 0.0107258 0.0126238 -0.00436218 -0.024851 -0.0427181 0.756182 3.98765 0.378328 1.37444 -0.422799 0.143594 0.121413 
4.11835 17 0.05 0 0.137619 -0.278989 0.0310897 0 0 0 0 0 0.104857 1.00893 0.128166 -0.422664 0.0610022 0.0404327 -0.0559511 -0.0790591 -0.504936 7.31516 -0.0319987 0.00466811 -0.0574498 -0.0853386 -0.0125382 0.0124447 0.152614 -3.49163 -0.310092 2.26594 1.72938 0.0459428 0.167458 
3.77109 17 0.05 0 0.134386 -0.295104 0.0261323 0 0 0 0 0 0.110126 1.0578 0.133066 -0.432287 0.0566358 0.041956 -0.0560849 0.0185907 -0.459024 6.66876 0.0259607 0.0336678 -0.0116701 -0.0234425 0.00920465 0.00892512 0.145361 -2.59718 -0.261354 1.17823 1.54547 0.0494518 0.0365004 
3.73877 17 0.05 0 0.130544 -0.291939 0.02206 0 0 0 0 0 0.114885 1.0921 0.136504 -0.437383 0.0568419 0.0433504 -0.0561056 0.129128 -0.469054 5.63636 -0.032023 -0.0497215 0.0353895 0.210935 -0.0102365 0.0610211 0.228969 -1.50482 -0.0311101 0.504444 1.33999 -0.00227045 -0.123025 
3.79723 17 0.05 0 0.126101 -0.275722 0.0184641 0 0 0 0 0 0.119545 1.11815 0.1394 -0.44058 0.0602253 0.04455 -0.0564179 -0.0793383 -0.535038 5.52672 0.0099856 -0.0138797 -0.0552672 -0.0150975 0.0251974 -0.0141229 0.2476 -1.29366 -0.015738 0.554398 1.45652 0.0715629 -0.140928 
3.90869 17 0.05 0 0.120999 -0.248832 0.0153586 0 0 0 0 0 0.124172 1.13783 0.141884 -0.442079 0.0665371 0.0457592 -0.0570154 0.0503401 -0.558144 6.02302 -0.0145732 0.0193732 0.00993723 -0.0670976 0.027654 0.0106015 0.298996 -1.49654 0.0360988 1.03568 1.63426 0.0010844 -0.212173 
4.14379 17 0.05 0 0.115333 -0.212108 0.0126342 0 0 0 0 0 0.128849 1.15155 0.144117 -0.441072 0.0756482 0.0468098 -0.0580059 -0.0778205 -0.735484 6.86333 -0.0819727 -0.0755196 0.0222898 -0.00861491 9.58085e-05 -0.0127438 0.478297 -2.15228 -0.0421173 1.96238 2.03341 -0.000854156 -0.20379 
4.51999 17 0.05 0 0.10892 -0.166097 0.0101264 0 0 0 0 0 0.13387 1.15874 0.145941 -0.43605 0.0877644 0.047708 -0.0592865 0.11563 -0.922981 6.68433 -0.203877 -0.0239569 -0.0506894 -0.0688585 0.00297508 0.0251659 0.774323 -1.99634 -0.0306916 2.62343 2.27386 0.0102721 -0.284159 
4.93444 17 0.05 0 0.101524 -0.112906 0.0075528 0 0 0 0 0 0.139765 1.16088 0.14745 -0.426401 0.102814 0.0485025 -0.060966 0.0739851 -1.13894 3.41341 -0.681221 0.0314913 0.0607081 -0.0937255 -0.0366578 -0.0306852 1.51228 0.249383 0.560972 1.97264 1.9254 0.148165 -0.30997 
5.03985 17 0.05 0 0.0926341 -0.0585836 0.00388652 0 0 0 0 0 0.148067 1.1633 0.149924 -0.413825 0.120113 0.0495094 -0.0630879 -0.246855 -1.5516 -3.03318 -1.88875 -0.0093347 0.0130902 -0.298529 -0.0307038 0.0884677 2.71163 4.26389 1.47393 -1.84645 0.15816 0.265327 -0.283357 
4.95639 17 0.05 0 0.0817814 -0.0168279 -0.00304042 0 0 0 0 0 0.16068 1.17378 0.15499 -0.406404 0.135617 0.0509144 -0.0655076 -0.0658282 -1.88015 -5.89694 -2.6702 0.014449 -0.0845651 -0.203133 -0.00053401 -0.082867 3.44415 5.88681 2.07791 -4.22786 -0.45436 0.162595 -0.312349 
5.06092 17 0.05 0 0.0691899 0.00750487 -0.013777 0 0 0 0 0 0.177625 1.19343 0.163072 -0.407919 0.147838 0.0523961 -0.0681187 0.0169146 -2.32822 -6.936 -3.38035 0.0351778 0.0285677 0.235608 -0.0875201 0.167727 4.75408 6.17178 2.63568 -5.55779 -0.191082 0.372933 -0.472477 
5.41206 17 0.05 0 0.0548145 0.0159437 -0.0283943 0 0 0 0 0 0.199713 1.22015 0.174229 -0.418574 0.157645 0.0542551 -0.0710824 0.0572469 -2.95511 -5.63196 -3.83466 -0.045435 -0.0412333 0.0106839 -0.000201513 0.00562051 5.58583 5.77079 2.85462 -4.78066 0.490058 0.345801 -0.651025 
5.94324 17 0.05 0 0.0379507 0.0141283 -0.0468615 0 0 0 0 0 0.227287 1.25194 0.18821 -0.435194 0.166723 0.0563781 -0.0746255 0.296926 -3.50491 -2.29954 -3.51124 0.101821 -0.0775511 0.207599 0.0965227 -0.0626168 5.83344 3.84301 2.94786 -2.63467 1.7311 0.277901 -0.825452 
6.24914 17 0.05 0 0.0178214 0.00899619 -0.0684003 0 0 0 0 0 0.260358 1.28562 0.204963 -0.453768 0.177319 0.0586603 -0.078992 0.0151478 -2.43676 4.46792 -0.541882 0.0557696 -0.0334229 0.00336564 -0.0657648 0.0165244 3.15101 -0.0557901 1.23377 2.19879 3.39344 0.00703581 -0.749813 
6.14798 17 0.05 0 -0.00383599 0.0112468 -0.0884198 0 0 0 0 0 0.294638 1.31554 0.221775 -0.466959 0.191942 0.0607045 -0.0840279 -0.164245 0.559216 6.66249 3.79678 -0.0646492 -0.0092927 -0.16671 -0.170634 0.0934015 -2.1005 -2.60822 -1.23652 3.81297 1.55662 -0.057151 -0.200112 
5.89665 17 0.05 0 -0.0220696 0.0231831 -0.100374 0 0 0 0 0 0.321683 1.33799 0.23473 -0.472877 0.207144 0.062419 -0.088761 -0.00603973 2.42865 6.92912 6.11504 -0.0731835 0.00756201 -0.106101 0.180734 -0.0302174 -4.90598 -3.17802 -2.56691 4.97083 0.468162 -0.193453 0.410579 
5.82853 17 0.05 0 -0.034313 0.0433907 -0.101928 0 0 0 0 0 0.337977 1.3528 0.242225 -0.470865 0.22092 0.0636202 -0.0922538 -0.182388 2.97467 5.14486 6.66694 0.184922 0.113164 0.518904 0.155604 0.287969 -5.44619 -2.75438 -2.64619 4.25312 -0.423981 -0.257326 0.580292 
5.99785 17 0.05 0 -0.0408543 0.0681082 -0.0940495 0 0 0 0 0 0.344623 1.36188 0.245087 -0.463224 0.232327 0.0643098 -0.0944914 0.072645 3.34084 3.99013 6.81864 -0.128247 0.00183479 0.0787677 0.307712 0.101473 -5.67734 -2.3147 -2.97376 4.01401 -0.923305 -0.344528 0.742825 
6.25582 17 0.05 0 -0.0420809 0.0951119 -0.0779746 0 0 0 0 0 0.342795 1.36671 0.243587 -0.451133 0.241067 0.0644494 -0.0954495 0.365264 3.36726 0.194669 6.02758 -0.266954 0.0299696 -0.257757 0.181154 -0.509446 -4.7847 -1.17578 -2.15396 1.44498 -2.50537 -0.00983162 0.838849 
6.30298 17 0.05 0 -0.03869 0.119401 -0.0556462 0 0 0 0 0 0.334799 1.36944 0.239386 -0.43845 0.245509 0.0645606 -0.0951855 -0.259477 2.22819 -3.59895 3.88086 0.0488514 0.0543562 -0.153624 -0.080645 -0.0956257 -2.26077 0.498255 -0.859716 -2.14572 -3.72163 -0.318681 0.57834 
6.38272 17 0.05 0 -0.032691 0.136416 -0.0304643 0 0 0 0 0 0.324626 1.37255 0.234475 -0.429918 0.244556 0.0642375 -0.0941811 0.0188566 0.507103 -5.89613 1.61072 0.00891975 0.091724 -0.0798692 0.0538872 -0.0900254 1.01444 2.16596 0.808547 -4.20045 -3.6734 -0.169107 0.517122 
6.43394 17 0.05 0 -0.0266627 0.143852 -0.00584133 0 0 0 0 0 0.316872 1.37819 0.231153 -0.427829 0.238865 0.0637259 -0.0926024 0.551637 -0.741577 -6.26948 0.366792 -0.049716 -0.128703 0.052035 0.166903 -0.0669418 3.07989 3.12149 1.63918 -5.06958 -3.38435 0.176167 0.492373 
6.47825 17 0.05 0 -0.0222687 0.142303 0.0165245 0 0 0 0 0 0.313987 1.38726 0.230333 -0.432569 0.229402 0.0635004 -0.0905583 -0.306209 -2.45826 -6.67425 -0.953399 -0.0171156 0.147868 0.264566 0.0247178 0.130505 5.90438 4.0479 2.99263 -5.60625 -2.6082 0.383244 0.132814 
6.7127 17 0.05 0 -0.0215301 0.132452 0.0349868 0 0 0 0 0 0.318959 1.40039 0.233418 -0.443869 0.217759 0.0637895 -0.0885912 -0.155663 -2.49797 -6.21519 -0.687601 -0.055819 -0.0409194 -0.011047 -0.0726838 -0.075616 6.16418 3.72196 2.98938 -5.33149 -2.86721 0.485103 0.0472395 
6.84282 17 0.05 0 -0.0239948 0.116001 0.0504285 0 0 0 0 0 0.33104 1.41662 0.239871 -0.460498 0.203904 0.06465 -0.0867956 -0.257353 -1.24818 -2.15374 0.834416 0.214045 -0.012855 0.460071 0.103774 0.439455 3.63756 1.47643 1.59576 -1.11568 -1.5602 0.326224 0.0951717 
6.79727 17 0.05 0 -0.0277917 0.0984075 0.0654518 0 0 0 0 0 0.346538 1.43317 0.247714 -0.476948 0.189405 0.0658382 -0.085051 0.237917 0.725032 3.56802 2.58624 0.0269944 -0.0783171 0.420729 0.136539 0.118503 -0.496129 -1.43522 -0.634052 4.1253 0.777685 0.0234743 0.557711 
6.65603 17 0.05 0 -0.030307 0.0870152 0.0822707 0 0 0 0 0 0.359906 1.4463 0.253997 -0.486607 0.177294 0.0669404 -0.0827738 -0.179964 1.90029 5.98324 2.57764 -0.209747 0.218142 -0.279483 0.0775883 0.0580061 -3.16842 -2.31493 -2.13085 6.23918 1.51924 0.0525385 0.743667 
6.62272 17 0.05 0 -0.0301802 0.0843209 0.100465 0 0 0 0 0 0.367868 1.45511 0.256939 -0.487439 0.168398 0.0679878 -0.0798188 -0.122664 2.36688 6.0656 1.90876 0.091396 0.0605036 0.354219 0.0549707 0.0203048 -4.1697 -2.42366 -2.47217 6.31653 2.31982 -0.0123802 0.547134 
6.7501 17 0.05 0 -0.0271537 0.089392 0.118995 0 0 0 0 0 0.369814 1.45997 0.256512 -0.480402 0.163343 0.068904 -0.0765173 0.0963407 2.05894 5.57512 0.306583 -0.0314022 -0.00663611 -0.104665 0.0661839 -0.170485 -3.7075 -2.14385 -2.1662 6.31191 2.7897 -0.0806153 0.379152 
6.92446 17 0.05 0 -0.0219393 0.100723 0.135906 0 0 0 0 0 0.367026 1.46168 0.253487 -0.466418 0.162237 0.0696232 -0.0731081 -0.23624 1.47775 4.64341 -0.285491 -0.0415141 -0.0170185 -0.192042 -0.175326 0.247992 -2.61261 -1.49701 -1.49278 5.95685 2.89557 0.107857 0.294711 
7.05936 17 0.05 0 -0.0154628 0.11654 0.150731 0 0 0 0 0 0.361345 1.4614 0.248956 -0.446622 0.164768 0.0703998 -0.0696908 -0.682076 -0.352949 -0.745965 -1.09954 0.228912 0.0975662 -0.424122 -0.529038 0.183309 1.43987 0.805438 0.572561 0.642304 0.253283 0.304496 0.145057 
7.07735 17 0.05 0 -0.0100101 0.129999 0.162854 0 0 0 0 0 0.357951 1.46213 0.245542 -0.42784 0.16738 0.0714798 -0.0664066 -0.162606 -1.63396 -3.64767 -1.59632 0.078715 0.0391702 0.396235 -0.111988 -0.0220206 3.90776 2.17519 1.79632 -2.72418 -0.627771 0.197948 -0.0897338 
6.96539 17 0.05 0 -0.00710483 0.137645 0.171821 0 0 0 0 0 0.359702 1.46547 0.244675 -0.414257 0.168963 0.0726975 -0.0635553 0.0400755 -2.15588 -4.75865 -1.81207 -0.0084166 0.0487674 -0.107857 0.0533563 0.176641 5.17986 2.71073 2.66403 -4.30709 -1.10838 0.0843129 -0.298613 
6.9269 17 0.05 0 -0.00714463 0.138661 0.17763 0 0 0 0 0 0.367616 1.47178 0.247162 -0.407372 0.169022 0.0738911 -0.0613681 -0.643247 -2.23862 -4.86041 -1.86037 0.0423376 0.113035 0.214896 0.0361 0.00540956 5.08094 2.71455 2.70087 -4.65188 -1.26389 0.169671 -0.377524 
7.11074 17 0.05 0 -0.0099079 0.133649 0.180563 0 0 0 0 0 0.380891 1.48074 0.252679 -0.406877 0.167534 0.0751663 -0.0598703 -0.431355 -0.201995 -3.3138 -2.73153 0.162154 0.0728228 -0.132555 -0.15041 -0.286792 1.47245 1.71805 0.672204 -1.84531 0.20536 0.142947 -0.240345 
7.06515 17 0.05 0 -0.0126567 0.125051 0.17987 0 0 0 0 0 0.394711 1.49095 0.258497 -0.40869 0.16644 0.0764957 -0.0588091 -0.298002 2.06074 -1.76815 -3.9013 0.00224413 0.0860737 -0.402192 -0.108749 -0.0827946 -2.77124 0.711587 -1.30518 1.02888 2.02503 -0.215901 -0.326403 
6.17165 17 0.05 0 -0.0126051 0.115106 0.174444 0 0 0 0 0 0.40379 1.50106 0.262148 -0.409062 0.167943 0.0774314 -0.0582517 4.60096 -1.15543 -3.13891 -1.47252 -1.36572 -0.909512 -1.35293 0.385138 0.964268 2.65536 2.51779 1.57483 -1.75979 -0.252817 0.274467 -0.297908 
7.00562 17 0.05 0 -0.0139868 0.102232 0.167717 0 0 0 0 0 0.415282 1.51331 0.267397 -0.411574 0.168989 0.0786168 -0.058116 0.723172 3.51562 1.51529 -2.71003 -0.251141 0.00103256 0.40585 0.0491295 -0.0375502 -6.07536 -0.404728 -3.17603 4.75021 2.69631 -0.0344941 0.0996849 
7.00726 17 0.05 0 -0.0109015 0.0925734 0.158365 0 0 0 0 0 0.418099 1.52377 0.26819 -0.407983 0.17324 0.0796353 -0.057872 0.102929 3.66185 2.54568 -1.48103 0.0413207 -0.00470051 0.875153 0.202444 0.384738 -6.21389 -0.593052 -3.50317 5.94779 2.39976 0.0743473 0.328656 
6.26118 17 0.05 0 -0.00367858 0.0870526 0.148206 0 0 0 0 0 0.413034 1.53239 0.264624 -0.39752 0.179964 0.0806356 -0.0572532 -5.42905 -0.934131 -1.94317 -0.861931 1.38531 0.884947 0.396928 -0.998455 -0.242033 2.12147 1.7679 1.02865 -1.75134 -0.465223 0.410335 -0.104883 
7.15302 17 0.05 0 0.00171957 0.0796624 0.13794 0 0 0 0 0 0.41105 1.54238 0.262657 -0.390189 0.185486 0.0820462 -0.0568212 -0.218101 1.03858 1.74365 -0.0638368 0.138092 -0.0566502 -0.136229 0.0425012 -0.1221 -1.71178 -0.0196856 -1.29021 3.83928 0.856699 0.030955 0.444216 
7.22709 17 0.05 0 0.00788918 0.0751271 0.128569 0 0 0 0 0 0.407139 1.5514 0.259282 -0.378809 0.191544 0.0833614 -0.0558813 0.91305 0.570842 0.795706 0.415435 -0.272156 -0.11337 0.0274821 0.0921913 0.0372259 -0.798752 0.332228 -0.878938 1.89499 -0.169479 0.142509 0.480518 
7.24307 17 0.05 0 0.014199 0.0720027 0.120582 0 0 0 0 0 0.402595 1.55999 0.255124 -0.366122 0.196829 0.0847323 -0.0544298 0.51904 -1.06193 -1.39564 0.138718 -0.184666 -0.139403 -0.517071 0.0153108 -0.222134 2.07123 1.37929 1.18462 -1.3036 -1.05511 0.0946687 0.32626 
7.21701 17 0.05 0 0.018586 0.0674197 0.113517 0 0 0 0 0 0.401075 1.56951 0.252842 -0.356258 0.200297 0.0860938 -0.0527047 -0.421698 -1.37407 -2.00848 1.03459 0.0611234 0.10851 -0.180666 -0.10877 -0.0974887 2.73265 1.60433 1.55268 -2.21951 -1.62037 0.364809 0.62445 
7.28663 17 0.05 0 0.0208214 0.0607422 0.108431 0 0 0 0 0 0.403145 1.58015 0.252735 -0.350135 0.20139 0.0877851 -0.0503572 0.583908 -0.953858 -1.33686 0.673341 -0.0869352 -0.14724 -0.622657 0.0203927 -0.173072 1.97057 1.26765 1.04973 -1.54018 -1.2258 0.227083 0.539533 
7.18465 17 0.05 0 0.021636 0.0529942 0.104678 0 0 0 0 0 0.407523 1.59139 0.253971 -0.346541 0.200824 0.089606 -0.047545 1.47902 -1.11653 -0.418993 0.516957 -0.334337 -0.305024 -0.469686 0.197028 -0.805338 1.88544 1.00984 0.91742 -0.845787 -0.697781 0.15339 0.386969 
7.29089 17 0.05 0 0.0209467 0.0454329 0.101936 0 0 0 0 0 0.413904 1.60288 0.256265 -0.344364 0.199418 0.0914533 -0.0445002 0.118817 0.620612 0.374625 1.51152 -0.0473788 0.022523 -0.315519 0.0453608 0.05004 -0.771439 0.609285 -0.82817 1.37007 -0.980803 0.449742 1.08723 
7.35356 17 0.05 0 0.0211213 0.0390603 0.101397 0 0 0 0 0 0.418695 1.61408 0.257278 -0.340626 0.19688 0.0937075 -0.0403389 -0.788773 -0.0990579 0.302786 1.05007 0.0720465 0.134556 -0.124049 -0.120808 0.262805 0.125459 0.764879 -0.322772 0.718269 -0.82266 0.328559 0.965223 
7.31093 17 0.05 0 0.0211511 0.0336729 0.102271 0 0 0 0 0 0.423205 1.62524 0.257778 -0.336302 0.19351 0.0961789 -0.0353108 -0.13786 0.48017 1.20837 1.01545 -0.0512593 0.143525 0.335266 -0.00196187 0.0568103 -0.824492 0.484818 -0.820103 2.20657 -0.464542 0.414212 1.09302 
7.26496 17 0.05 0 0.0218058 0.0303711 0.104392 0 0 0 0 0 0.426212 1.63598 0.257158 -0.329499 0.189849 0.0989599 -0.0293257 0.0949224 -0.296339 0.780058 0.702869 -0.0559371 -0.0251991 -0.211106 0.0391359 0.110479 0.434889 0.631687 -0.0966157 0.813812 -0.472056 0.332158 0.862934 
6.35366 17 0.05 0 0.0220092 0.0284042 0.107241 0 0 0 0 0 0.429513 1.64655 0.256469 -0.322257 0.185906 0.10192 -0.0227605 3.36513 -1.99966 -2.05025 0.0280161 -0.49467 -0.80189 -0.11993 0.0613521 -0.414822 2.95702 2.70796 1.88738 -2.8854 -0.696668 0.30799 0.142933 
6.56884 17 0.05 0 0.0195507 0.02392 0.109849 0 0 0 0 0 0.4364 1.65967 0.258341 -0.319533 0.181427 0.104998 -0.0166461 -3.86633 -1.49478 -1.10227 0.152202 0.653742 0.998777 -0.137052 -0.411051 -0.0386988 1.90904 2.44893 1.35139 -1.6007 -0.553726 0.299059 0.396866 
7.2882 17 0.05 0 0.0153403 0.0183979 0.112412 0 0 0 0 0 0.445167 1.6748 0.26183 -0.319194 0.176638 0.108181 -0.010586 -0.0263396 1.78301 1.86212 -0.721991 -0.0696064 -0.0426433 0.0837049 0.0280972 -0.0306954 -3.22736 0.303288 -2.26402 3.98021 0.765552 0.410416 0.631694 
7.33087 17 0.05 0 0.0139163 0.0158962 0.113762 0 0 0 0 0 0.448779 1.68884 0.261963 -0.313589 0.173338 0.111599 -0.00427846 -0.203879 1.27028 1.65384 -1.31177 0.102625 0.0320278 0.105301 -0.105988 -0.222169 -2.48364 0.375544 -1.50827 3.52561 1.14473 0.202043 0.200434 
6.65729 17 0.05 0 0.0143277 0.0158465 0.113229 0 0 0 0 0 0.448722 1.70204 0.260067 -0.303813 0.171887 0.114956 0.00168778 4.20367 -2.20942 -2.79762 -0.8389 -0.667059 -0.788713 -0.438686 0.105339 -0.134448 3.23399 2.42252 2.29044 -3.82395 -0.628425 -0.125656 -0.156436 
7.43198 17 0.05 0 0.011743 0.0120598 0.111626 0 0 0 0 0 0.452996 1.71716 0.261423 -0.300123 0.169739 0.117812 0.00685211 -1.06202 1.31907 1.23776 -0.927153 0.337704 0.189157 0.571993 -0.00817513 -0.385685 -2.40072 0.465454 -1.73627 2.95991 0.774756 0.160608 0.233147 
7.40457 17 0.05 0 0.0111786 0.0102995 0.108932 0 0 0 0 0 0.453635 1.73146 0.260316 -0.29281 0.168838 0.12061 0.0118341 0.865717 1.35797 0.589098 -1.3459 -0.250024 -0.0835727 -0.0799234 0.0323661 0.535622 -2.42533 0.524641 -1.60705 2.15013 1.08885 0.137965 -0.164907 
7.45824 17 0.05 0 0.0125016 0.00950275 0.104678 0 0 0 0 0 0.450939 1.7451 0.257145 -0.283294 0.169493 0.123327 0.0161174 -0.229649 0.478935 -0.668424 -2.27821 0.0100884 0.0579044 -0.161506 -0.0158361 0.209121 -1.17436 0.94696 -0.700161 -0.200551 1.08863 0.130506 -0.578888 
6.54398 17 0.05 0 0.0143499 0.00787348 0.0977318 0 0 0 0 0 0.446902 1.75873 0.253323 -0.274949 0.171565 0.125963 0.0192092 -2.5151 -2.57286 -2.34826 -0.832416 0.397022 0.394439 0.39405 0.0806294 -0.127872 3.3524 2.63002 2.12505 -4.13635 -0.518824 -0.157014 -0.345833 
7.34253 17 0.05 0 0.0125186 0.0032171 0.090349 0 0 0 0 0 0.447822 1.77458 0.252769 -0.273058 0.172726 0.128124 0.0215223 -0.0990448 -0.0452811 -1.22972 -0.536522 0.0367459 0.110618 0.256167 -0.111568 0.0809977 -0.0176137 1.02456 0.242658 -1.01311 -0.52131 0.109547 0.501134 
7.46948 17 0.05 0 0.0107976 -0.00268283 0.0829269 0 0 0 0 0 0.448632 1.79034 0.2526 -0.272729 0.173064 0.13023 0.0243032 1.09609 0.11691 -0.606585 -0.398432 -0.180075 -0.271676 -0.227319 0.0380222 -0.11545 -0.363132 0.987969 -0.363093 -0.142742 -0.248638 0.264794 0.278413 
7.3892 17 0.05 0 0.00939907 -0.00886426 0.0756528 0 0 0 0 0 0.448866 1.80597 0.251946 -0.272628 0.173028 0.132504 0.0272064 0.436058 -0.0371919 0.161319 -0.407387 -0.0466706 -0.0322981 0.787748 0.0829389 -0.538602 -0.470313 0.927871 -0.481357 0.76389 0.0799007 0.318379 0.433182 
6.79664 17 0.05 0 0.00808039 -0.0142413 0.0684974 0 0 0 0 0 0.448426 1.82143 0.250687 -0.271477 0.173106 0.135005 0.0304372 2.11733 -1.51327 -1.0576 0.0871079 -0.510879 -0.508631 0.988454 0.101378 0.50765 1.87781 2.14748 0.935382 -1.88686 -0.83431 0.0207898 0.742005 
7.41248 17 0.05 0 0.00478104 -0.0205756 0.0621492 0 0 0 0 0 0.450643 1.83839 0.250851 -0.273064 0.172016 0.137296 0.0343915 -0.244186 0.669331 1.43059 0.46335 0.155913 0.016442 0.320757 -0.0677647 -0.219217 -1.44476 0.486883 -1.11381 2.61934 -0.0997923 0.526981 0.98811 
6.90856 17 0.05 0 0.00273356 -0.0243028 0.0570559 0 0 0 0 0 0.450626 1.85442 0.24944 -0.270835 0.170889 0.140105 0.0393505 -3.74378 -1.35574 -1.05172 0.0403599 0.464855 0.354525 -0.383911 -0.374415 0.36383 1.39981 1.72331 0.5863 -1.44762 -0.921587 0.270309 0.624014 
6.9325 17 0.05 0 -0.00102569 -0.029154 0.0525049 0 0 0 0 0 0.45258 1.87134 0.248989 -0.270854 0.168574 0.143026 0.0447146 -3.33783 -1.47626 -0.513949 0.00892993 0.459238 0.724165 -0.828794 -0.234296 -0.073782 1.52026 1.75421 0.835737 -1.15583 -0.473146 0.0362373 0.252629 
7.12037 17 0.05 0 -0.00651458 -0.0342702 0.0483997 0 0 0 0 0 0.456498 1.88913 0.249763 -0.272505 0.16581 0.145721 0.0499253 -3.32917 -1.5428 -0.177002 -0.267168 0.327487 0.62407 0.118057 -0.204537 0.406396 1.30983 1.38288 0.677784 -0.126571 -0.214433 0.209667 0.208945 
6.98047 17 0.05 0 -0.0136769 -0.0391528 0.044304 0 0 0 0 0 0.461907 1.9072 0.251427 -0.27418 0.163004 0.148458 0.0549389 -2.88063 -0.581889 1.04936 0.047947 0.250667 0.722017 0.239938 -0.216296 0.717544 0.369845 1.46224 0.116637 2.01869 0.196917 0.29881 0.187573 
7.10091 17 0.05 0 -0.0209903 -0.0420707 0.0406662 0 0 0 0 0 0.46733 1.92564 0.253099 -0.272809 0.160745 0.151362 0.059744 -3.32272 -0.557503 0.643941 -0.277427 0.292179 0.570087 0.0254839 -0.318307 -0.00643442 0.101515 1.26291 -0.228562 1.06352 0.725226 -0.0495321 -0.0816054 
4.72837 17 0.05 0 -0.0284132 -0.0437861 0.0369738 0 0 0 0 0 0.472386 1.94415 0.254285 -0.270038 0.159744 0.15392 0.0639769 -0.0865203 -1.24821 -0.670381 -0.590913 0.0416171 -0.153922 -0.371163 -0.106762 -1.2126 1.49575 1.18654 1.11433 -2.03344 0.0345793 -0.316916 -0.878314 
6.86125 17 0.05 0 -0.0369295 -0.0463061 0.0327809 0 0 0 0 0 0.479119 1.96261 0.256967 -0.270471 0.158889 0.155776 0.0665351 4.44129 0.453788 0.814567 0.467829 -0.141629 -0.660867 -0.145909 0.217835 -0.131812 -0.961524 1.47888 -0.948322 2.377 0.772739 0.228903 0.13357 
