#1 rho_s 
#2 coeffs 
500 20
142.567 0.02 -0.00158055 -0.00203837 -0.0032128 1.845 -0.0134019 0.00987974 0.0346054 0.0106807 -0.00894656 0.00860472 -0.013086 -0.042225 0.0251434 0.302606 0.00101757 0.371122 -0.0139398 -0.00492604 -0.0142257 0.0224797 0.0442574 0.00547545 -0.0111124 0.0152812 -0.00995696 
1.07881 0.02 -4.50158 -4.50204 -4.50321 5 -4.5134 -4.49012 4.53461 4.33011 -4.30512 -4.18284 -4.51309 -4.54223 4.44548 4.80261 -4.49898 4.87112 -4.51394 -4.50493 -4.51423 4.50703 4.54426 4.50548 -4.51111 4.51528 -4.50996 
0.918627 0.02 -4.45141 -4.23461 -4.1362 5 -4.32239 -4.26122 4.52544 3.17008 -3.11612 -2.87179 -4.47246 -4.54223 3.41896 4.80261 -4.22352 4.87112 -4.3519 -4.08445 -4.2006 3.57228 4.54426 4.35496 -4.34757 4.39297 -4.36843 
1.19213 0.02 -3.46638 -2.96988 -2.76284 5 -3.14927 -3.04177 3.59996 1.29691 -1.24053 -1.00846 -3.5011 -3.75701 1.58343 4.69266 -2.94958 4.80722 -3.21541 -2.65769 -2.88399 1.78817 4.22407 3.23334 -3.20915 3.30845 -3.25851 
1.00111 0.02 -1.65149 -1.09761 -0.919924 5 -1.27475 -1.16583 1.82221 0.224327 -0.208776 -0.142156 -1.69395 -2.05248 0.316777 3.62471 -1.07867 3.80273 -1.3457 -0.840104 -1.02209 0.385421 2.90029 1.36653 -1.33911 1.4512 -1.39435 
1.1697 0.02 -0.499895 -0.271085 -0.214134 3.95848 -0.34269 -0.287484 0.60351 0.049081 -0.0446951 -0.0179209 -0.526741 -0.738856 0.0789753 2.20115 -0.26259 2.413 -0.37083 -0.191519 -0.253925 0.0911369 1.41394 0.37422 -0.366495 0.415354 -0.388309 
1.41563 0.02 -0.164445 -0.0843293 -0.0666526 2.93996 -0.115886 -0.0818192 0.224383 0.0216712 -0.0191703 0.0010387 -0.181712 -0.283374 0.0406189 1.22951 -0.0794833 1.40838 -0.125905 -0.0606563 -0.086922 0.0423014 0.620085 0.121557 -0.122556 0.142371 -0.129394 
5.77178 0.02 -0.0620742 -0.0319777 -0.026182 2.35957 -0.0508823 -0.0235633 0.105584 0.0146066 -0.0125978 0.00590446 -0.0758123 -0.133614 0.0306778 0.720454 -0.028257 0.851688 -0.0549872 -0.0250639 -0.0406091 0.0295763 0.28192 0.048077 -0.0519631 0.062055 -0.0538279 
110.75 0.02 -0.0253889 -0.0137338 -0.0121702 2.07104 -0.0280702 -0.00319559 0.062612 0.0122046 -0.0103637 0.0075569 -0.0377865 -0.078465 0.0272925 0.481949 -0.0104164 0.580513 -0.0300181 -0.0127738 -0.0245231 0.0252365 0.141918 0.0221689 -0.0271129 0.0336282 -0.0271531 
42.8209 0.02 -0.0116849 -0.00698811 -0.00700133 1.94549 -0.0196141 0.00434425 0.046503 0.0113241 -0.00954492 0.00816235 -0.0235712 -0.0576496 0.0260509 0.38149 -0.00382119 0.463858 -0.0207513 -0.00824442 -0.0185823 0.023644 0.0864163 0.0125486 -0.0178909 0.0230579 -0.017244 
195.617 0.02 -0.00521815 -0.00381794 -0.00457448 1.88202 -0.0156361 0.00788928 0.0388906 0.0109118 -0.00916145 0.00844586 -0.0168611 -0.0477855 0.0254693 0.331509 -0.000722049 0.405221 -0.0163899 -0.00611859 -0.0157918 0.0228979 0.0595599 0.00801982 -0.0135506 0.0180792 -0.0125784 
135.96 0.02 0.0171532 -0.00337393 -0.00115502 1.84657 -0.0142165 0.0100373 0.0399502 0.0107877 -0.0107208 0.0112918 -0.0134769 -0.0436829 0.0250783 0.302625 -0.000306169 0.374467 -0.0241223 -0.00654668 -0.0312206 0.0226633 0.0263121 0.00466717 -0.0128108 0.016868 -0.00756254 
213.54 0.02 0.00323427 -0.0036511 -0.00328862 1.86859 -0.0151025 0.00869677 0.0392888 0.0108651 -0.00974756 0.00951588 -0.0155885 -0.0462425 0.0253224 0.320578 -0.000565778 0.393577 -0.0193007 -0.00627945 -0.0216111 0.0228098 0.046964 0.00675911 -0.0132726 0.017624 -0.0106915 
213.245 0.02 0.00191938 -0.00456683 -0.00575852 1.87223 -0.015812 0.0070931 0.0377455 0.0106238 -0.00989414 0.00943617 -0.0163593 -0.0484967 0.0227892 0.32318 -0.000507531 0.397181 -0.0201832 -0.00675991 -0.0230802 0.0209895 0.0467005 0.00647887 -0.0132152 0.0175477 -0.0112251 
210.904 0.02 0.00264588 -0.00406083 -0.00439414 1.87022 -0.0154199 0.00797911 0.0385982 0.0107571 -0.00981313 0.00948022 -0.0159334 -0.0472514 0.0241885 0.321743 -0.000539721 0.395191 -0.0196956 -0.00649441 -0.0222685 0.0219952 0.0468461 0.00663373 -0.0132469 0.0175899 -0.0109302 
212.38 0.02 0.00303014 -0.00379324 -0.00367222 1.86915 -0.0152126 0.00844778 0.0390492 0.0108277 -0.0097703 0.00950351 -0.0157081 -0.0465926 0.024929 0.320982 -0.000556739 0.394137 -0.0194377 -0.00635402 -0.0218392 0.0225271 0.0469231 0.00671562 -0.0132637 0.0176122 -0.0107743 
213.16 0.02 0.00316768 -0.00369747 -0.00341377 1.86877 -0.0151384 0.00861553 0.0392106 0.0108529 -0.00975498 0.00951184 -0.0156275 -0.0463567 0.025194 0.32071 -0.00056283 0.39376 -0.0193454 -0.00630378 -0.0216855 0.0227176 0.0469506 0.00674492 -0.0132697 0.0176201 -0.0107185 
213.417 0.02 0.00321257 -0.00366621 -0.00332942 1.86865 -0.0151142 0.00867029 0.0392633 0.0108612 -0.00974997 0.00951456 -0.0156012 -0.0462797 0.0252806 0.320621 -0.000564817 0.393637 -0.0193153 -0.00628738 -0.0216353 0.0227797 0.0469596 0.00675448 -0.0132716 0.0176227 -0.0107003 
213.5 0.02 0.00322718 -0.00365603 -0.00330195 1.86861 -0.0151063 0.00868812 0.0392805 0.0108638 -0.00974835 0.00951545 -0.0155926 -0.0462547 0.0253087 0.320592 -0.000565464 0.393597 -0.0193055 -0.00628204 -0.021619 0.0227999 0.0469625 0.0067576 -0.0132723 0.0176236 -0.0106944 
213.527 0.02 0.00323196 -0.00365271 -0.00329298 1.86859 -0.0151038 0.00869394 0.0392861 0.0108647 -0.00974781 0.00951574 -0.0155898 -0.0462465 0.0253179 0.320583 -0.000565676 0.393584 -0.0193023 -0.0062803 -0.0216137 0.0228066 0.0469635 0.00675861 -0.0132725 0.0176239 -0.0106924 
213.535 0.02 0.00323352 -0.00365162 -0.00329005 1.86859 -0.0151029 0.00869584 0.0392879 0.010865 -0.00974764 0.00951583 -0.0155889 -0.0462438 0.0253209 0.32058 -0.000565745 0.39358 -0.0193012 -0.00627973 -0.0216119 0.0228087 0.0469638 0.00675895 -0.0132725 0.017624 -0.0106918 
213.538 0.02 0.00323403 -0.00365127 -0.00328909 1.86859 -0.0151026 0.00869646 0.0392885 0.0108651 -0.00974758 0.00951587 -0.0155886 -0.0462429 0.0253219 0.320579 -0.000565767 0.393578 -0.0193009 -0.00627954 -0.0216114 0.0228094 0.0469639 0.00675906 -0.0132726 0.017624 -0.0106916 
213.539 0.02 0.00323419 -0.00365115 -0.00328877 1.86859 -0.0151026 0.00869667 0.0392887 0.0108651 -0.00974756 0.00951588 -0.0155885 -0.0462426 0.0253222 0.320578 -0.000565775 0.393578 -0.0193008 -0.00627948 -0.0216112 0.0228096 0.0469639 0.00675909 -0.0132726 0.017624 -0.0106915 
213.54 0.02 0.00323425 -0.00365111 -0.00328867 1.86859 -0.0151025 0.00869673 0.0392888 0.0108651 -0.00974756 0.00951588 -0.0155885 -0.0462425 0.0253224 0.320578 -0.000565777 0.393578 -0.0193008 -0.00627946 -0.0216111 0.0228097 0.046964 0.0067591 -0.0132726 0.017624 -0.0106915 
213.54 0.02 0.00323427 -0.0036511 -0.00328864 1.86859 -0.0151025 0.00869676 0.0392888 0.0108651 -0.00974756 0.00951588 -0.0155885 -0.0462425 0.0253224 0.320578 -0.000565778 0.393577 -0.0193007 -0.00627945 -0.0216111 0.0228097 0.046964 0.00675911 -0.0132726 0.017624 -0.0106915 
213.54 0.02 0.00323427 -0.0036511 -0.00328863 1.86859 -0.0151025 0.00869676 0.0392888 0.0108651 -0.00974756 0.00951588 -0.0155885 -0.0462425 0.0253224 0.320578 -0.000565778 0.393577 -0.0193007 -0.00627945 -0.0216111 0.0228098 0.046964 0.00675911 -0.0132726 0.017624 -0.0106915 
213.54 0.02 0.00323427 -0.0036511 -0.00328862 1.86859 -0.0151025 0.00869677 0.0392888 0.0108651 -0.00974756 0.00951588 -0.0155885 -0.0462425 0.0253224 0.320578 -0.000565778 0.393577 -0.0193007 -0.00627945 -0.0216111 0.0228098 0.046964 0.00675911 -0.0132726 0.017624 -0.0106915 
213.54 0.02 0.00323427 -0.0036511 -0.00328862 1.86859 -0.0151025 0.00869677 0.0392888 0.0108651 -0.00974756 0.00951588 -0.0155885 -0.0462425 0.0253224 0.320578 -0.000565778 0.393577 -0.0193007 -0.00627945 -0.0216111 0.0228098 0.046964 0.00675911 -0.0132726 0.017624 -0.0106915 
213.54 0.02 0.00323427 -0.0036511 -0.00328863 1.86859 -0.0151025 0.00869676 0.0392888 0.0108651 -0.00974756 0.00951588 -0.0155885 -0.0462425 0.0253224 0.320578 -0.000565778 0.393577 -0.0193007 -0.00627945 -0.0216111 0.0228098 0.046964 0.00675911 -0.0132726 0.017624 -0.0106915 
213.54 0.02 0.00323427 -0.0036511 -0.00328862 1.86859 -0.0151025 0.00869677 0.0392888 0.0108651 -0.00974756 0.00951588 -0.0155885 -0.0462425 0.0253224 0.320578 -0.000565778 0.393577 -0.0193007 -0.00627945 -0.0216111 0.0228098 0.046964 0.00675911 -0.0132726 0.017624 -0.0106915 
213.54 0.02 0.00323427 -0.0036511 -0.00328862 1.86859 -0.0151025 0.00869677 0.0392888 0.0108651 -0.00974756 0.00951588 -0.0155885 -0.0462425 0.0253224 0.320578 -0.000565778 0.393577 -0.0193007 -0.00627945 -0.0216111 0.0228098 0.046964 0.00675911 -0.0132726 0.017624 -0.0106915 
