#1 rho_s 
#2 coeffs 
Epsilon: -8.51618 + 7.59123i
1.24726 26 0.05 0.01 0 0 0 0.5 0.01 0.01 0.01 0.01 0 0 0 0 0 0 0 0.01 0.01 0.01 0.01 0.01 0.01 0.01 0.01 0.01 -0.0144174 -0.000980034 -0.000502249 0.000422175 1.10335 0.0258465 -0.046402 -0.0071343 0.0136395 0.000670881 -0.000313568 0.000588482 1.36905e-05 0.000243673 1.95987e-07 -2.52435e-05 0.0276419 0.100294 -0.236109 0.0482789 -0.0547842 0.00650656 0.0351519 0.0499338 0.0906525 
1.37318 26 0.05 0.00873772 0 0 0 0.596602 0.0122629 0.00593737 0.00937537 0.0111942 0 0 0 0 0 0 0 0.0124201 0.018781 -0.010672 0.014227 0.00520349 0.0105697 0.0130776 0.0143718 0.0179369 -0.00214449 0.00394121 -0.000795023 -0.000667153 1.43646 0.028872 0.0195437 -0.000446887 0.0179867 -0.00194066 -0.000134166 -0.00270942 0.00172319 0.000588831 0.000292567 -0.000855762 0.0213808 0.183869 -0.165691 0.0941497 -0.0877245 -0.00646921 0.0653786 0.0858129 0.131489 
1.52561 26 0.05 0.00813418 0 0 0 0.693577 0.0143439 0.00505051 0.00910124 0.0124021 0 0 0 0 0 0 0 0.0142666 0.0297233 -0.0257678 0.0197194 -0.000266218 0.0105452 0.0169501 0.019591 0.0264421 0.0222612 0.00573143 -0.00108485 -0.00474323 1.70712 0.0272555 0.0931127 0.0156307 0.0221911 -0.00609905 0.00053399 -0.00438727 0.00149118 0.00480279 -0.00312068 -0.00437872 0.042203 0.296063 0.0301899 0.174213 -0.126207 -0.0219644 0.10664 0.138529 0.152433 
1.70502 26 0.05 0.00834955 0 0 0 0.790485 0.0161901 0.0068703 0.00933643 0.0136323 0 0 0 0 0 0 0 0.0163532 0.0432326 -0.0334878 0.0271376 -0.00647685 0.00998478 0.0217774 0.0259677 0.0350089 0.0705167 0.0104573 -6.69152e-05 -0.00814379 1.95819 0.0117217 0.179326 0.0393438 0.0374455 -0.011719 0.00107409 -0.0085439 0.00111491 0.00841406 -0.00380052 -0.01106 0.0877086 0.453071 0.350292 0.304771 -0.174289 -0.0426557 0.168894 0.217012 0.158083 
1.91745 26 0.05 0.0097205 0 0 0 0.886122 0.0175641 0.011162 0.0101742 0.0150667 0 0 0 0 0 0 0 0.0192098 0.0597176 -0.0322425 0.03717 -0.0134603 0.00888317 0.0277905 0.0338043 0.0432002 0.149722 -0.00370843 0.00829388 0.000270832 2.26015 -0.0128269 0.292882 0.0649861 0.0651455 0.0054971 -0.00544797 0.00349359 -0.00220434 0.000404916 0.0125157 9.89511e-05 0.156074 0.654366 0.792433 0.501835 -0.230588 -0.0545088 0.272146 0.320579 0.169604 
2.16742 26 0.05 0.0125655 0 0 0 0.978841 0.0183109 0.0177965 0.0115702 0.0168611 0 0 0 0 0 0 0 0.0231235 0.0791208 -0.0211771 0.0503169 -0.0210776 0.00744727 0.0353004 0.0431509 0.0508319 0.275422 -0.00739729 0.00934876 -0.00163844 2.60023 -0.0507466 0.455005 0.119251 0.12563 0.00746269 -0.0104593 0.00437386 -0.013353 -0.0015842 0.0131798 -0.00544683 0.241789 0.918697 1.36604 0.775104 -0.288178 -0.080159 0.393654 0.46912 0.181727 
2.50359 26 0.05 0.0171771 0 0 0 1.06705 0.0183234 0.0267272 0.0136783 0.0193015 0 0 0 0 0 0 0 0.0281326 0.101228 -0.000369829 0.0667818 -0.0290505 0.00569277 0.0442274 0.0540586 0.0577779 0.41967 -0.0172307 0.0267721 0.00675388 3.08814 -0.0924923 0.749925 0.153747 0.183967 0.0208113 0.00373859 0.0197415 -0.035578 -0.00650192 0.0341917 -0.00130856 0.440522 1.22486 2.17199 1.14476 -0.36602 -0.069584 0.630746 0.641093 0.249361 
2.94589 26 0.05 0.0233729 0 0 0 1.14939 0.0176543 0.038266 0.0162316 0.0223011 0 0 0 0 0 0 0 0.0347503 0.125165 0.0296252 0.0863132 -0.0371289 0.00399532 0.0548908 0.0661388 0.0643068 0.777739 0.0141904 0.0171827 -0.00149669 3.74355 -0.233333 1.206 0.324307 0.233698 -0.0104346 0.000104089 -0.00318727 -0.0100643 -0.0030997 0.0220719 -0.00840996 0.732294 1.6594 3.22441 1.75321 -0.418585 -0.124949 0.926243 1.01884 0.332526 
3.5548 26 0.05 0.0317482 0 0 0 1.22482 0.0159372 0.0525444 0.0197037 0.0255786 0 0 0 0 0 0 0 0.0431603 0.150201 0.0672285 0.108914 -0.0448086 0.00218035 0.0670615 0.0797606 0.0704819 1.38375 -0.0170304 0.0280477 0.0285404 4.63557 -0.413283 1.88598 0.494566 0.43261 0.00272931 0.00380735 -0.0149329 -0.0398704 0.0048948 0.0294478 0.0269245 1.15818 2.14592 4.52245 2.51409 -0.32338 -0.141763 1.39265 1.40008 0.482293 
4.31216 26 0.05 0.0428931 0 0 0 1.29368 0.0131307 0.0696404 0.0240056 0.0295016 0 0 0 0 0 0 0 0.0534204 0.175505 0.110463 0.134078 -0.0512224 0.000401556 0.0807688 0.0944638 0.0765338 1.17243 0.02931 0.121149 0.0475393 4.74922 -0.841127 2.42199 0.61048 0.325384 0.00160831 0.0439203 0.0478383 -0.10033 0.0350403 0.0272348 0.0264152 0.863106 2.48564 5.14278 2.77212 0.570018 -0.0487951 1.71526 1.45203 0.306817 
4.84384 26 0.05 0.0547324 0 0 0 1.35878 0.00838564 0.0898161 0.0290858 0.033387 0 0 0 0 0 0 0 0.0636211 0.201816 0.158313 0.161213 -0.0540142 -0.00104114 0.096213 0.109777 0.0818972 -3.38145 0.0239169 0.117406 0.0114831 0.597929 -1.40009 1.59729 0.0960647 -0.490955 0.0668632 -0.0241033 0.0603017 -0.0883947 -0.0300163 -0.0522353 0.0179224 -4.11939 1.93443 3.51209 0.765151 2.01242 0.3512 1.19075 -0.306239 -1.04066 
5.02577 26 0.05 0.0544926 0 0 0 1.4126 0.000564523 0.110555 0.0334282 0.0350862 0 0 0 0 0 0 0 0.0599493 0.228434 0.206704 0.185132 -0.0504664 -0.00118676 0.111996 0.121154 0.0831999 -6.50447 -0.0399739 -0.0195122 0.0244847 -2.58925 -1.43647 0.502715 -0.0691289 -1.03044 -0.0303128 -0.00554418 -0.0173349 -0.0703743 -0.0203218 -0.0503473 0.0403571 -7.03732 1.2564 3.37533 -0.323196 1.28923 0.522385 0.660007 -1.42516 -1.81168 
5.26535 26 0.05 0.038732 0 0 0 1.44678 -0.00874437 0.127319 0.0365206 0.0338928 0 0 0 0 0 0 0 0.0403374 0.251414 0.251097 0.202303 -0.0447163 -4.47126e-05 0.125419 0.126276 0.0798376 -4.36821 0.0290664 -0.0273145 -0.0174076 -5.52922 -0.585244 -0.208497 0.189892 -0.566665 -0.0420524 0.0290506 -0.0248534 -0.021405 -0.0186113 -0.0385117 0.0483993 -5.40506 -1.2928 3.5004 -1.07666 -0.626914 0.552385 0.0070858 -1.9009 -2.7617 
5.43516 26 0.05 0.0167741 0 0 0 1.46239 -0.0174569 0.140315 0.0394052 0.0317267 0 0 0 0 0 0 0 0.013079 0.267081 0.294159 0.213773 -0.0414439 0.00204971 0.136197 0.126327 0.0712485 -0.39681 -0.0270755 -0.0795649 0.0424306 -8.46594 0.201961 -0.459226 0.369448 0.105885 0.0763526 -0.0135959 -0.105409 -0.0309184 -0.032343 -0.00210761 0.0549291 -2.30971 -4.03465 3.2961 -1.55647 -2.12241 0.877694 -0.630201 -1.92633 -3.58011 
5.60006 26 0.05 -0.00170132 0 0 0 1.45878 -0.0241 0.149922 0.0424393 0.0301816 0 0 0 0 0 0 0 -0.0133325 0.272002 0.335208 0.22005 -0.0428638 0.00541861 0.143686 0.122682 0.0574697 2.68091 0.129463 -0.0495728 0.0124909 -5.6894 0.138218 -0.0599849 0.405187 0.496083 0.136454 -0.00270415 -0.0372423 0.0618858 0.0651922 -0.0637789 0.028785 0.54939 -3.41664 2.82337 -0.795348 -0.919224 1.00348 -0.25478 -0.882904 -2.75659 
5.68961 26 0.05 -0.0126713 0 0 0 1.44531 -0.0295514 0.158061 0.0457838 0.0297603 0 0 0 0 0 0 0 -0.0350061 0.269993 0.375605 0.223987 -0.0457606 0.0101424 0.149652 0.117942 0.0406088 5.60877 0.0512831 -0.0285889 0.00830281 -1.61721 -0.0470192 -0.151213 0.449836 0.532505 -0.00292312 0.0212663 0.029217 0.0714389 0.0801681 -0.0805505 0.0741271 4.43158 -2.30922 1.68255 0.0761881 1.43024 0.971065 0.543609 0.138295 -2.1964 
5.77927 26 0.05 -0.0123227 0 0 0 1.43082 -0.0343452 0.16483 0.0494627 0.0303295 0 0 0 0 0 0 0 -0.0459713 0.264209 0.413466 0.227524 -0.0457576 0.0159268 0.15576 0.114088 0.0221874 7.43002 -0.086066 0.0587362 0.022096 -0.769254 -0.131163 -0.615128 0.369403 0.381573 -0.008788 0.0162085 0.0307631 0.00838503 0.0838823 -0.135421 0.0481509 7.58621 -2.10954 1.17933 0.246616 3.11145 1.0934 0.775819 0.553282 -2.52454 
6.03544 26 0.05 6.60845e-05 0 0 0 1.41746 -0.0385671 0.169488 0.0531402 0.0314267 0 0 0 0 0 0 0 -0.0427882 0.255938 0.447045 0.230882 -0.0406891 0.0225436 0.162131 0.111766 0.00267404 8.80399 -0.0146657 -0.0233045 -0.0880119 -1.31592 -0.0997007 -0.729658 0.371292 0.479159 -0.0036753 -0.00268143 0.0290468 0.055035 0.0601696 0.128573 -0.0264889 9.4868 -2.16945 1.24918 -0.0502318 4.62622 1.36919 0.498225 0.92839 -2.99787 
6.60969 26 0.05 0.0232603 0 0 0 1.40457 -0.0421731 0.172223 0.0567028 0.0330354 0 0 0 0 0 0 0 -0.0261227 0.245948 0.4764 0.233559 -0.029682 0.0299925 0.168088 0.111239 -0.0177522 6.4989 0.0759284 -0.0546354 0.000340028 -1.54067 -0.402968 0.458952 0.306331 0.237598 0.131178 -0.00786912 -0.125558 -0.0680193 -0.0307216 -0.0319319 0.0598944 6.93999 -1.66477 2.07533 -0.542729 5.10231 1.55214 0.509829 0.667708 -2.26102 
6.97572 26 0.05 0.0523677 0 0 0 1.39131 -0.0458395 0.17522 0.0601953 0.0347529 0 0 0 0 0 0 0 -0.00199818 0.235016 0.504544 0.23509 -0.013015 0.0385841 0.173924 0.111731 -0.0384905 0.252445 0.0369909 0.0550141 0.0590329 -1.75808 -0.916826 2.40098 0.451228 0.5429 0.137705 0.017326 -0.0195867 0.0477211 -0.0307967 -0.0857335 0.052944 -1.343 -0.468908 3.42139 -0.614953 2.48855 1.23733 0.397241 -0.122442 0.527345 
6.96893 26 0.05 0.0788585 0 0 0 1.37693 -0.0504248 0.181298 0.0639676 0.0370608 0 0 0 0 0 0 0 0.017768 0.224538 0.53464 0.235598 0.00546004 0.0480435 0.179725 0.112 -0.0563668 -6.17589 -0.0189137 -0.027163 0.000996171 -3.09231 -1.08154 2.43304 0.354713 1.16377 -0.116935 0.092025 -0.00287019 -0.0439997 0.0411558 -0.107472 -0.0320696 -8.86455 0.0527721 4.61 0.472074 -3.58761 0.330095 -0.324527 -0.931801 3.44252 
6.89356 26 0.05 0.0931762 0 0 0 1.36056 -0.0557737 0.189723 0.0676539 0.0405799 0 0 0 0 0 0 0 0.0227694 0.215685 0.566426 0.23666 0.0164059 0.0565406 0.184232 0.110986 -0.0669964 -8.88972 0.347693 0.051254 0.113436 -2.94628 -0.783114 1.31514 0.147109 1.25559 0.432283 0.0866632 -0.352773 0.112946 -0.000395232 -0.0924978 0.236358 -10.8737 0.108634 4.33193 1.50458 -7.58691 -0.251079 -0.7175 -1.32656 4.34339 
7.19665 26 0.05 0.094113 0 0 0 1.3434 -0.0611594 0.198305 0.0708839 0.0450315 0 0 0 0 0 0 0 0.0135653 0.208495 0.598035 0.239385 0.0161519 0.0632616 0.18708 0.108519 -0.0704605 -6.84334 0.203857 0.113963 0.0043559 -0.995846 -0.866443 2.12455 0.387664 0.979435 0.190998 -0.00370477 0.025356 0.164768 0.0279081 -0.0213335 -0.205145 -9.29407 0.23475 3.33736 1.4404 -5.33026 -0.0752586 -0.28392 -1.14469 3.65132 
7.41033 26 0.05 0.0868626 0 0 0 1.3274 -0.0668325 0.208222 0.0741308 0.0500309 0 0 0 0 0 0 0 -0.00533211 0.20256 0.629273 0.243435 0.00965488 0.0689792 0.189206 0.10504 -0.0691528 -0.540081 0.0760036 0.00593901 0.00392004 4.25234 -1.11498 4.02973 1.05995 -0.282425 0.170236 -0.0135564 -0.0299394 0.0144336 0.0408249 0.0956736 0.0386351 -3.83287 1.1412 0.794688 0.0617945 3.62246 0.679234 1.5003 -0.435295 0.589819 
7.42841 26 0.05 0.0797412 0 0 0 1.31807 -0.0732156 0.221816 0.0782781 0.0541743 0 0 0 0 0 0 0 -0.0267338 0.198584 0.658161 0.247133 0.00808266 0.0748919 0.192866 0.101416 -0.0672917 4.316 -0.272189 0.0237888 -0.0750338 7.46279 -1.15028 4.93202 1.39077 -1.48359 -0.0757729 -0.0229199 0.119324 0.0693336 0.00209726 0.0490358 -0.052217 1.08995 1.65637 -1.11618 -1.10159 10.3807 1.51749 2.83661 0.170436 -2.25522 
7.51073 26 0.05 0.0784426 0 0 0 1.31839 -0.0800146 0.239084 0.0834179 0.0560837 0 0 0 0 0 0 0 -0.0439758 0.197014 0.681833 0.249086 0.0183814 0.0816973 0.199208 0.0984805 -0.068218 4.06676 0.127565 -0.24798 0.0779176 6.80811 -0.99776 3.08321 1.07146 -1.61552 0.171223 -0.0351468 -0.171353 -0.0421954 -0.0675664 0.0770933 0.0567199 1.18194 1.54266 -1.29812 -0.92625 9.04253 1.06199 2.46621 0.249736 -2.29797 
7.64254 26 0.05 0.0817544 0 0 0 1.32612 -0.0870716 0.257607 0.0891 0.0559906 0 0 0 0 0 0 0 -0.0578091 0.197325 0.70118 0.249786 0.0373139 0.0888302 0.207472 0.0961786 -0.0715458 -1.30789 0.0270428 0.0928609 0.0400192 2.44378 -0.333707 -1.6525 0.168331 -0.544587 -0.0886117 -0.0121267 -0.0536025 0.0756116 -0.0405264 -0.0337235 -0.0726018 -0.891774 0.716633 -0.137223 1.18604 -1.61009 -0.4279 0.964725 -0.154449 -0.0677723 
7.43856 26 0.05 0.083317 0 0 0 1.33584 -0.093847 0.2726 0.0944445 0.0553049 0 0 0 0 0 0 0 -0.0713526 0.198398 0.718594 0.251731 0.0527245 0.0948335 0.21604 0.0939183 -0.0746418 -6.68753 -0.068886 -0.624928 0.0601195 -1.80549 0.0881626 -6.14635 -0.53736 0.741986 -0.168307 -0.0670364 0.255365 -0.859728 -0.12508 -0.00261881 -0.176414 -2.38919 0.181742 1.44495 3.51126 -11.9068 -1.56109 -0.715419 -0.404397 2.17426 
7.43869 26 0.05 0.0775584 0 0 0 1.34235 -0.0996281 0.279062 0.0985071 0.0554995 0 0 0 0 0 0 0 -0.0856376 0.199522 0.73523 0.257152 0.0534217 0.0983785 0.222708 0.0915282 -0.0750136 -4.43234 0.0502622 0.136964 -0.0670556 -2.59338 0.149748 -6.48983 -0.655538 0.479432 -0.0151067 0.0107367 -0.133986 0.131296 0.0475922 0.0384016 0.107372 0.0217188 -0.00241841 1.60296 3.04731 -9.49105 -1.47398 -0.640285 0.0818689 1.34121 
7.5639 26 0.05 0.0678474 0 0 0 1.34539 -0.104577 0.277995 0.10141 0.0561718 0 0 0 0 0 0 0 -0.0982291 0.200512 0.751593 0.26512 0.0441317 0.0999704 0.227928 0.0895031 -0.0739422 2.96558 -0.346448 0.0361861 -0.133233 0.568722 -0.0367678 -3.80025 -0.110241 -1.25288 -0.515317 -0.0637797 0.231653 0.238994 -0.00573648 -0.0142403 -0.191058 4.85489 0.517386 -0.11979 0.356852 1.49833 -0.0493311 1.00132 0.831946 -2.2554 
7.5168 26 0.05 0.0621895 0 0 0 1.34873 -0.109079 0.273057 0.103914 0.0554676 0 0 0 0 0 0 0 -0.104509 0.201947 0.766229 0.272681 0.0373188 0.101355 0.233684 0.0885466 -0.0753349 5.91512 0.0802516 0.367894 0.0807354 1.06462 -0.228184 -1.38226 0.207885 -1.907 0.0575759 0.0653721 -0.159553 0.62097 0.0423927 0.0221097 0.14149 6.10515 0.497871 -0.140937 -0.786644 6.43168 0.634702 1.58621 1.24515 -3.56668 
7.55041 26 0.05 0.0632734 0 0 0 1.3528 -0.113324 0.267231 0.106358 0.0528671 0 0 0 0 0 0 0 -0.103782 0.203739 0.779114 0.278599 0.0379089 0.103244 0.240451 0.0889835 -0.0802662 4.73465 -0.0523074 0.150416 -0.0168161 0.664575 -0.279563 -2.26025 0.0523179 -1.59317 0.0293045 0.0334036 0.104531 0.107858 0.101986 0.205637 -0.0190194 5.33818 0.648657 0.147051 -0.441831 4.65368 0.48106 1.39908 1.06664 -3.08735 
7.74026 26 0.05 0.0691317 0 0 0 1.35714 -0.117422 0.259669 0.108606 0.0488894 0 0 0 0 0 0 0 -0.0976219 0.206017 0.790829 0.283453 0.0432405 0.105437 0.247967 0.0904763 -0.0878772 2.97688 -0.136094 0.498172 -0.106959 0.927383 -0.128709 -2.0089 0.115752 -1.28625 0.0615735 0.109007 -0.212689 0.662013 0.169461 -0.142464 0.0365823 3.75306 0.608033 0.123084 -0.101134 2.83403 0.124415 1.29162 0.863968 -2.15858 
7.69099 26 0.05 0.0775181 0 0 0 1.36203 -0.121263 0.250746 0.110759 0.0439575 0 0 0 0 0 0 0 -0.0881572 0.208708 0.801553 0.28774 0.0510023 0.107548 0.256105 0.0927225 -0.0970003 -2.189 0.171658 -0.723154 -0.0421854 -0.879735 -0.166136 -3.96237 -0.418022 0.0660641 -0.0106375 -0.00338672 0.0925188 -1.1746 -0.165119 -0.13529 0.0492201 0.64385 0.305168 0.979195 1.82339 -4.61432 -0.923758 -0.0993098 0.280976 0.828929 
7.72626 26 0.05 0.0828189 0 0 0 1.36553 -0.124907 0.238553 0.11227 0.039568 0 0 0 0 0 0 0 -0.0789308 0.211458 0.812268 0.293514 0.0532122 0.108495 0.263358 0.0950458 -0.104384 -3.69298 0.337137 -0.35816 0.15839 0.144246 -0.208314 -3.07184 -0.225904 0.378197 0.0667409 0.0200565 -0.0321285 -0.475994 0.00661675 -0.0182914 0.136098 -1.68086 0.458884 0.501111 2.05275 -6.18084 -1.38556 -0.200145 0.0139132 1.53817 
7.87817 26 0.05 0.0837435 0 0 0 1.36884 -0.128407 0.224368 0.113395 0.0360088 0 0 0 0 0 0 0 -0.0723729 0.214414 0.82244 0.300854 0.0487593 0.107904 0.269683 0.0971527 -0.109431 -4.13397 -0.0317661 -0.152723 -0.0806028 -0.139753 -0.293128 -1.97863 -0.147385 0.766374 -0.0319428 -0.0468486 -0.039893 -0.32876 -0.0559702 -0.00324683 0.143709 -1.86501 0.402864 0.843041 2.311 -5.92516 -0.924784 -0.349827 -0.212619 2.47542 
7.92152 26 0.05 0.0802633 0 0 0 1.37167 -0.131865 0.209527 0.114255 0.0336024 0 0 0 0 0 0 0 -0.0684117 0.217496 0.832483 0.309877 0.0385667 0.106406 0.275014 0.0988288 -0.111394 -1.57287 0.170398 0.351592 -0.302573 1.61109 -0.357429 0.266193 0.288435 -0.104764 0.100177 -0.0430037 -0.218166 0.0371791 0.163799 0.0827704 0.530448 -1.4629 0.836864 0.243411 0.951117 -0.986847 -0.299596 0.744125 0.166116 1.01937 
7.85223 26 0.05 0.0754425 0 0 0 1.37594 -0.135385 0.196317 0.11534 0.0313047 0 0 0 0 0 0 0 -0.0663526 0.22118 0.841867 0.319081 0.0282621 0.104729 0.280644 0.100527 -0.112104 1.78792 -0.00786925 0.0891982 -0.0519939 3.34635 -0.581996 2.06151 0.692345 -1.10851 0.00670126 0.0295756 0.0580538 0.193857 0.163267 -0.0824077 -0.170626 -0.0962731 1.43317 -0.366656 -0.254832 4.31266 0.512084 1.93273 0.531157 -1.26087 
7.81585 26 0.05 0.0729765 0 0 0 1.38335 -0.139184 0.186556 0.117054 0.0280537 0 0 0 0 0 0 0 -0.0645928 0.226028 0.849965 0.327133 0.0235104 0.103754 0.287781 0.102625 -0.114081 1.83871 -0.0686074 -0.166219 0.0513204 3.23595 -0.508985 2.85344 0.833711 -1.05615 -0.113773 0.00371632 0.0389288 -0.0355861 0.0364095 0.19393 -0.149356 0.375449 1.23056 -0.289318 -0.515309 4.96173 0.583257 1.93623 0.667139 -1.3819 
7.82004 26 0.05 0.0727026 0 0 0 1.39347 -0.143154 0.180773 0.119488 0.0239971 0 0 0 0 0 0 0 -0.0626052 0.231711 0.856968 0.333855 0.0244892 0.103494 0.29628 0.105228 -0.117333 0.62264 0.118606 0.143805 0.0452384 2.15153 -0.458592 2.43732 0.541069 -0.397458 0.18216 0.0868502 -0.108053 -0.0469383 -0.0352653 0.0180578 0.142762 -0.51418 1.08163 0.144834 -0.0622425 3.28818 0.48294 1.31908 0.381672 0.144818 
7.80077 26 0.05 0.0731204 0 0 0 1.40495 -0.147245 0.178137 0.122273 0.0198932 0 0 0 0 0 0 0 -0.061353 0.238023 0.863473 0.339885 0.0288951 0.103775 0.305399 0.107996 -0.120128 -0.920721 -0.0748557 0.100957 -0.258176 0.417209 -0.468533 2.077 0.322639 0.201386 -0.258299 -0.108577 -0.0115038 0.201267 0.158119 0.0250808 0.324308 -0.725583 0.525699 0.990185 0.308867 1.41972 0.071541 0.260668 0.353743 1.75159 
7.82808 26 0.05 0.0725056 0 0 0 1.41583 -0.151467 0.177986 0.125151 0.0163827 0 0 0 0 0 0 0 -0.0609991 0.244324 0.870452 0.345695 0.0344306 0.104107 0.313964 0.110893 -0.120775 -2.73593 0.0981566 0.18342 -0.290613 -1.33241 -0.595354 2.25208 0.0264383 1.37188 0.0254445 -0.0719886 -0.16057 0.161412 0.124379 0.0553789 0.584682 -1.34916 0.128208 1.61073 1.09115 -0.979399 0.00327343 -0.779432 -0.100865 3.53155 
7.74696 26 0.05 0.0689771 0 0 0 1.42423 -0.155936 0.180295 0.127786 0.014695 0 0 0 0 0 0 0 -0.0621443 0.250167 0.87852 0.352141 0.0383779 0.104412 0.32087 0.113406 -0.117524 -2.47692 -0.0108888 -0.0389205 -0.345924 -1.88451 -0.574017 1.2935 -0.164099 1.44454 0.0218958 -0.00784116 -0.135787 -0.228912 0.127935 -0.0722884 0.291782 -0.529914 0.201956 1.72766 0.845427 -1.4603 -0.086763 -1.07956 -0.138476 3.50751 
7.99881 26 0.05 0.0630746 0 0 0 1.42977 -0.16061 0.1838 0.129992 0.0147455 0 0 0 0 0 0 0 -0.0637605 0.255679 0.887714 0.358902 0.0403562 0.104592 0.325945 0.11553 -0.110746 -1.89067 0.191178 0.0283161 0.182695 -2.56454 -0.348551 1.05004 -0.0664241 1.22239 0.247505 0.0708081 -0.128134 0.0709878 -0.110237 0.0384914 0.22612 0.285484 -0.0592374 2.21729 0.840889 -0.799441 -0.266131 -1.03242 0.276218 2.87846 
7.96385 26 0.05 0.0556464 0 0 0 1.43198 -0.165228 0.188131 0.131918 0.0161363 0 0 0 0 0 0 0 -0.0649107 0.260608 0.898484 0.365952 0.041269 0.104463 0.329407 0.117759 -0.101439 0.527804 0.339572 -0.0897813 -0.175346 -1.96064 -0.341158 0.490843 -0.0116908 0.60098 0.0515778 0.108774 -0.266341 -0.252793 0.0784913 -0.175057 0.570759 1.99912 0.140417 1.87816 0.235141 2.11066 -0.12371 -0.406643 0.495346 0.696831 
7.9597 26 0.05 0.0494925 0 0 0 1.43181 -0.169797 0.192604 0.133653 0.0180647 0 0 0 0 0 0 0 -0.0637369 0.265236 0.910338 0.37261 0.0444384 0.104209 0.332097 0.12033 -0.0922212 2.37229 -0.0402035 0.195602 -0.189898 -0.977913 -0.515227 0.103241 0.17113 -0.100552 -0.00905258 -0.0123907 -0.279647 0.0831161 0.0465892 0.0396389 0.31615 3.22772 0.624815 1.3452 -0.496671 4.04154 0.24557 0.328164 0.964856 -0.841836 
7.94118 26 0.05 0.0465701 0 0 0 1.43056 -0.174505 0.196767 0.135413 0.0196972 0 0 0 0 0 0 0 -0.0590761 0.270119 0.922563 0.37808 0.0518118 0.104253 0.334896 0.123732 -0.0848209 2.57591 -0.0386786 0.0854776 -0.124594 0.173729 -0.193599 0.339153 0.122955 -0.444585 -0.0901847 -0.0868026 -0.148394 0.00823227 0.00729032 0.0775669 0.0251475 2.60495 0.55912 0.388136 -0.478768 4.00464 0.284726 0.58021 0.916053 -1.40683 
7.98029 26 0.05 0.0468135 0 0 0 1.42962 -0.178983 0.200914 0.137144 0.0206763 0 0 0 0 0 0 0 -0.0519369 0.275166 0.934062 0.382493 0.0629756 0.104612 0.33808 0.127838 -0.0797004 0.492337 0.136796 0.204254 0.321132 0.790923 -0.427546 0.33736 0.0431701 -0.340599 0.0221064 0.0341436 0.0444959 0.288264 -0.12829 -0.0796037 0.0894068 0.401248 0.776154 0.131529 0.268772 1.15858 -0.168723 0.764409 0.650692 -0.52898 
8.00131 26 0.05 0.0475918 0 0 0 1.42967 -0.183535 0.205064 0.138765 0.0211803 0 0 0 0 0 0 0 -0.0449966 0.280629 0.944658 0.386807 0.0744295 0.104747 0.341838 0.132306 -0.0756471 -2.05014 0.249499 -0.125201 0.323029 0.122826 -0.294232 -0.846331 -0.249314 0.116253 0.419952 0.0970994 -0.103604 -0.245923 -0.256609 -0.0138963 0.167248 -0.722207 0.510269 0.223032 1.21396 -2.65418 -0.783175 0.22388 0.309057 0.658222 
7.9524 26 0.05 0.0459591 0 0 0 1.42985 -0.188 0.207863 0.139951 0.02177 0 0 0 0 0 0 0 -0.0395252 0.286167 0.954524 0.392105 0.0817912 0.103976 0.345502 0.13671 -0.0712196 -2.45422 0.00158704 -0.414175 0.227475 -0.201276 -0.175513 -1.21609 -0.281642 0.140906 0.149468 0.0212143 0.152553 -0.346147 -0.125549 -0.00529216 -0.143217 -1.20789 0.353749 0.446923 1.70226 -3.77591 -0.913945 -0.167339 0.496779 0.701939 
7.96594 26 0.05 0.0416643 0 0 0 1.42978 -0.192243 0.209002 0.140702 0.0224657 0 0 0 0 0 0 0 -0.0359575 0.291587 0.963969 0.398855 0.0841232 0.102229 0.348628 0.141268 -0.0664054 -1.20159 -0.0431696 0.243661 0.079727 0.608661 -0.19002 -0.729678 -0.102833 -0.282362 -0.112497 0.0319529 0.0482554 0.290548 0.0393673 0.0555443 -0.253931 -0.709652 0.650634 -0.1054 1.04356 -1.88652 -0.294672 0.575497 0.60142 -0.0567719 
8.04561 26 0.05 0.0363755 0 0 0 1.43043 -0.196315 0.209191 0.141264 0.0227703 0 0 0 0 0 0 0 -0.0335406 0.297259 0.97242 0.40619 0.0840564 0.100302 0.352131 0.146101 -0.0621015 -1.20515 -0.0681751 0.163932 -0.269765 0.998554 -0.342686 -0.051066 -0.396098 -0.0988086 -0.107237 -0.0162521 0.0120129 0.160866 0.246163 -0.0225982 0.233532 -1.04669 0.62105 -0.320536 0.951473 -1.72004 -0.65284 0.402166 0.439844 -0.105276 
7.97602 26 0.05 0.0301695 0 0 0 1.43218 -0.20041 0.209302 0.141313 0.0229315 0 0 0 0 0 0 0 -0.0325688 0.303132 0.979715 0.413956 0.0819885 0.0977923 0.355779 0.151 -0.0583186 0.2354 0.0436664 0.0485143 -0.596123 1.45163 -0.458529 0.111016 -0.0778951 -0.497701 -0.114988 -0.137795 -0.0251494 -0.257432 0.312898 0.0989511 0.341701 -0.284836 0.769369 -0.633009 0.328948 0.452417 -0.144426 0.574449 0.71491 -1.02419 
7.99816 26 0.05 0.0248131 0 0 0 1.43547 -0.204667 0.209535 0.141265 0.0224919 0 0 0 0 0 0 0 -0.032022 0.309368 0.985593 0.421393 0.0806439 0.0953437 0.359767 0.156289 -0.0560902 1.92683 -0.354433 0.467849 0.26335 1.39013 -0.373685 0.181031 -0.176448 -0.661562 0.00837648 -0.059455 0.0207404 0.489071 0.020399 0.139416 -0.423662 0.69628 0.846264 -0.54811 0.0268422 2.03939 -0.0323997 0.827712 0.651133 -2.11601 
7.95355 26 0.05 0.0222427 0 0 0 1.44011 -0.208968 0.209959 0.141012 0.0213095 0 0 0 0 0 0 0 -0.0307012 0.316022 0.990269 0.428165 0.0818425 0.0930863 0.364362 0.161854 -0.0565786 2.12668 -0.342774 -0.00973617 -0.146488 1.30941 -0.288172 0.269755 -0.11002 -0.693939 0.0366828 -0.0755722 0.14334 -0.111571 0.0299936 0.00110659 -0.218193 1.07926 0.795901 -0.419907 -0.383544 3.02697 -0.0620754 1.02661 0.738431 -2.42879 
8.01859 26 0.05 0.022451 0 0 0 1.44587 -0.213204 0.210666 0.140652 0.0194122 0 0 0 0 0 0 0 -0.0282192 0.322994 0.994001 0.433837 0.0865353 0.090969 0.369744 0.167771 -0.0599157 0.173583 0.00671939 0.259941 0.804536 0.369672 -0.293037 -0.0447648 -0.469708 -0.15577 0.129594 -0.0765133 0.0199894 -0.0999805 -0.469238 0.0121016 -0.280364 0.231077 0.376345 -0.120227 0.114316 0.0553453 -0.680459 0.34141 0.527325 -1.19916 
7.99098 26 0.05 0.0228487 0 0 0 1.45154 -0.217402 0.211253 0.139761 0.0175026 0 0 0 0 0 0 0 -0.0256885 0.329775 0.997245 0.439123 0.0908617 0.0882291 0.375041 0.173776 -0.0643865 -0.228037 0.396497 -0.510779 0.0840999 -0.16904 -0.0496114 -0.817831 -0.581482 0.163051 0.177758 0.018912 -0.0750221 -0.968532 -0.196057 0.00657002 0.359361 0.179596 0.395408 0.421601 0.681087 -0.723743 -0.835279 -0.424037 0.372049 -1.11345 
8.1019 26 0.05 0.0229332 0 0 0 1.45648 -0.221271 0.210794 0.138247 0.0159674 0 0 0 0 0 0 0 -0.0231744 0.336408 1.0007 0.444745 0.0939103 0.0847304 0.379333 0.179675 -0.069793 -0.715695 0.4006 -0.302638 0.061528 -0.410717 0.00303382 0.52364 -0.515253 0.463129 -0.0767849 0.0195869 0.043307 -0.638131 -0.29969 0.149647 0.309694 -1.19149 0.0851682 0.437362 0.907568 -1.23716 -0.816103 -0.0832004 0.308545 0.0150184 
7.95759 26 0.05 0.0221356 0 0 0 1.46046 -0.224777 0.211018 0.136245 0.0151407 0 0 0 0 0 0 0 -0.0223494 0.342528 1.00437 0.450954 0.0951643 0.0805596 0.383125 0.185404 -0.074679 -1.17793 0.0991004 0.0935027 -0.0637448 -1.47871 -0.0662585 0.0334632 -0.514316 0.707686 0.161159 -0.0519554 0.182867 -0.269217 0.346644 0.0171353 0.109115 -0.599035 0.0556698 1.21765 1.02561 -1.81789 -0.631531 -0.967501 0.0212073 0.456764 
8.09062 26 0.05 0.0199635 0 0 0 1.46224 -0.228036 0.211262 0.133797 0.015262 0 0 0 0 0 0 0 -0.0223387 0.348144 1.00919 0.457843 0.0940644 0.0760026 0.385371 0.190622 -0.0785453 -1.97107 -0.155024 0.217658 -0.053601 -1.47296 -0.0636734 0.581767 -0.535931 0.853156 0.0515876 0.00133942 0.137255 0.161009 0.188233 0.0248615 -0.199471 -1.53872 0.212036 1.32113 1.21665 -2.36796 -0.666624 -0.777633 -0.0390576 1.21057 
8.1182 26 0.05 0.0155587 0 0 0 1.46204 -0.231065 0.212203 0.130919 0.0164274 0 0 0 0 0 0 0 -0.0242328 0.353489 1.01519 0.465583 0.090139 0.0710532 0.386442 0.195297 -0.080547 0.0448539 0.730929 -0.317967 0.297568 -0.351049 -0.138665 0.821057 -0.152372 0.269915 0.225754 0.232944 -0.383637 -0.331566 -0.29568 -0.148925 0.346073 -0.0802584 0.533101 0.774744 0.477217 0.692601 -0.37858 -0.0632791 0.247399 -0.588693 
7.99981 26 0.05 0.0116188 0 0 0 1.46142 -0.233985 0.21408 0.128118 0.0178212 0 0 0 0 0 0 0 -0.0260512 0.359003 1.0216 0.473201 0.0874418 0.0660911 0.387335 0.199847 -0.083097 0.872532 0.394398 -0.619832 -0.387197 -0.0490187 -0.229575 0.608116 0.121534 0.195759 -0.0584504 0.114171 -0.133464 -0.22748 -0.130153 0.0112052 0.461082 0.137563 0.800198 0.307696 -0.0609698 1.1087 -0.249767 0.158066 0.247184 -1.14258 
8.04424 26 0.05 0.00914226 0 0 0 1.46079 -0.236922 0.216547 0.12573 0.0193313 0 0 0 0 0 0 0 -0.0275273 0.365009 1.02779 0.480032 0.086389 0.0612773 0.388343 0.204283 -0.0868454 1.91672 0.0364504 -0.117164 0.0671617 0.434183 -0.0612316 0.70545 0.0444537 -0.546355 -0.099521 0.00141149 -0.0449236 0.0382516 -0.189314 -0.0375435 -0.161094 1.18471 0.765295 0.615281 -0.6739 3.26381 -0.00809972 0.551714 0.388357 -2.12517 
7.97432 26 0.05 0.00932291 0 0 0 1.46077 -0.239656 0.219669 0.123626 0.0200071 0 0 0 0 0 0 0 -0.0273663 0.371408 1.03418 0.48536 0.089559 0.0569125 0.389952 0.208787 -0.0929203 1.53106 -0.724652 -0.0939839 -0.208914 0.854702 0.000327147 1.03335 -0.334159 -0.49642 -0.348684 0.0614959 0.17157 0.190613 0.488009 -0.229458 -0.429734 0.240263 0.733636 -0.0436501 -0.0820131 2.4025 -0.432284 0.592717 0.43385 -1.41355 
8.09343 26 0.05 0.0114324 0 0 0 1.46184 -0.242132 0.22381 0.121296 0.0199883 0 0 0 0 0 0 0 -0.0269151 0.378136 1.0399 0.490081 0.0954833 0.0524102 0.392162 0.213416 -0.100218 -0.771538 -0.701434 0.0820597 -0.338419 -0.650939 -0.0357914 -0.292189 -0.209579 0.266743 -0.364688 -0.152855 0.732166 0.251554 0.385729 0.0130376 -0.24733 -0.438655 0.474124 0.834676 0.744898 -0.425195 -0.505132 -0.46695 0.100253 -0.407603 
8.06252 26 0.05 0.0123572 0 0 0 1.46197 -0.244422 0.227191 0.118915 0.0203128 0 0 0 0 0 0 0 -0.0270677 0.384843 1.04616 0.495316 0.10031 0.0476813 0.393568 0.217743 -0.107357 -2.29985 -0.127644 -0.457922 -0.00229504 -1.10388 -0.111652 0.787679 -0.278469 0.917033 -0.0271101 -0.0936384 0.428093 -0.775489 -0.120981 -0.109948 -0.0980346 -1.49615 0.248921 1.06998 1.17954 -1.97025 -0.747421 -0.595229 -0.0669612 1.02099 
8.10639 26 0.05 0.0102334 0 0 0 1.46068 -0.246638 0.231263 0.116403 0.0217868 0 0 0 0 0 0 0 -0.0291316 0.391232 1.05321 0.50157 0.102142 0.0424404 0.394074 0.221571 -0.112503 -2.72361 0.285292 -0.0370909 -0.205903 -0.594923 -0.0756758 0.525611 -0.268564 0.928707 -0.399881 0.095497 -0.168854 0.161513 0.316895 -0.0370377 0.748585 -1.98777 0.24939 0.58601 1.3089 -2.95027 -0.629904 -0.833293 -0.16307 1.32604 
8.09405 26 0.05 0.00479311 0 0 0 1.45873 -0.248739 0.235624 0.113785 0.0243196 0 0 0 0 0 0 0 -0.0335667 0.39733 1.06033 0.508915 0.0999832 0.0368892 0.393455 0.22482 -0.115439 -0.438756 -0.00322876 0.176416 1.02113 -0.334552 -0.186705 0.934913 -0.145132 0.332668 0.123811 0.068159 0.0762537 0.193296 -0.805171 -0.0873632 -1.44117 -0.056411 0.436456 0.73249 0.401962 0.831473 -0.527011 -0.0401201 -0.17559 0.137642 
8.14575 26 0.05 -0.000709606 0 0 0 1.45654 -0.250887 0.240794 0.111222 0.0270487 0 0 0 0 0 0 0 -0.0376604 0.403425 1.06774 0.516097 0.0991091 0.0311711 0.392841 0.227537 -0.117921 -0.645437 0.294736 -0.0317519 -0.0209039 0.220477 -0.131347 0.206854 0.206475 -0.111779 0.185979 0.16388 -0.101695 0.0468633 0.177373 -0.126516 0.321449 -0.314095 0.604261 0.475167 0.520007 0.480755 -0.348477 0.252494 0.0541227 -0.6815 
8.16525 26 0.05 -0.00654405 0 0 0 1.45484 -0.253006 0.245751 0.109171 0.0293759 0 0 0 0 0 0 0 -0.0417831 0.409742 1.07508 0.523288 0.0989472 0.0255308 0.392615 0.230071 -0.121065 0.959735 0.121216 -0.119315 -0.157607 1.1277 -0.108176 0.088784 0.514039 -0.969066 -0.0564617 0.057019 -0.139067 0.241144 0.20857 0.0697591 0.310207 0.842313 0.758947 0.139179 -0.254622 2.98013 -0.256871 0.875441 0.310001 -2.15239 
8.09688 26 0.05 -0.0105561 0 0 0 1.45478 -0.255064 0.250352 0.107992 0.0302036 0 0 0 0 0 0 0 -0.0444017 0.416456 1.0819 0.529457 0.102728 0.0200911 0.393565 0.232771 -0.126745 1.65203 0.338918 -0.231822 0.0405089 1.25865 -0.22833 0.532769 0.713382 -1.31467 -0.0357624 -0.0580011 -0.0588348 -0.579086 -0.0455527 -0.122025 0.40732 0.773656 0.948687 0.252924 -0.644028 4.41325 -0.0818028 1.28867 0.317842 -2.24917 
8.21667 26 0.05 -0.011994 0 0 0 1.4564 -0.257224 0.255208 0.107871 0.0292133 0 0 0 0 0 0 0 -0.0457428 0.423769 1.08839 0.534173 0.111972 0.0150736 0.396125 0.235628 -0.134844 -1.06752 0.262841 -0.143679 0.116176 0.188073 -0.217965 0.246614 0.617517 -0.391075 0.18238 0.110255 -0.252419 -0.0991564 -0.27323 -0.32832 -0.0459798 0.168743 0.475323 0.639415 0.489733 0.89642 -0.458277 0.297546 -0.0450656 -0.583547 
8.18677 26 0.05 -0.0147168 0 0 0 1.45811 -0.259471 0.259936 0.108584 0.0277959 0 0 0 0 0 0 0 -0.0467332 0.431027 1.09512 0.539098 0.12154 0.00991796 0.39884 0.238156 -0.142957 -1.28855 0.204567 -0.0674733 0.357383 -0.907127 -0.158315 -0.809969 0.823758 -0.349582 0.22675 0.0172855 -0.136139 0.0741033 -0.220732 -0.0540137 -0.106047 0.428332 0.384345 1.07415 1.04145 0.138346 -0.325125 0.178307 -0.0536236 0.2869 
8.1559 26 0.05 -0.0189076 0 0 0 1.45845 -0.261718 0.263134 0.110331 0.0260442 0 0 0 0 0 0 0 -0.0470569 0.438114 1.10266 0.544952 0.130391 0.00481367 0.401538 0.240374 -0.149921 -3.41211 0.0653307 -0.16969 -0.0567835 -0.17158 -0.153291 -0.107686 0.68212 -0.0658558 -0.338644 -0.0282015 0.127164 -0.126219 -0.13853 -0.12112 0.0373332 -0.874528 0.421488 0.672665 1.43411 -1.72287 -0.696085 -0.1235 -0.48519 0.936937 
8.15562 26 0.05 -0.027284 0 0 0 1.45853 -0.263955 0.26588 0.112828 0.0243722 0 0 0 0 0 0 0 -0.0485253 0.445088 1.11037 0.552172 0.136075 -0.000736633 0.403811 0.241727 -0.154957 -2.3519 -0.132697 0.199568 -0.491013 -2.35618 -0.15819 -0.504413 0.747297 0.446761 0.218441 -0.0493768 -0.0474833 0.139893 0.437666 0.165809 0.23181 1.03859 0.173709 2.03399 1.414 -0.281152 -0.128375 -0.535035 -0.433118 1.77063 
8.16449 26 0.05 -0.0380282 0 0 0 1.45541 -0.26619 0.26768 0.116093 0.0234644 0 0 0 0 0 0 0 -0.0484501 0.451625 1.12009 0.560606 0.140832 -0.00592528 0.405142 0.242364 -0.157116 -1.68509 -0.451871 0.00655775 -0.00434812 -0.0712328 -0.142136 -0.707228 0.703638 -0.540446 -0.184668 -0.112769 0.126403 0.659098 0.0297488 -0.131081 -0.38138 -0.0469474 0.390002 0.374348 0.932772 0.0744611 -0.430365 0.33486 -0.0844544 -0.376462 
7.86846 26 0.05 -0.0500461 0 0 0 1.4525 -0.268407 0.268349 0.120006 0.0219083 0 0 0 0 0 0 0 -0.0484458 0.458073 1.1294 0.569509 0.14524 -0.0112082 0.406803 0.242827 -0.159584 0.101986 -0.0393597 0.564517 0.803452 -2.85114 -0.466799 -2.55735 0.185989 0.0592709 0.0639194 -0.0364562 -0.224596 0.96853 -0.465322 0.404671 -1.13972 3.16634 0.0475714 1.99152 -0.20378 1.93919 -0.58034 0.87545 0.0449208 -0.594845 
7.97377 26 0.05 -0.06075 0 0 0 1.44598 -0.271043 0.265471 0.123789 0.0205851 0 0 0 0 0 0 0 -0.0441305 0.463956 1.14051 0.577265 0.151858 -0.0167649 0.409493 0.243306 -0.162619 0.716839 -0.371449 -0.34641 -0.411001 -1.84749 -0.274515 -2.25877 0.150117 -0.217071 -0.279343 -0.197282 0.214446 -0.0571981 0.190404 0.247228 0.2508 1.80974 -0.0154133 0.840366 -0.00788392 1.00152 -0.161438 0.505713 0.278354 -1.01701 
