#1 rho_s 
#2 coeffs 
ng
342.539 0.02 0.014952 0.101011 -0.101643 1.61261 -0.0380403 0.00105417 0.0812164 0.0093916 0.00495769 0.0855511 -0.0968042 -0.0451337 -0.0184538 0.182916 0.0914557 0.39994 -0.0469415 -0.0697824 -0.174115 0.123422 0.255014 0.0235747 -0.0182964 0.0083429 0.0322651 
342.914 0.02 0.0149512 0.101009 -0.101649 1.61265 -0.0380455 0.00105132 0.0812406 0.00938573 0.00495852 0.0855647 -0.0968049 -0.045137 -0.0184527 0.182932 0.0914549 0.399964 -0.0469395 -0.069789 -0.174151 0.12345 0.2551 0.0235862 -0.018296 0.00834046 0.0322694 
343.283 0.02 0.0149505 0.101007 -0.101654 1.61269 -0.0380507 0.00104848 0.0812647 0.00937987 0.00495935 0.0855783 -0.0968057 -0.0451402 -0.0184517 0.182949 0.0914541 0.399987 -0.0469376 -0.0697957 -0.174187 0.123477 0.255186 0.0235977 -0.0182955 0.00833801 0.0322737 
343.651 0.02 0.0149497 0.101005 -0.10166 1.61273 -0.0380559 0.00104563 0.0812889 0.009374 0.00496018 0.0855919 -0.0968064 -0.0451435 -0.0184506 0.182965 0.0914533 0.400011 -0.0469356 -0.0698023 -0.174224 0.123505 0.255272 0.0236092 -0.0182951 0.00833557 0.032278 
344.013 0.02 0.014949 0.101003 -0.101665 1.61277 -0.0380611 0.00104279 0.081313 0.00936813 0.00496102 0.0856056 -0.0968072 -0.0451467 -0.0184496 0.182981 0.0914525 0.400035 -0.0469337 -0.069809 -0.17426 0.123533 0.255358 0.0236207 -0.0182947 0.00833313 0.0322822 
344.369 0.0200001 0.0149482 0.101001 -0.101671 1.6128 -0.0380664 0.00103994 0.0813372 0.00936227 0.00496185 0.0856192 -0.0968079 -0.04515 -0.0184485 0.182997 0.0914517 0.400059 -0.0469317 -0.0698156 -0.174296 0.12356 0.255444 0.0236322 -0.0182942 0.00833068 0.0322865 
344.724 0.0200001 0.0149475 0.100998 -0.101676 1.61284 -0.0380716 0.00103709 0.0813614 0.0093564 0.00496268 0.0856328 -0.0968086 -0.0451532 -0.0184474 0.183014 0.0914509 0.400082 -0.0469297 -0.0698223 -0.174332 0.123588 0.25553 0.0236437 -0.0182938 0.00832824 0.0322908 
345.076 0.0200001 0.0149467 0.100996 -0.101682 1.61288 -0.0380768 0.00103425 0.0813855 0.00935054 0.00496351 0.0856464 -0.0968094 -0.0451565 -0.0184464 0.18303 0.0914501 0.400106 -0.0469278 -0.0698289 -0.174368 0.123616 0.255616 0.0236552 -0.0182933 0.0083258 0.0322951 
345.422 0.0200002 0.014946 0.100994 -0.101688 1.61292 -0.038082 0.0010314 0.0814097 0.00934467 0.00496434 0.08566 -0.0968101 -0.0451597 -0.0184453 0.183046 0.0914493 0.40013 -0.0469258 -0.0698356 -0.174405 0.123643 0.255702 0.0236668 -0.0182929 0.00832336 0.0322994 
345.762 0.0200003 0.0149452 0.100992 -0.101693 1.61296 -0.0380872 0.00102855 0.0814339 0.0093388 0.00496517 0.0856736 -0.0968109 -0.045163 -0.0184442 0.183062 0.0914485 0.400153 -0.0469238 -0.0698422 -0.174441 0.123671 0.255788 0.0236783 -0.0182925 0.00832091 0.0323037 
346.099 0.0200004 0.0149445 0.10099 -0.101699 1.613 -0.0380924 0.00102571 0.081458 0.00933294 0.004966 0.0856873 -0.0968116 -0.0451662 -0.0184432 0.183079 0.0914477 0.400177 -0.0469219 -0.0698488 -0.174477 0.123699 0.255874 0.0236898 -0.018292 0.00831847 0.0323079 
346.431 0.0200005 0.0149437 0.100988 -0.101704 1.61304 -0.0380976 0.00102286 0.0814822 0.00932707 0.00496683 0.0857009 -0.0968124 -0.0451695 -0.0184421 0.183095 0.0914469 0.400201 -0.0469199 -0.0698555 -0.174513 0.123726 0.25596 0.0237013 -0.0182916 0.00831603 0.0323122 
346.759 0.0200006 0.0149429 0.100986 -0.10171 1.61308 -0.0381028 0.00102002 0.0815063 0.0093212 0.00496767 0.0857145 -0.0968131 -0.0451727 -0.0184411 0.183111 0.0914461 0.400225 -0.046918 -0.0698621 -0.174549 0.123754 0.256046 0.0237128 -0.0182912 0.00831358 0.0323165 
347.081 0.0200008 0.0149422 0.100984 -0.101716 1.61312 -0.038108 0.00101717 0.0815305 0.00931534 0.0049685 0.0857281 -0.0968138 -0.045176 -0.01844 0.183128 0.0914453 0.400248 -0.046916 -0.0698688 -0.174585 0.123782 0.256132 0.0237243 -0.0182907 0.00831114 0.0323208 
347.401 0.0200009 0.0149414 0.100982 -0.101721 1.61315 -0.0381133 0.00101432 0.0815547 0.00930947 0.00496933 0.0857417 -0.0968146 -0.0451792 -0.0184389 0.183144 0.0914445 0.400272 -0.046914 -0.0698754 -0.174622 0.123809 0.256218 0.0237358 -0.0182903 0.0083087 0.0323251 
347.715 0.0200012 0.0149407 0.10098 -0.101727 1.61319 -0.0381185 0.00101148 0.0815788 0.00930361 0.00497016 0.0857553 -0.0968153 -0.0451825 -0.0184379 0.18316 0.0914437 0.400296 -0.0469121 -0.0698821 -0.174658 0.123837 0.256304 0.0237473 -0.0182899 0.00830625 0.0323294 
348.021 0.0200014 0.0149399 0.100978 -0.101732 1.61323 -0.0381237 0.00100863 0.081603 0.00929774 0.00497099 0.0857689 -0.0968161 -0.0451857 -0.0184368 0.183176 0.0914429 0.400319 -0.0469101 -0.0698887 -0.174694 0.123865 0.25639 0.0237588 -0.0182894 0.00830381 0.0323336 
348.322 0.0200017 0.0149392 0.100976 -0.101738 1.61327 -0.0381289 0.00100579 0.0816271 0.00929187 0.00497182 0.0857826 -0.0968168 -0.045189 -0.0184357 0.183193 0.0914421 0.400343 -0.0469082 -0.0698954 -0.17473 0.123892 0.256476 0.0237703 -0.018289 0.00830137 0.0323379 
348.617 0.020002 0.0149384 0.100973 -0.101743 1.61331 -0.0381341 0.00100294 0.0816513 0.00928601 0.00497265 0.0857962 -0.0968175 -0.0451922 -0.0184347 0.183209 0.0914413 0.400367 -0.0469062 -0.069902 -0.174766 0.12392 0.256562 0.0237818 -0.0182886 0.00829893 0.0323422 
348.907 0.0200023 0.0149377 0.100971 -0.101749 1.61335 -0.0381393 0.00100009 0.0816755 0.00928014 0.00497348 0.0858098 -0.0968183 -0.0451955 -0.0184336 0.183225 0.0914405 0.400391 -0.0469042 -0.0699086 -0.174803 0.123948 0.256648 0.0237933 -0.0182881 0.00829648 0.0323465 
349.191 0.0200027 0.0149369 0.100969 -0.101755 1.61339 -0.0381445 0.000997247 0.0816996 0.00927427 0.00497432 0.0858234 -0.096819 -0.0451987 -0.0184326 0.183241 0.0914397 0.400414 -0.0469023 -0.0699153 -0.174839 0.123975 0.256734 0.0238048 -0.0182877 0.00829404 0.0323508 
ng:9.09616e+06
step:0.342539
rho_limit:8036.29
d_min:20.0031
