#1 rho_s 
#2 coeffs 
29.7917 0.02 0 0 1.26 0 0 0 0 0 0 0 0 0 0 0 0 0 0 0 0 0 0 0 0 0 0 0 0 0 0 0 0 0 0 0 0 0 0 0 0 0 0 0 0 0 0 0 0 0 0 0 0 0 0 0 0 0 0 0 0 0 0 0 0 0 0 0 0 0 0 0 0 0 0 0 0 0 0 0 0 0 0 0 0 0 0 0 0 0 0 0 0 0 0 0 0 0 0 0 0 0 
34.9636 0.02 0 0 1.26799 0 0 0 0 0 0 0 0 0 0.00457028 0 0 0 0 0 0 0 0 0 0 0 0 0 0 0 0 0 0.00370448 0 0 0 0 0 0 0 0 0 0 0 0 0 0 0 0 0 0 0 0 0 0 0 0 0 0.00106378 0 0 0 0 0 0 0 0 0 0 0 0 0 0 0 0 0 0 0 0 0 0 0 0 0 0 0 0 0 0 0 0 0 0.000701438 0 0 0 0 0 0 0 0 0 
44.6943 0.02 0 0 1.26615 0 0 0 0 0 0 0 0 0 0.00242951 0 0 0 0 0 0 0 0 0 0 0 0 0 0 0 0 0 0.00294118 0 0 0 0 0 0 0 0 0 0 0 0 0 0 0 0 0 0 0 0 0 0 0 0 0 8.84206e-06 0 0 0 0 0 0 0 0 0 0 0 0 0 0 0 0 0 0 0 0 0 0 0 0 0 0 0 0 0 0 0 0 0 0.000748072 0 0 0 0 0 0 0 0 0 
40.1174 0.02 0 0 1.26385 0 0 0 0 0 0 0 0 0 -0.00031147 0 0 0 0 0 0 0 0 0 0 0 0 0 0 0 0 0 0.00193899 0 0 0 0 0 0 0 0 0 0 0 0 0 0 0 0 0 0 0 0 0 0 0 0 0 -0.0013813 0 0 0 0 0 0 0 0 0 0 0 0 0 0 0 0 0 0 0 0 0 0 0 0 0 0 0 0 0 0 0 0 0 0.000813816 0 0 0 0 0 0 0 0 0 
41.217 0.02 0 0 1.26456 0 0 0 0 0 0 0 0 0 -0.00095152 0 0 0 0 0 0 0 0 0 0 0 0 0 0 0 0 0 0.00229849 0 0 0 0 0 0 0 0 0 0 0 0 0 0 0 0 0 0 0 0 0 0 0 0 0 -0.00209162 0 0 0 0 0 0 0 0 0 0 0 0 0 0 0 0 0 0 0 0 0 0 0 0 0 0 0 0 0 0 0 0 0 0.00107199 0 0 0 0 0 0 0 0 0 
46.6782 0.02 0 0 1.26706 0 0 0 0 0 0 0 0 0 -0.000364218 0 0 0 0 0 0 0 0 0 0 0 0 0 0 0 0 0 0.0034628 0 0 0 0 0 0 0 0 0 0 0 0 0 0 0 0 0 0 0 0 0 0 0 0 0 -0.00241059 0 0 0 0 0 0 0 0 0 0 0 0 0 0 0 0 0 0 0 0 0 0 0 0 0 0 0 0 0 0 0 0 0 0.00144744 0 0 0 0 0 0 0 0 0 
43.0785 0.02 0 0 1.2696 0 0 0 0 0 0 0 0 0 9.21259e-05 0 0 0 0 0 0 0 0 0 0 0 0 0 0 0 0 0 0.00463342 0 0 0 0 0 0 0 0 0 0 0 0 0 0 0 0 0 0 0 0 0 0 0 0 0 -0.00284948 0 0 0 0 0 0 0 0 0 0 0 0 0 0 0 0 0 0 0 0 0 0 0 0 0 0 0 0 0 0 0 0 0 0.00185826 0 0 0 0 0 0 0 0 0 
45.1241 0.02 0 0 1.26988 0 0 0 0 0 0 0 0 0 -0.000984038 0 0 0 0 0 0 0 0 0 0 0 0 0 0 0 0 0 0.00478575 0 0 0 0 0 0 0 0 0 0 0 0 0 0 0 0 0 0 0 0 0 0 0 0 0 -0.00377541 0 0 0 0 0 0 0 0 0 0 0 0 0 0 0 0 0 0 0 0 0 0 0 0 0 0 0 0 0 0 0 0 0 0.00212627 0 0 0 0 0 0 0 0 0 
48.4559 0.02 0 0 1.26885 0 0 0 0 0 0 0 0 0 -0.00299479 0 0 0 0 0 0 0 0 0 0 0 0 0 0 0 0 0 0.00434028 0 0 0 0 0 0 0 0 0 0 0 0 0 0 0 0 0 0 0 0 0 0 0 0 0 -0.00501794 0 0 0 0 0 0 0 0 0 0 0 0 0 0 0 0 0 0 0 0 0 0 0 0 0 0 0 0 0 0 0 0 0 0.00232081 0 0 0 0 0 0 0 0 0 
46.476 0.02 0 0 1.26835 0 0 0 0 0 0 0 0 0 -0.00474017 0 0 0 0 0 0 0 0 0 0 0 0 0 0 0 0 0 0.00413352 0 0 0 0 0 0 0 0 0 0 0 0 0 0 0 0 0 0 0 0 0 0 0 0 0 -0.00622419 0 0 0 0 0 0 0 0 0 0 0 0 0 0 0 0 0 0 0 0 0 0 0 0 0 0 0 0 0 0 0 0 0 0.00257509 0 0 0 0 0 0 0 0 0 
47.471 0.02 0 0 1.26914 0 0 0 0 0 0 0 0 0 -0.00561694 0 0 0 0 0 0 0 0 0 0 0 0 0 0 0 0 0 0.00451437 0 0 0 0 0 0 0 0 0 0 0 0 0 0 0 0 0 0 0 0 0 0 0 0 0 -0.00715671 0 0 0 0 0 0 0 0 0 0 0 0 0 0 0 0 0 0 0 0 0 0 0 0 0 0 0 0 0 0 0 0 0 0.00291923 0 0 0 0 0 0 0 0 0 
50.6167 0.02 0 0 1.27094 0 0 0 0 0 0 0 0 0 -0.00581651 0 0 0 0 0 0 0 0 0 0 0 0 0 0 0 0 0 0.00536208 0 0 0 0 0 0 0 0 0 0 0 0 0 0 0 0 0 0 0 0 0 0 0 0 0 -0.00788054 0 0 0 0 0 0 0 0 0 0 0 0 0 0 0 0 0 0 0 0 0 0 0 0 0 0 0 0 0 0 0 0 0 0.00333825 0 0 0 0 0 0 0 0 0 
50.0886 0.02 0 0 1.27293 0 0 0 0 0 0 0 0 0 -0.00597247 0 0 0 0 0 0 0 0 0 0 0 0 0 0 0 0 0 0.00629877 0 0 0 0 0 0 0 0 0 0 0 0 0 0 0 0 0 0 0 0 0 0 0 0 0 -0.00863315 0 0 0 0 0 0 0 0 0 0 0 0 0 0 0 0 0 0 0 0 0 0 0 0 0 0 0 0 0 0 0 0 0 0.00379655 0 0 0 0 0 0 0 0 0 
50.3047 0.02 0 0 1.27387 0 0 0 0 0 0 0 0 0 -0.00688953 0 0 0 0 0 0 0 0 0 0 0 0 0 0 0 0 0 0.00676178 0 0 0 0 0 0 0 0 0 0 0 0 0 0 0 0 0 0 0 0 0 0 0 0 0 -0.00965448 0 0 0 0 0 0 0 0 0 0 0 0 0 0 0 0 0 0 0 0 0 0 0 0 0 0 0 0 0 0 0 0 0 0.00420833 0 0 0 0 0 0 0 0 0 
53.1662 0.02 0 0 1.27376 0 0 0 0 0 0 0 0 0 -0.00855056 0 0 0 0 0 0 0 0 0 0 0 0 0 0 0 0 0 0.00674738 0 0 0 0 0 0 0 0 0 0 0 0 0 0 0 0 0 0 0 0 0 0 0 0 0 -0.0109278 0 0 0 0 0 0 0 0 0 0 0 0 0 0 0 0 0 0 0 0 0 0 0 0 0 0 0 0 0 0 0 0 0 0.00456876 0 0 0 0 0 0 0 0 0 
53.3438 0.02 0 0 1.27353 0 0 0 0 0 0 0 0 0 -0.0103771 0 0 0 0 0 0 0 0 0 0 0 0 0 0 0 0 0 0.00668225 0 0 0 0 0 0 0 0 0 0 0 0 0 0 0 0 0 0 0 0 0 0 0 0 0 -0.0122945 0 0 0 0 0 0 0 0 0 0 0 0 0 0 0 0 0 0 0 0 0 0 0 0 0 0 0 0 0 0 0 0 0 0.00495164 0 0 0 0 0 0 0 0 0 
53.5876 0.02 0 0 1.27406 0 0 0 0 0 0 0 0 0 -0.0117331 0 0 0 0 0 0 0 0 0 0 0 0 0 0 0 0 0 0.00697661 0 0 0 0 0 0 0 0 0 0 0 0 0 0 0 0 0 0 0 0 0 0 0 0 0 -0.0135347 0 0 0 0 0 0 0 0 0 0 0 0 0 0 0 0 0 0 0 0 0 0 0 0 0 0 0 0 0 0 0 0 0 0.00540505 0 0 0 0 0 0 0 0 0 
55.8966 0.02 0 0 1.27546 0 0 0 0 0 0 0 0 0 -0.0125334 0 0 0 0 0 0 0 0 0 0 0 0 0 0 0 0 0 0.0076766 0 0 0 0 0 0 0 0 0 0 0 0 0 0 0 0 0 0 0 0 0 0 0 0 0 -0.0146112 0 0 0 0 0 0 0 0 0 0 0 0 0 0 0 0 0 0 0 0 0 0 0 0 0 0 0 0 0 0 0 0 0 0.00593006 0 0 0 0 0 0 0 0 0 
57.0952 0.02 0 0 1.27727 0 0 0 0 0 0 0 0 0 -0.0131241 0 0 0 0 0 0 0 0 0 0 0 0 0 0 0 0 0 0.00857452 0 0 0 0 0 0 0 0 0 0 0 0 0 0 0 0 0 0 0 0 0 0 0 0 0 -0.0156535 0 0 0 0 0 0 0 0 0 0 0 0 0 0 0 0 0 0 0 0 0 0 0 0 0 0 0 0 0 0 0 0 0 0.00651043 0 0 0 0 0 0 0 0 0 
57.3166 0.02 0 0 1.27859 0 0 0 0 0 0 0 0 0 -0.0141133 0 0 0 0 0 0 0 0 0 0 0 0 0 0 0 0 0 0.00926239 0 0 0 0 0 0 0 0 0 0 0 0 0 0 0 0 0 0 0 0 0 0 0 0 0 -0.0168593 0 0 0 0 0 0 0 0 0 0 0 0 0 0 0 0 0 0 0 0 0 0 0 0 0 0 0 0 0 0 0 0 0 0.00709628 0 0 0 0 0 0 0 0 0 
59.5756 0.02 0 0 1.27905 0 0 0 0 0 0 0 0 0 -0.015727 0 0 0 0 0 0 0 0 0 0 0 0 0 0 0 0 0 0.00956152 0 0 0 0 0 0 0 0 0 0 0 0 0 0 0 0 0 0 0 0 0 0 0 0 0 -0.0182836 0 0 0 0 0 0 0 0 0 0 0 0 0 0 0 0 0 0 0 0 0 0 0 0 0 0 0 0 0 0 0 0 0 0.007656 0 0 0 0 0 0 0 0 0 
61.0005 0.02 0 0 1.27917 0 0 0 0 0 0 0 0 0 -0.0176424 0 0 0 0 0 0 0 0 0 0 0 0 0 0 0 0 0 0.0097183 0 0 0 0 0 0 0 0 0 0 0 0 0 0 0 0 0 0 0 0 0 0 0 0 0 -0.0198399 0 0 0 0 0 0 0 0 0 0 0 0 0 0 0 0 0 0 0 0 0 0 0 0 0 0 0 0 0 0 0 0 0 0.00823348 0 0 0 0 0 0 0 0 0 
61.7658 0.02 0 0 1.27975 0 0 0 0 0 0 0 0 0 -0.0193221 0 0 0 0 0 0 0 0 0 0 0 0 0 0 0 0 0 0.0101058 0 0 0 0 0 0 0 0 0 0 0 0 0 0 0 0 0 0 0 0 0 0 0 0 0 -0.0213589 0 0 0 0 0 0 0 0 0 0 0 0 0 0 0 0 0 0 0 0 0 0 0 0 0 0 0 0 0 0 0 0 0 0.00887786 0 0 0 0 0 0 0 0 0 
63.946 0.02 0 0 1.28106 0 0 0 0 0 0 0 0 0 -0.0205703 0 0 0 0 0 0 0 0 0 0 0 0 0 0 0 0 0 0.0108464 0 0 0 0 0 0 0 0 0 0 0 0 0 0 0 0 0 0 0 0 0 0 0 0 0 -0.0227693 0 0 0 0 0 0 0 0 0 0 0 0 0 0 0 0 0 0 0 0 0 0 0 0 0 0 0 0 0 0 0 0 0 0.00959853 0 0 0 0 0 0 0 0 0 
65.7855 0.02 0 0 1.28277 0 0 0 0 0 0 0 0 0 -0.021627 0 0 0 0 0 0 0 0 0 0 0 0 0 0 0 0 0 0.0117937 0 0 0 0 0 0 0 0 0 0 0 0 0 0 0 0 0 0 0 0 0 0 0 0 0 -0.0241583 0 0 0 0 0 0 0 0 0 0 0 0 0 0 0 0 0 0 0 0 0 0 0 0 0 0 0 0 0 0 0 0 0 0.0103867 0 0 0 0 0 0 0 0 0 
66.961 0.02 0 0 1.28417 0 0 0 0 0 0 0 0 0 -0.0229818 0 0 0 0 0 0 0 0 0 0 0 0 0 0 0 0 0 0.0126156 0 0 0 0 0 0 0 0 0 0 0 0 0 0 0 0 0 0 0 0 0 0 0 0 0 -0.0256832 0 0 0 0 0 0 0 0 0 0 0 0 0 0 0 0 0 0 0 0 0 0 0 0 0 0 0 0 0 0 0 0 0 0.0112075 0 0 0 0 0 0 0 0 0 
69.0245 0.02 0 0 1.28487 0 0 0 0 0 0 0 0 0 -0.0248562 0 0 0 0 0 0 0 0 0 0 0 0 0 0 0 0 0 0.0131394 0 0 0 0 0 0 0 0 0 0 0 0 0 0 0 0 0 0 0 0 0 0 0 0 0 -0.0273999 0 0 0 0 0 0 0 0 0 0 0 0 0 0 0 0 0 0 0 0 0 0 0 0 0 0 0 0 0 0 0 0 0 0.0120342 0 0 0 0 0 0 0 0 0 
70.2054 0.02 0 0 1.28545 0 0 0 0 0 0 0 0 0 -0.0268958 0 0 0 0 0 0 0 0 0 0 0 0 0 0 0 0 0 0.0136367 0 0 0 0 0 0 0 0 0 0 0 0 0 0 0 0 0 0 0 0 0 0 0 0 0 -0.0292125 0 0 0 0 0 0 0 0 0 0 0 0 0 0 0 0 0 0 0 0 0 0 0 0 0 0 0 0 0 0 0 0 0 0.0129089 0 0 0 0 0 0 0 0 0 
72.1987 0.02 0 0 1.28645 0 0 0 0 0 0 0 0 0 -0.0287589 0 0 0 0 0 0 0 0 0 0 0 0 0 0 0 0 0 0.0143475 0 0 0 0 0 0 0 0 0 0 0 0 0 0 0 0 0 0 0 0 0 0 0 0 0 -0.0310145 0 0 0 0 0 0 0 0 0 0 0 0 0 0 0 0 0 0 0 0 0 0 0 0 0 0 0 0 0 0 0 0 0 0.0138583 0 0 0 0 0 0 0 0 0 
74.8131 0.02 0 0 1.28792 0 0 0 0 0 0 0 0 0 -0.0303973 0 0 0 0 0 0 0 0 0 0 0 0 0 0 0 0 0 0.015309 0 0 0 0 0 0 0 0 0 0 0 0 0 0 0 0 0 0 0 0 0 0 0 0 0 -0.0327923 0 0 0 0 0 0 0 0 0 0 0 0 0 0 0 0 0 0 0 0 0 0 0 0 0 0 0 0 0 0 0 0 0 0.0148884 0 0 0 0 0 0 0 0 0 
77.1182 0.02 0 0 1.28948 0 0 0 0 0 0 0 0 0 -0.0320771 0 0 0 0 0 0 0 0 0 0 0 0 0 0 0 0 0 0.0163484 0 0 0 0 0 0 0 0 0 0 0 0 0 0 0 0 0 0 0 0 0 0 0 0 0 -0.0346348 0 0 0 0 0 0 0 0 0 0 0 0 0 0 0 0 0 0 0 0 0 0 0 0 0 0 0 0 0 0 0 0 0 0.0159899 0 0 0 0 0 0 0 0 0 
79.8251 0.02 0 0 1.29066 0 0 0 0 0 0 0 0 0 -0.0341014 0 0 0 0 0 0 0 0 0 0 0 0 0 0 0 0 0 0.0172453 0 0 0 0 0 0 0 0 0 0 0 0 0 0 0 0 0 0 0 0 0 0 0 0 0 -0.0366278 0 0 0 0 0 0 0 0 0 0 0 0 0 0 0 0 0 0 0 0 0 0 0 0 0 0 0 0 0 0 0 0 0 0.0171395 0 0 0 0 0 0 0 0 0 
83.0224 0.02 0 0 1.29147 0 0 0 0 0 0 0 0 0 -0.0364596 0 0 0 0 0 0 0 0 0 0 0 0 0 0 0 0 0 0.0180132 0 0 0 0 0 0 0 0 0 0 0 0 0 0 0 0 0 0 0 0 0 0 0 0 0 -0.0387699 0 0 0 0 0 0 0 0 0 0 0 0 0 0 0 0 0 0 0 0 0 0 0 0 0 0 0 0 0 0 0 0 0 0.0183439 0 0 0 0 0 0 0 0 0 
86.107 0.02 0 0 1.29239 0 0 0 0 0 0 0 0 0 -0.0388683 0 0 0 0 0 0 0 0 0 0 0 0 0 0 0 0 0 0.0188793 0 0 0 0 0 0 0 0 0 0 0 0 0 0 0 0 0 0 0 0 0 0 0 0 0 -0.0409912 0 0 0 0 0 0 0 0 0 0 0 0 0 0 0 0 0 0 0 0 0 0 0 0 0 0 0 0 0 0 0 0 0 0.0196397 0 0 0 0 0 0 0 0 0 
89.8134 0.02 0 0 1.29375 0 0 0 0 0 0 0 0 0 -0.0411282 0 0 0 0 0 0 0 0 0 0 0 0 0 0 0 0 0 0.0199951 0 0 0 0 0 0 0 0 0 0 0 0 0 0 0 0 0 0 0 0 0 0 0 0 0 -0.0432383 0 0 0 0 0 0 0 0 0 0 0 0 0 0 0 0 0 0 0 0 0 0 0 0 0 0 0 0 0 0 0 0 0 0.0210465 0 0 0 0 0 0 0 0 0 
93.8059 0.02 0 0 1.29536 0 0 0 0 0 0 0 0 0 -0.0433543 0 0 0 0 0 0 0 0 0 0 0 0 0 0 0 0 0 0.0212924 0 0 0 0 0 0 0 0 0 0 0 0 0 0 0 0 0 0 0 0 0 0 0 0 0 -0.0455513 0 0 0 0 0 0 0 0 0 0 0 0 0 0 0 0 0 0 0 0 0 0 0 0 0 0 0 0 0 0 0 0 0 0.0225673 0 0 0 0 0 0 0 0 0 
98.0539 0.02 0 0 1.29679 0 0 0 0 0 0 0 0 0 -0.0458349 0 0 0 0 0 0 0 0 0 0 0 0 0 0 0 0 0 0.0225656 0 0 0 0 0 0 0 0 0 0 0 0 0 0 0 0 0 0 0 0 0 0 0 0 0 -0.0480105 0 0 0 0 0 0 0 0 0 0 0 0 0 0 0 0 0 0 0 0 0 0 0 0 0 0 0 0 0 0 0 0 0 0.0241885 0 0 0 0 0 0 0 0 0 
103.137 0.02 0 0 1.29782 0 0 0 0 0 0 0 0 0 -0.0486812 0 0 0 0 0 0 0 0 0 0 0 0 0 0 0 0 0 0.0237319 0 0 0 0 0 0 0 0 0 0 0 0 0 0 0 0 0 0 0 0 0 0 0 0 0 -0.0506425 0 0 0 0 0 0 0 0 0 0 0 0 0 0 0 0 0 0 0 0 0 0 0 0 0 0 0 0 0 0 0 0 0 0.0259056 0 0 0 0 0 0 0 0 0 
108.585 0.02 0 0 1.2988 0 0 0 0 0 0 0 0 0 -0.0517188 0 0 0 0 0 0 0 0 0 0 0 0 0 0 0 0 0 0.0249527 0 0 0 0 0 0 0 0 0 0 0 0 0 0 0 0 0 0 0 0 0 0 0 0 0 -0.0534184 0 0 0 0 0 0 0 0 0 0 0 0 0 0 0 0 0 0 0 0 0 0 0 0 0 0 0 0 0 0 0 0 0 0.0277535 0 0 0 0 0 0 0 0 0 
124.34 0.02 0 0 1.30008 0 0 0 0 0 0 0 0 0 -0.0547476 0 0 0 0 0 0 0 0 0 0 0 0 0 0 0 0 0 0.026404 0 0 0 0 0 0 0 0 0 0 0 0 0 0 0 0 0 0 0 0 0 0 0 0 0 -0.0563015 0 0 0 0 0 0 0 0 0 0 0 0 0 0 0 0 0 0 0 0 0 0 0 0 0 0 0 0 0 0 0 0 0 0.029764 0 0 0 0 0 0 0 0 0 
130.146 0.02 0 0 1.30161 0 0 0 0 0 0 0 0 0 -0.0578639 0 0 0 0 0 0 0 0 0 0 0 0 0 0 0 0 0 0.0281097 0 0 0 0 0 0 0 0 0 0 0 0 0 0 0 0 0 0 0 0 0 0 0 0 0 -0.0593708 0 0 0 0 0 0 0 0 0 0 0 0 0 0 0 0 0 0 0 0 0 0 0 0 0 0 0 0 0 0 0 0 0 0.0320033 0 0 0 0 0 0 0 0 0 
139.302 0.02 0 0 1.30309 0 0 0 0 0 0 0 0 0 -0.0612333 0 0 0 0 0 0 0 0 0 0 0 0 0 0 0 0 0 0.029935 0 0 0 0 0 0 0 0 0 0 0 0 0 0 0 0 0 0 0 0 0 0 0 0 0 -0.0626577 0 0 0 0 0 0 0 0 0 0 0 0 0 0 0 0 0 0 0 0 0 0 0 0 0 0 0 0 0 0 0 0 0 0.0344578 0 0 0 0 0 0 0 0 0 
150.206 0.02 0 0 1.30414 0 0 0 0 0 0 0 0 0 -0.0650445 0 0 0 0 0 0 0 0 0 0 0 0 0 0 0 0 0 0.031718 0 0 0 0 0 0 0 0 0 0 0 0 0 0 0 0 0 0 0 0 0 0 0 0 0 -0.0661916 0 0 0 0 0 0 0 0 0 0 0 0 0 0 0 0 0 0 0 0 0 0 0 0 0 0 0 0 0 0 0 0 0 0.0371138 0 0 0 0 0 0 0 0 0 
162.909 0.02 0 0 1.3049 0 0 0 0 0 0 0 0 0 -0.0692369 0 0 0 0 0 0 0 0 0 0 0 0 0 0 0 0 0 0.0335379 0 0 0 0 0 0 0 0 0 0 0 0 0 0 0 0 0 0 0 0 0 0 0 0 0 -0.0699748 0 0 0 0 0 0 0 0 0 0 0 0 0 0 0 0 0 0 0 0 0 0 0 0 0 0 0 0 0 0 0 0 0 0.0400037 0 0 0 0 0 0 0 0 0 
177.525 0.02 0 0 1.30569 0 0 0 0 0 0 0 0 0 -0.0736626 0 0 0 0 0 0 0 0 0 0 0 0 0 0 0 0 0 0.0355679 0 0 0 0 0 0 0 0 0 0 0 0 0 0 0 0 0 0 0 0 0 0 0 0 0 -0.0740099 0 0 0 0 0 0 0 0 0 0 0 0 0 0 0 0 0 0 0 0 0 0 0 0 0 0 0 0 0 0 0 0 0 0.0431819 0 0 0 0 0 0 0 0 0 
194.254 0.02 0 0 1.30653 0 0 0 0 0 0 0 0 0 -0.0783158 0 0 0 0 0 0 0 0 0 0 0 0 0 0 0 0 0 0.0378356 0 0 0 0 0 0 0 0 0 0 0 0 0 0 0 0 0 0 0 0 0 0 0 0 0 -0.0783083 0 0 0 0 0 0 0 0 0 0 0 0 0 0 0 0 0 0 0 0 0 0 0 0 0 0 0 0 0 0 0 0 0 0.0466743 0 0 0 0 0 0 0 0 0 
212.749 0.02 0 0 1.30709 0 0 0 0 0 0 0 0 0 -0.0833213 0 0 0 0 0 0 0 0 0 0 0 0 0 0 0 0 0 0.0401992 0 0 0 0 0 0 0 0 0 0 0 0 0 0 0 0 0 0 0 0 0 0 0 0 0 -0.0828628 0 0 0 0 0 0 0 0 0 0 0 0 0 0 0 0 0 0 0 0 0 0 0 0 0 0 0 0 0 0 0 0 0 0.050461 0 0 0 0 0 0 0 0 0 
236.629 0.02 0 0 1.30699 0 0 0 0 0 0 0 0 0 -0.0887579 0 0 0 0 0 0 0 0 0 0 0 0 0 0 0 0 0 0.0424807 0 0 0 0 0 0 0 0 0 0 0 0 0 0 0 0 0 0 0 0 0 0 0 0 0 -0.0876105 0 0 0 0 0 0 0 0 0 0 0 0 0 0 0 0 0 0 0 0 0 0 0 0 0 0 0 0 0 0 0 0 0 0.0544786 0 0 0 0 0 0 0 0 0 
249.404 0.02 0 0 1.30543 0 0 0 0 0 0 0 0 0 -0.0945703 0 0 0 0 0 0 0 0 0 0 0 0 0 0 0 0 0 0.0441313 0 0 0 0 0 0 0 0 0 0 0 0 0 0 0 0 0 0 0 0 0 0 0 0 0 -0.0921549 0 0 0 0 0 0 0 0 0 0 0 0 0 0 0 0 0 0 0 0 0 0 0 0 0 0 0 0 0 0 0 0 0 0.0583188 0 0 0 0 0 0 0 0 0 
258.793 0.02 0 0 1.30321 0 0 0 0 0 0 0 0 0 -0.100506 0 0 0 0 0 0 0 0 0 0 0 0 0 0 0 0 0 0.0454967 0 0 0 0 0 0 0 0 0 0 0 0 0 0 0 0 0 0 0 0 0 0 0 0 0 -0.0965417 0 0 0 0 0 0 0 0 0 0 0 0 0 0 0 0 0 0 0 0 0 0 0 0 0 0 0 0 0 0 0 0 0 0.0620422 0 0 0 0 0 0 0 0 0 
261.375 0.02 0 0 1.30049 0 0 0 0 0 0 0 0 0 -0.106349 0 0 0 0 0 0 0 0 0 0 0 0 0 0 0 0 0 0.0465869 0 0 0 0 0 0 0 0 0 0 0 0 0 0 0 0 0 0 0 0 0 0 0 0 0 -0.100584 0 0 0 0 0 0 0 0 0 0 0 0 0 0 0 0 0 0 0 0 0 0 0 0 0 0 0 0 0 0 0 0 0 0.0654829 0 0 0 0 0 0 0 0 0 
259.683 0.02 0 0 1.29736 0 0 0 0 0 0 0 0 0 -0.111919 0 0 0 0 0 0 0 0 0 0 0 0 0 0 0 0 0 0.0474179 0 0 0 0 0 0 0 0 0 0 0 0 0 0 0 0 0 0 0 0 0 0 0 0 0 -0.104102 0 0 0 0 0 0 0 0 0 0 0 0 0 0 0 0 0 0 0 0 0 0 0 0 0 0 0 0 0 0 0 0 0 0.0685028 0 0 0 0 0 0 0 0 0 
256.229 0.02 0 0 1.29391 0 0 0 0 0 0 0 0 0 -0.117102 0 0 0 0 0 0 0 0 0 0 0 0 0 0 0 0 0 0.0479702 0 0 0 0 0 0 0 0 0 0 0 0 0 0 0 0 0 0 0 0 0 0 0 0 0 -0.107046 0 0 0 0 0 0 0 0 0 0 0 0 0 0 0 0 0 0 0 0 0 0 0 0 0 0 0 0 0 0 0 0 0 0.0710423 0 0 0 0 0 0 0 0 0 
252.723 0.02 0 0 1.29026 0 0 0 0 0 0 0 0 0 -0.121843 0 0 0 0 0 0 0 0 0 0 0 0 0 0 0 0 0 0.0482547 0 0 0 0 0 0 0 0 0 0 0 0 0 0 0 0 0 0 0 0 0 0 0 0 0 -0.109429 0 0 0 0 0 0 0 0 0 0 0 0 0 0 0 0 0 0 0 0 0 0 0 0 0 0 0 0 0 0 0 0 0 0.0730996 0 0 0 0 0 0 0 0 0 
324.007 0.02 0 0 1.28652 0 0 0 0 0 0 0 0 0 -0.126133 0 0 0 0 0 0 0 0 0 0 0 0 0 0 0 0 0 0.0483149 0 0 0 0 0 0 0 0 0 0 0 0 0 0 0 0 0 0 0 0 0 0 0 0 0 -0.111303 0 0 0 0 0 0 0 0 0 0 0 0 0 0 0 0 0 0 0 0 0 0 0 0 0 0 0 0 0 0 0 0 0 0.0747163 0 0 0 0 0 0 0 0 0 
309.828 0.02 0 0 1.28309 0 0 0 0 0 0 0 0 0 -0.130355 0 0 0 0 0 0 0 0 0 0 0 0 0 0 0 0 0 0.0487448 0 0 0 0 0 0 0 0 0 0 0 0 0 0 0 0 0 0 0 0 0 0 0 0 0 -0.11335 0 0 0 0 0 0 0 0 0 0 0 0 0 0 0 0 0 0 0 0 0 0 0 0 0 0 0 0 0 0 0 0 0 0.0766434 0 0 0 0 0 0 0 0 0 
309.484 0.02 0 0 1.27948 0 0 0 0 0 0 0 0 0 -0.134157 0 0 0 0 0 0 0 0 0 0 0 0 0 0 0 0 0 0.048989 0 0 0 0 0 0 0 0 0 0 0 0 0 0 0 0 0 0 0 0 0 0 0 0 0 -0.114938 0 0 0 0 0 0 0 0 0 0 0 0 0 0 0 0 0 0 0 0 0 0 0 0 0 0 0 0 0 0 0 0 0 0.0782259 0 0 0 0 0 0 0 0 0 
310.273 0.02 0 0 1.27568 0 0 0 0 0 0 0 0 0 -0.137485 0 0 0 0 0 0 0 0 0 0 0 0 0 0 0 0 0 0.0489915 0 0 0 0 0 0 0 0 0 0 0 0 0 0 0 0 0 0 0 0 0 0 0 0 0 -0.116003 0 0 0 0 0 0 0 0 0 0 0 0 0 0 0 0 0 0 0 0 0 0 0 0 0 0 0 0 0 0 0 0 0 0.0793877 0 0 0 0 0 0 0 0 0 
311.994 0.02 0 0 1.27172 0 0 0 0 0 0 0 0 0 -0.140336 0 0 0 0 0 0 0 0 0 0 0 0 0 0 0 0 0 0.0487577 0 0 0 0 0 0 0 0 0 0 0 0 0 0 0 0 0 0 0 0 0 0 0 0 0 -0.116558 0 0 0 0 0 0 0 0 0 0 0 0 0 0 0 0 0 0 0 0 0 0 0 0 0 0 0 0 0 0 0 0 0 0.0801219 0 0 0 0 0 0 0 0 0 
313.987 0.02 0 0 1.26772 0 0 0 0 0 0 0 0 0 -0.14278 0 0 0 0 0 0 0 0 0 0 0 0 0 0 0 0 0 0.0483661 0 0 0 0 0 0 0 0 0 0 0 0 0 0 0 0 0 0 0 0 0 0 0 0 0 -0.116711 0 0 0 0 0 0 0 0 0 0 0 0 0 0 0 0 0 0 0 0 0 0 0 0 0 0 0 0 0 0 0 0 0 0.0805186 0 0 0 0 0 0 0 0 0 
315.461 0.02 0 0 1.26382 0 0 0 0 0 0 0 0 0 -0.144933 0 0 0 0 0 0 0 0 0 0 0 0 0 0 0 0 0 0.0479468 0 0 0 0 0 0 0 0 0 0 0 0 0 0 0 0 0 0 0 0 0 0 0 0 0 -0.116644 0 0 0 0 0 0 0 0 0 0 0 0 0 0 0 0 0 0 0 0 0 0 0 0 0 0 0 0 0 0 0 0 0 0.0807406 0 0 0 0 0 0 0 0 0 
316.178 0.02 0 0 1.26014 0 0 0 0 0 0 0 0 0 -0.146926 0 0 0 0 0 0 0 0 0 0 0 0 0 0 0 0 0 0.0476428 0 0 0 0 0 0 0 0 0 0 0 0 0 0 0 0 0 0 0 0 0 0 0 0 0 -0.116556 0 0 0 0 0 0 0 0 0 0 0 0 0 0 0 0 0 0 0 0 0 0 0 0 0 0 0 0 0 0 0 0 0 0.0809744 0 0 0 0 0 0 0 0 0 
316.507 0.02 0 0 1.25681 0 0 0 0 0 0 0 0 0 -0.148865 0 0 0 0 0 0 0 0 0 0 0 0 0 0 0 0 0 0.0475639 0 0 0 0 0 0 0 0 0 0 0 0 0 0 0 0 0 0 0 0 0 0 0 0 0 -0.116604 0 0 0 0 0 0 0 0 0 0 0 0 0 0 0 0 0 0 0 0 0 0 0 0 0 0 0 0 0 0 0 0 0 0.0813685 0 0 0 0 0 0 0 0 0 
316.852 0.02 0 0 1.25385 0 0 0 0 0 0 0 0 0 -0.150799 0 0 0 0 0 0 0 0 0 0 0 0 0 0 0 0 0 0.0477505 0 0 0 0 0 0 0 0 0 0 0 0 0 0 0 0 0 0 0 0 0 0 0 0 0 -0.116857 0 0 0 0 0 0 0 0 0 0 0 0 0 0 0 0 0 0 0 0 0 0 0 0 0 0 0 0 0 0 0 0 0 0.0819858 0 0 0 0 0 0 0 0 0 
