#1 rho_s 
#2 coeffs 
Epsilon: -8.51618 + 7.59123i
1.48707 17 0.05 0 1 0 0 0 0 0 0 0 0 0 0 0 0 0 0 0.00175213 1.6994 0.00124475 8.91833e-05 -0.00315263 0.000123351 -0.000246355 -0.00205209 -0.00111252 -0.208691 -0.00100923 0.159915 -0.00343908 0.00174332 -0.00187295 0.000757717 
3.09178 17 0.05 0 2 0.00495437 0.000356606 0 0 0 0 0 -0.150575 -0.00100719 0.122996 -0.00341563 0.00173727 -0.00186596 0.000756571 0.0464533 9.77371 0.179335 0.0359751 -0.0620558 -0.00122067 -0.0398384 0.067928 0.00535376 5.63643 0.165173 -4.08766 -0.300966 0.0395066 -0.0912251 0.0187935 
4.0765 17 0.05 0 2 1.19153 0.653222 0 0 0 0 0 0.724803 0.466804 -0.732349 -0.569662 0.234372 -0.368184 0.139999 0.344808 0.617656 2.41253 0.461847 0.16209 0.0266443 -0.118368 -0.204303 -0.285419 1.90835 -1.61068 -0.699992 -2.77742 0.964796 0.265141 -0.0838048 
1.55031 17 0.05 0 2 2 1.39009 0 0 0 0 0 1 0.00326592 -1 -1 0.610221 -0.189381 0.0678503 0.295514 0.487167 -0.585906 0.145279 -0.168092 0.108296 0.286962 -0.2078 0.222956 0.493869 0.882151 -0.193329 -0.0774792 0.270429 0.34728 0.171568 
1.87406 17 0.05 0 2 1.71646 0.810114 0 0 0 0 0 0.865662 0.343117 -0.793985 -0.754306 0.315782 -0.342989 0.131756 -0.445769 -2.32674 -2.75337 0.61205 -0.150136 -0.310087 0.00757883 -0.0213043 0.00662321 -2.04581 -1.08483 0.747758 2.78086 0.925726 0.49325 -1.53339 
3.33577 17 0.05 0 2 1.33619 0.684405 0 0 0 0 0 0.756001 0.440221 -0.744253 -0.613858 0.250635 -0.363607 0.138543 -0.417705 -0.303232 1.98932 -1.83489 0.342115 0.0461195 0.570455 -0.0386706 -0.158344 0.0759807 -0.53632 -1.33724 -2.64448 -1.41026 0.227278 0.975899 
3.05736 17 0.05 0 2 1.22231 0.659262 0 0 0 0 0 0.731003 0.461561 -0.734641 -0.578635 0.237526 -0.367313 0.139723 -0.740077 -1.82539 0.790173 0.390542 0.823601 0.0310584 0.366494 1.45707 0.237622 0.148501 -1.11911 -0.435624 -0.261398 1.09149 0.947399 -0.409053 
3.48714 17 0.05 0 2 1.1947 0.65383 0 0 0 0 0 0.72543 0.466275 -0.732579 -0.570574 0.234689 -0.368096 0.139971 -0.318019 0.192095 2.2811 0.362181 0.0927769 0.20369 0.111359 0.298062 0.216109 1.6115 -1.53021 -0.913859 -2.28042 0.852398 0.34815 -0.0801406 
2.80277 17 0.05 0 2 1.19185 0.653283 0 0 0 0 0 0.724865 0.466751 -0.732372 -0.569753 0.234404 -0.368175 0.139996 1.42448 0.516322 0.928146 0.349737 -0.142178 -0.353974 -0.755926 -0.743908 -0.294112 1.54541 -1.05279 -0.340149 -1.47722 0.128756 -0.200395 -0.422927 
3.64136 17 0.05 0 2 1.19156 0.653228 0 0 0 0 0 0.724809 0.466799 -0.732351 -0.569671 0.234375 -0.368183 0.139998 -0.192536 0.304238 2.57451 0.0538613 -0.269712 0.0548379 0.186068 -0.0975408 -0.0888477 1.59647 -1.96816 -0.879993 -2.74346 0.883425 0.580356 0.309132 
3.58103 17 0.05 0 2 1.19154 0.653223 0 0 0 0 0 0.724803 0.466804 -0.732349 -0.569662 0.234372 -0.368183 0.139999 -0.213255 0.122563 2.20752 0.118549 -0.0263738 0.23477 -0.0737664 0.200644 0.035703 1.23578 -2.1695 -0.672942 -2.94051 0.887662 0.676824 0.0261315 
3.9959 17 0.05 0 2 1.19153 0.653222 0 0 0 0 0 0.724803 0.466804 -0.732349 -0.569662 0.234372 -0.368183 0.139999 -0.515041 0.635592 1.9024 0.382388 -0.207356 0.625306 0.105689 0.147141 0.0380876 1.80538 -2.1811 -0.260453 -2.18003 1.29516 0.744987 0.112516 
3.51024 17 0.05 0 2 1.19153 0.653222 0 0 0 0 0 0.724803 0.466804 -0.732349 -0.569662 0.234372 -0.368184 0.139999 0.0616289 -0.150356 2.63428 -0.0226885 -0.0958942 -0.2714 -0.0803049 -0.0376137 0.256028 1.5795 -1.94169 -1.09602 -2.83611 0.903799 0.39472 0.209292 
3.84936 17 0.05 0 2 1.19153 0.653222 0 0 0 0 0 0.724803 0.466804 -0.732349 -0.569662 0.234372 -0.368184 0.139999 0.0592575 -0.00392212 2.37829 0.376233 0.162622 -0.0893932 0.0344242 0.149083 0.0301872 1.43073 -1.79014 -0.792183 -2.91369 1.22937 0.608009 -0.000187076 
3.7426 17 0.05 0 2 1.19153 0.653222 0 0 0 0 0 0.724803 0.466804 -0.732349 -0.569662 0.234372 -0.368184 0.139999 0.473899 1.11526 1.71537 0.601508 0.822176 -0.449246 -0.00868708 0.301421 0.0708382 2.11545 -2.08055 -0.362689 -1.58485 0.798339 0.278283 -0.114042 
3.73865 17 0.05 0 2 1.19153 0.653222 0 0 0 0 0 0.724803 0.466804 -0.732349 -0.569662 0.234372 -0.368184 0.139999 -0.518206 0.557327 1.47526 0.572413 0.0573849 0.0775819 0.0983048 0.484019 0.266756 1.30921 -1.93784 -0.149742 -2.3617 1.22377 0.994788 -0.0278248 
4.02098 17 0.05 0 2 1.19153 0.653222 0 0 0 0 0 0.724803 0.466804 -0.732349 -0.569662 0.234372 -0.368184 0.139999 0.158379 0.636779 2.38419 0.519898 -0.0437378 0.306258 -0.290639 -0.135806 0.015676 1.88113 -1.66386 -0.765099 -2.8402 0.808931 0.353407 -0.0605376 
3.84876 17 0.05 0 2 1.19153 0.653222 0 0 0 0 0 0.724803 0.466804 -0.732349 -0.569662 0.234372 -0.368184 0.139999 -0.146351 -0.0437279 3.11602 -0.14154 -0.613779 0.471927 0.407806 -0.152971 0.566148 2.12294 -1.2718 -0.959159 -3.65798 0.945333 -0.537562 -0.00622947 
3.31245 17 0.05 0 2 1.19153 0.653222 0 0 0 0 0 0.724803 0.466804 -0.732349 -0.569662 0.234372 -0.368184 0.139999 -0.196209 -0.459587 2.6608 0.00991883 0.143132 0.0640167 0.14384 -0.13047 -0.300113 1.59259 -1.60099 -1.26216 -3.12222 0.529191 0.271887 0.413901 
3.89502 17 0.05 0 2 1.19153 0.653222 0 0 0 0 0 0.724803 0.466804 -0.732349 -0.569662 0.234372 -0.368184 0.139999 -0.333489 0.769008 1.71472 0.635026 0.218122 0.151491 0.0114878 0.390021 -0.0042015 1.51367 -1.72962 -0.160531 -2.29462 1.30486 0.835416 0.0776398 
3.90583 17 0.05 0 2 1.19153 0.653222 0 0 0 0 0 0.724803 0.466804 -0.732349 -0.569662 0.234372 -0.368184 0.139999 -0.422958 0.643311 1.74601 0.476154 -0.183642 0.26866 0.0590943 -0.22485 0.102406 1.61916 -2.04045 -0.364952 -2.57974 1.22105 0.852842 0.165251 
3.3754 17 0.05 0 2 1.19153 0.653222 0 0 0 0 0 0.724803 0.466804 -0.732349 -0.569662 0.234372 -0.368184 0.139999 -0.19876 0.0301423 1.48192 0.118347 -0.167118 0.359679 -0.175289 0.147901 0.169127 1.05298 -2.45383 -0.374553 -1.75442 1.23331 1.21073 0.0250596 
3.43809 17 0.05 0 2 1.19153 0.653222 0 0 0 0 0 0.724803 0.466804 -0.732349 -0.569662 0.234372 -0.368184 0.139999 -0.30602 -0.0439808 3.11635 0.0314065 -0.420416 0.104599 0.187235 0.0532236 0.151192 1.64511 -1.33685 -1.44519 -2.94685 0.713254 0.0207426 0.178637 
3.73508 17 0.05 0 2 1.19153 0.653222 0 0 0 0 0 0.724803 0.466804 -0.732349 -0.569662 0.234372 -0.368184 0.139999 -0.729196 0.916062 2.01352 0.331477 0.022661 0.35449 0.0929304 0.488559 0.346552 1.90265 -1.96978 -0.471285 -2.06961 0.805793 0.295651 0.0654934 
3.65984 17 0.05 0 2 1.19153 0.653222 0 0 0 0 0 0.724803 0.466804 -0.732349 -0.569662 0.234372 -0.368184 0.139999 -0.187589 0.286946 2.16386 0.590202 0.0700685 0.0412399 0.265058 0.250916 0.0633851 1.55399 -1.6477 -0.629208 -2.29504 1.06931 0.747191 0.00891456 
3.69828 17 0.05 0 2 1.19153 0.653222 0 0 0 0 0 0.724803 0.466804 -0.732349 -0.569662 0.234372 -0.368184 0.139999 -0.402422 0.500406 1.73366 0.125039 0.126611 0.0737847 -0.00349746 0.381142 0.137572 1.38024 -1.62815 -0.411191 -2.38477 0.691827 0.299877 -0.209831 
3.72879 17 0.05 0 2 1.19153 0.653222 0 0 0 0 0 0.724803 0.466804 -0.732349 -0.569662 0.234372 -0.368184 0.139999 0.0088119 0.566621 2.35954 -0.243742 -0.190191 -0.0184678 0.10837 -0.387926 -0.328274 1.77318 -1.7046 -0.934349 -2.55767 0.669377 -0.2117 0.335491 
3.54053 17 0.05 0 2 1.19153 0.653222 0 0 0 0 0 0.724803 0.466804 -0.732349 -0.569662 0.234372 -0.368184 0.139999 0.0955294 0.459286 2.17285 0.22943 0.158423 0.122474 -0.258489 0.179052 -0.162408 1.56708 -1.52249 -0.801034 -2.56071 1.08802 0.321217 0.105856 
3.80233 17 0.05 0 2 1.19153 0.653222 0 0 0 0 0 0.724803 0.466804 -0.732349 -0.569662 0.234372 -0.368184 0.139999 0.0975216 0.119493 2.04254 0.639248 0.0694388 0.137826 -0.19078 0.0307382 -0.0939794 1.3978 -1.74383 -0.459809 -2.52289 0.965107 0.970064 -0.165656 
3.81428 17 0.05 0 2 1.19153 0.653222 0 0 0 0 0 0.724803 0.466804 -0.732349 -0.569662 0.234372 -0.368184 0.139999 0.0631503 0.650223 2.57935 0.513815 -0.19297 -0.0531485 -0.098503 0.102693 0.302669 1.98358 -1.15069 -1.02805 -3.00503 0.766299 0.117093 0.124251 
3.42282 17 0.05 0 2 1.19153 0.653222 0 0 0 0 0 0.724803 0.466804 -0.732349 -0.569662 0.234372 -0.368184 0.139999 -0.436303 0.445374 1.42846 0.379419 0.222988 0.257266 0.10813 0.419425 0.00440011 1.46975 -2.14993 -0.100334 -2.27697 1.10315 0.966471 -0.0191021 
3.61364 17 0.05 0 2 1.19153 0.653222 0 0 0 0 0 0.724803 0.466804 -0.732349 -0.569662 0.234372 -0.368184 0.139999 0.0234654 0.0335806 2.25393 0.107268 0.100331 0.148262 0.0338089 0.0211464 0.0422408 1.53246 -2.08379 -0.737836 -2.44176 0.860064 0.666342 0.13464 
3.26355 17 0.05 0 2 1.19153 0.653222 0 0 0 0 0 0.724803 0.466804 -0.732349 -0.569662 0.234372 -0.368184 0.139999 -0.400573 -0.395248 2.36184 -0.331393 -0.1552 0.182521 -0.270389 0.150528 0.154552 0.930186 -1.919 -1.08287 -2.28039 0.847629 0.71527 0.37409 
3.57936 17 0.05 0 2 1.19153 0.653222 0 0 0 0 0 0.724803 0.466804 -0.732349 -0.569662 0.234372 -0.368184 0.139999 -0.0508344 0.393558 2.36475 0.421015 -0.103676 -0.0507708 -0.115898 -0.081374 0.102574 1.73186 -1.91432 -0.596676 -2.51265 1.10241 0.630044 0.0125293 
3.5756 17 0.05 0 2 1.19153 0.653222 0 0 0 0 0 0.724803 0.466804 -0.732349 -0.569662 0.234372 -0.368184 0.139999 0.0914486 0.42127 2.45862 0.542357 -0.167117 -0.0776226 0.241001 -0.231799 0.00848995 2.22246 -1.37933 -0.837378 -2.815 0.716897 0.152735 0.0455771 
3.82007 17 0.05 0 2 1.19153 0.653222 0 0 0 0 0 0.724803 0.466804 -0.732349 -0.569662 0.234372 -0.368184 0.139999 0.246651 0.0796684 1.91675 0.264497 0.176958 -0.269854 -0.224086 -0.252418 -0.0848187 1.31157 -1.99901 -0.578296 -2.43211 1.16755 0.903873 0.174198 
3.81759 17 0.05 0 2 1.19153 0.653222 0 0 0 0 0 0.724803 0.466804 -0.732349 -0.569662 0.234372 -0.368184 0.139999 0.0633729 0.132834 3.00827 0.146692 -0.235201 -0.302088 0.431364 0.0817302 0.113024 2.07396 -1.20274 -1.06298 -3.51608 0.746246 -0.145773 0.142169 
3.78581 17 0.05 0 2 1.19153 0.653222 0 0 0 0 0 0.724803 0.466804 -0.732349 -0.569662 0.234372 -0.368184 0.139999 -0.0556718 0.540639 2.01255 0.479506 0.106361 0.132985 0.134377 0.192198 -0.078377 1.72937 -1.91171 -0.522356 -2.27384 1.16321 0.888782 0.00795717 
3.5234 17 0.05 0 2 1.19153 0.653222 0 0 0 0 0 0.724803 0.466804 -0.732349 -0.569662 0.234372 -0.368184 0.139999 -0.245841 -0.292347 2.54468 -0.0665913 -0.188262 0.103484 0.190497 -0.1349 0.0367778 1.36431 -1.69923 -1.2087 -2.91071 0.88571 0.325005 0.0513589 
3.17727 17 0.05 0 2 1.19153 0.653222 0 0 0 0 0 0.724803 0.466804 -0.732349 -0.569662 0.234372 -0.368184 0.139999 0.0471043 0.0509256 2.1499 0.01409 -0.306828 0.464932 -0.221955 -0.379598 0.0728586 1.34286 -1.84708 -0.86346 -2.23692 0.883746 0.607233 0.286267 
3.426 17 0.05 0 2 1.19153 0.653222 0 0 0 0 0 0.724803 0.466804 -0.732349 -0.569662 0.234372 -0.368184 0.139999 -0.0121129 0.16172 1.9116 -0.00525393 -0.395219 -0.11942 0.150677 -0.0735776 0.125625 1.2095 -1.99409 -0.863313 -2.39914 0.774968 0.691959 0.273977 
3.64381 17 0.05 0 2 1.19153 0.653222 0 0 0 0 0 0.724803 0.466804 -0.732349 -0.569662 0.234372 -0.368184 0.139999 -0.0286548 0.741434 2.03453 0.465015 0.339931 0.187281 -0.110259 0.123424 0.049137 1.57253 -1.65521 -0.444543 -2.39524 1.05629 0.559221 -0.00714648 
3.15369 17 0.05 0 2 1.19153 0.653222 0 0 0 0 0 0.724803 0.466804 -0.732349 -0.569662 0.234372 -0.368184 0.139999 0.84626 1.02684 0.835592 0.597507 -0.706475 -0.131977 -0.256893 -1.69101 -0.853512 0.503662 -0.401746 -0.344421 -0.76489 0.978681 0.965982 -0.378249 
3.88812 17 0.05 0 2 1.19153 0.653222 0 0 0 0 0 0.724803 0.466804 -0.732349 -0.569662 0.234372 -0.368184 0.139999 -0.457903 0.379013 1.87012 0.324376 -0.218547 0.169869 0.305233 0.0746735 0.0876603 1.57534 -1.96349 -0.367968 -2.26654 0.836498 0.667557 -0.111709 
4.05653 17 0.05 0 2 1.19153 0.653222 0 0 0 0 0 0.724803 0.466804 -0.732349 -0.569662 0.234372 -0.368184 0.139999 0.110285 0.292526 2.41676 0.508625 0.0173965 0.188015 -0.198241 0.0843551 -0.151386 1.53448 -1.11093 -0.522692 -2.83205 1.05096 0.442062 -0.0094273 
2.8862 17 0.05 0 2 1.19153 0.653222 0 0 0 0 0 0.724803 0.466804 -0.732349 -0.569662 0.234372 -0.368184 0.139999 0.565014 -0.137179 2.81516 -0.0739481 -0.192744 0.34874 -0.626672 -0.128449 0.0427164 1.24088 -0.587873 -1.34765 -2.69567 0.214292 -0.201104 -0.180641 
3.51378 17 0.05 0 2 1.19153 0.653222 0 0 0 0 0 0.724803 0.466804 -0.732349 -0.569662 0.234372 -0.368184 0.139999 -0.0901511 0.383226 2.07287 0.306718 -0.255113 0.0620545 0.0614385 -0.196663 0.0305223 1.4266 -1.89974 -0.567862 -2.17128 0.836455 0.708982 0.132106 
3.16959 17 0.05 0 2 1.19153 0.653222 0 0 0 0 0 0.724803 0.466804 -0.732349 -0.569662 0.234372 -0.368184 0.139999 0.188892 0.0550221 2.55821 -0.137252 0.0445611 -0.0434857 -0.0411132 0.245937 0.176701 1.35606 -1.44 -1.22333 -2.63559 0.88233 -0.0195549 0.0290478 
3.74159 17 0.05 0 2 1.19153 0.653222 0 0 0 0 0 0.724803 0.466804 -0.732349 -0.569662 0.234372 -0.368184 0.139999 0.104582 0.15394 2.557 0.240523 -0.0357754 0.023442 -0.0733093 0.213086 -0.161162 1.59778 -1.71534 -0.893243 -2.80633 0.992515 0.39662 0.142772 
3.13695 17 0.05 0 2 1.19153 0.653222 0 0 0 0 0 0.724803 0.466804 -0.732349 -0.569662 0.234372 -0.368184 0.139999 -0.179594 -0.0355635 2.32824 0.345123 -0.0184662 0.183996 -0.020356 0.139775 -0.0601197 1.3202 -1.25862 -1.32807 -2.06659 1.02578 0.491288 0.169543 
3.50523 17 0.05 0 2 1.19153 0.653222 0 0 0 0 0 0.724803 0.466804 -0.732349 -0.569662 0.234372 -0.368184 0.139999 0.347915 0.0869151 1.96283 0.500335 -0.051619 -0.185122 0.0265674 -0.244738 -0.0110226 0.845374 -1.81544 -0.41091 -2.03182 1.21126 1.07018 -0.0156776 
3.70139 17 0.05 0 2 1.19153 0.653222 0 0 0 0 0 0.724803 0.466804 -0.732349 -0.569662 0.234372 -0.368184 0.139999 0.0244956 0.122351 2.59213 0.0592533 -0.0875921 -0.0166324 0.0323771 0.112481 0.00830164 1.72983 -1.84127 -0.949673 -2.9987 0.970271 0.257112 -0.0385283 
3.38638 17 0.05 0 2 1.19153 0.653222 0 0 0 0 0 0.724803 0.466804 -0.732349 -0.569662 0.234372 -0.368184 0.139999 -0.352184 -0.166151 2.23055 0.278957 0.106068 0.336644 -0.0363045 0.174105 0.0912632 1.06084 -1.92306 -0.78429 -2.21345 0.991581 0.97216 -0.0282162 
3.74258 17 0.05 0 2 1.19153 0.653222 0 0 0 0 0 0.724803 0.466804 -0.732349 -0.569662 0.234372 -0.368184 0.139999 0.00669655 0.633723 1.88766 0.467364 0.0156254 0.0822027 0.0778153 0.102482 -0.00807603 1.64626 -1.45692 -0.331842 -2.65573 0.81923 0.322388 0.0566795 
3.55176 17 0.05 0 2 1.19153 0.653222 0 0 0 0 0 0.724803 0.466804 -0.732349 -0.569662 0.234372 -0.368184 0.139999 0.100318 0.403437 2.0765 0.551785 -0.394497 -0.382432 0.293831 -0.322991 0.121506 1.68583 -1.35092 -0.654632 -2.48001 1.17095 0.671883 0.163959 
3.01694 17 0.05 0 2 1.19153 0.653222 0 0 0 0 0 0.724803 0.466804 -0.732349 -0.569662 0.234372 -0.368184 0.139999 0.507093 0.471788 2.31642 0.738883 -0.590922 0.254112 -0.551183 -0.700123 -0.286958 1.51548 -0.659664 -1.24394 -2.07779 0.481854 0.394657 -0.177251 
3.75608 17 0.05 0 2 1.19153 0.653222 0 0 0 0 0 0.724803 0.466804 -0.732349 -0.569662 0.234372 -0.368184 0.139999 0.0231719 0.272865 2.56757 0.606269 -0.189725 0.0825237 -0.00159664 0.162001 0.148523 1.56141 -1.648 -0.82106 -2.64782 1.13896 0.566771 0.0350232 
3.83596 17 0.05 0 2 1.19153 0.653222 0 0 0 0 0 0.724803 0.466804 -0.732349 -0.569662 0.234372 -0.368184 0.139999 0.0833262 0.363075 2.54978 0.0591199 -0.0916594 0.202514 -0.213453 -0.132983 -0.0765637 1.76354 -1.69924 -0.728658 -3.12255 0.729664 0.29321 0.201478 
3.68187 17 0.05 0 2 1.19153 0.653222 0 0 0 0 0 0.724803 0.466804 -0.732349 -0.569662 0.234372 -0.368184 0.139999 -0.00313097 0.480858 2.62105 0.366594 0.141335 0.033494 0.30577 -0.0841384 0.00710263 1.6607 -1.50163 -1.07438 -2.17455 0.750746 0.405122 0.0862381 
3.97079 17 0.05 0 2 1.19153 0.653222 0 0 0 0 0 0.724803 0.466804 -0.732349 -0.569662 0.234372 -0.368184 0.139999 -0.261324 0.835234 2.17123 0.447613 -0.632218 0.206318 0.221685 0.0533522 0.461606 2.00786 -1.8316 -0.476051 -2.47387 0.96063 0.454075 0.0921239 
3.54844 17 0.05 0 2 1.19153 0.653222 0 0 0 0 0 0.724803 0.466804 -0.732349 -0.569662 0.234372 -0.368184 0.139999 -0.0304217 0.530293 2.37729 0.445209 0.388192 0.0152564 -0.158327 0.106137 -0.0996477 1.52428 -1.27091 -0.844273 -2.59216 0.894324 0.48705 0.143534 
3.8159 17 0.05 0 2 1.19153 0.653222 0 0 0 0 0 0.724803 0.466804 -0.732349 -0.569662 0.234372 -0.368184 0.139999 0.0324932 0.414636 2.60129 0.114162 0.072769 0.148077 0.000569778 0.0470857 -0.146183 1.8208 -1.81974 -0.815583 -2.90327 1.23737 0.248554 0.172366 
3.60186 17 0.05 0 2 1.19153 0.653222 0 0 0 0 0 0.724803 0.466804 -0.732349 -0.569662 0.234372 -0.368184 0.139999 0.0175797 0.509287 2.59445 0.39928 -0.151349 0.190166 -0.255073 0.0535407 0.0533288 1.78478 -1.61078 -0.982265 -2.46254 0.872575 0.421355 0.141737 
