 #1 r1
 #2 r2
 #3 Rho_s
 #4 Dfdr1_t (Theoretical gradients using SIE) 
 #5 Dfdr2_t (Theoretical gradients using SIE) 
0.19 0.19 1.04297 97.6047 48.8645
0.19 0.192 1.15172 109.222 61.8865
0.19 0.194 1.29621 126.595 79.9742
0.19 0.196 1.47329 150.052 103.86
0.19 0.198 1.71626 186.337 138.501
0.19 0.2 2.04318 241.014 189.215
0.19 0.202 2.48821 324.946 264.888
0.19 0.204 3.13084 462.792 385.873
0.19 0.206 4.07847 696.276 585.366
0.19 0.208 5.5691 1122.78 941.915
0.192 0.19 1.27628 141.026 59.6389
0.192 0.192 1.41592 156.717 78.1173
0.192 0.194 1.59447 178.896 103.683
0.192 0.196 1.83161 212.997 139.088
0.192 0.198 2.16216 266.621 192.688
0.192 0.2 2.61917 351.151 273.247
0.192 0.202 3.28758 492.392 404.375
0.192 0.204 4.30344 740.64 628.543
0.192 0.206 5.91814 1202.09 1034.4
0.192 0.208 8.66506 2128.26 1829.9
0.194 0.19 1.62787 222.038 73.0803
0.194 0.192 1.80053 241.232 99.4006
0.194 0.194 2.03894 273.435 136.898
0.194 0.196 2.35762 322.59 191.116
0.194 0.198 2.81798 404.534 276.293
0.194 0.2 3.49857 545.008 415.047
0.194 0.202 4.53643 794.271 653.284
0.194 0.204 6.2527 1279.57 1103.34
0.194 0.206 9.24898 2286.75 2013.19
0.194 0.208 15.0199 4577.53 4033.06
0.196 0.19 2.23 403.354 88.6385
0.196 0.192 2.44059 424.802 126.334
0.196 0.194 2.74781 466.392 182.775
0.196 0.196 3.19914 541.924 270.278
0.196 0.198 3.85254 668.693 411.745
0.196 0.2 4.91593 916.795 665.138
0.196 0.202 6.681 1406.56 1146.46
0.196 0.204 9.83301 2453.83 2144.7
0.196 0.206 16.1505 4943.46 4452.78
0.196 0.208 29.3556 10394 9356.94
0.198 0.19 3.4516 918.22 97.886
0.198 0.192 3.71404 934.753 156.159
0.198 0.194 4.09869 974.537 245.512
0.198 0.196 4.72911 1081.35 392.226
0.198 0.198 5.76644 1308.64 652.526
0.198 0.2 7.47634 1759.29 1145.03
0.198 0.202 10.6125 2772.15 2177.6
0.198 0.204 17.1963 5321.76 4668.81
0.198 0.206 31.4493 11031.5 10077.2
0.198 0.208 54.9569 10899.8 9680.5
0.2 0.19 6.85278 3042.4 52.509
0.2 0.192 7.08557 2965.23 149.464
0.2 0.194 7.5167 2922.86 304.433
0.2 0.196 8.31106 2985.58 564.934
0.2 0.198 9.93617 3359.48 1066.27
0.2 0.2 13.0086 4285.25 2134.83
0.2 0.202 19.3859 6644.91 4682.13
0.2 0.204 33.8169 12307.2 10344.9
0.2 0.206 57.6789 11680.7 9518.32
0.2 0.208 53.226 -10618.2 -11981.4
0.202 0.19 21.4674 13145 -285.508
0.202 0.192 20.7185 12769.7 -105.516
0.202 0.194 21.0761 12718.5 172.549
0.202 0.196 21.7685 12647.4 683.897
0.202 0.198 24.0762 13163.6 1738.27
0.202 0.2 29.7972 15113 4286.48
0.202 0.202 43.9791 20497.1 10252.5
0.202 0.204 67.3373 19675.2 9739.23
0.202 0.206 62.4626 -2698.03 -12627.1
0.202 0.208 38.4494 300.436 -9036.42
0.204 0.19 21.882 -12658.5 818.838
0.204 0.192 23.6771 -12740.5 1028.69
0.204 0.194 26.141 -12547.8 1440.52
0.204 0.196 29.5615 -11764.2 2378.65
0.204 0.198 36.6411 -9539.2 4730.12
0.204 0.2 51.1493 -4014.1 10544.3
0.204 0.202 76.5768 -2610.61 11476
0.204 0.204 74.1117 -24601.7 -12321.9
0.204 0.206 50.5203 -20829.4 -8677.69
0.204 0.208 38.9149 -15593.5 -3685.37
0.206 0.19 8.34012 -2509.12 621.461
0.206 0.192 9.97095 -2354.08 1019.34
0.206 0.194 12.686 -1764.88 1871.6
0.206 0.196 18.2535 -74.3135 4018.13
