#1 rho_s 
#2 coeffs 
2.54135 0.02 0 1 0 0 0 0 0 0 0 0 0 0 0 0 0 0 
16.6204 0.02 0 2 -0.18942 -0.050255 0 0 0 0 0 -0.583831 0.0430176 0.543787 -0.00757511 -0.0123724 0.0168369 0.00779212 
3.81081 0.02 0 0.2 1.61058 1.74974 0 0 0 0 0 0.316169 0.943018 -0.356213 -0.704447 0.887628 0.916837 0.907792 
4.09977 0.02 0 0.2 1.61058 1.741 0 0 0 0 0 0.316169 0.943018 -0.356213 -0.342767 0.788722 0.842087 0.855388 
10.5075 0.02 0 0.268984 1.54697 1.36334 0 0 0 0 0 0.217592 0.776315 -0.32313 -0.0737151 0.489683 0.566033 0.603693 
51.8737 0.02 0 0.728897 1.09392 0.647204 0 0 0 0 0 -0.0811577 0.430189 -0.094969 -0.0150462 0.134872 0.198023 0.229078 
9.26641 0.02 0 1.82892 2 1.45757 0 0 0 0 0 -0.14526 0.924512 0.321344 0.348519 0.579472 0.0585348 0.546079 
36.5364 0.02 0 1.24676 1.87214 0.937681 0 0 0 0 0 -0.0935483 0.639811 0.0574205 0.105467 0.306534 0.167302 0.325404 
76.3214 0.02 0 0.961825 1.50855 0.759302 0 0 0 0 0 -0.0851454 0.518453 -0.0355858 0.0299203 0.203539 0.187885 0.263852 
69.9374 0.02 0 0.840128 1.32054 0.731153 0 0 0 0 0 -0.0988797 0.480601 -0.0787238 0.024321 0.185055 0.210226 0.252171 
24.2082 0.02 0 0.907478 1.42135 0.747393 0 0 0 0 0 -0.0909537 0.501991 -0.0544615 0.0275746 0.195679 0.197428 0.258924 
35.4265 0.02 0 0.941992 1.47604 0.755074 0 0 0 0 0 -0.0872073 0.512528 -0.0424006 0.0290913 0.200741 0.191289 0.262105 
48.947 0.02 0 0.955874 1.49871 0.758047 0 0 0 0 0 -0.0857573 0.516685 -0.0376218 0.0296747 0.202707 0.188897 0.263334 
82.1694 0.02 0 0.960559 1.50645 0.759036 0 0 0 0 0 -0.085275 0.518077 -0.0360181 0.0298683 0.203362 0.188099 0.263742 
64.3352 0.02 0 0.960132 1.50704 0.759281 0 0 0 0 0 -0.0855599 0.515945 -0.0365808 0.0304745 0.203405 0.18898 0.262954 
77.87 0.02 0 0.960517 1.50651 0.75906 0 0 0 0 0 -0.0853035 0.517863 -0.0360744 0.029929 0.203367 0.188187 0.263663 
71.8632 0.02 0 0.960555 1.50645 0.759038 0 0 0 0 0 -0.0852779 0.518056 -0.0360237 0.0298743 0.203363 0.188108 0.263734 
70.7446 0.02 0 0.960559 1.50645 0.759036 0 0 0 0 0 -0.0852753 0.518075 -0.0360187 0.0298689 0.203362 0.1881 0.263741 
69.2534 0.02 0 0.960559 1.50645 0.759036 0 0 0 0 0 -0.0852751 0.518077 -0.0360181 0.0298683 0.203362 0.188099 0.263742 
82.7047 0.02 0 0.960559 1.50645 0.759036 0 0 0 0 0 -0.085275 0.518077 -0.0360181 0.0298683 0.203362 0.188099 0.263742 
83.2955 0.02 0 0.96056 1.50645 0.759036 0 0 0 0 0 -0.0852751 0.518077 -0.036018 0.0298684 0.203362 0.188099 0.263742 
96.6876 0.02 0 0.960562 1.50646 0.759039 0 0 0 0 0 -0.085275 0.518077 -0.0360176 0.029871 0.203364 0.188098 0.263742 
70.2449 0.02 0 0.960617 1.50686 0.75911 0 0 0 0 0 -0.0852753 0.518106 -0.0360038 0.0299109 0.203393 0.188082 0.263743 
80.2939 0.02 0 0.960568 1.5065 0.759046 0 0 0 0 0 -0.0852751 0.51808 -0.0360162 0.029875 0.203367 0.188096 0.263742 
74.1128 0.02 0 0.960563 1.50647 0.75904 0 0 0 0 0 -0.085275 0.518078 -0.0360175 0.0298714 0.203364 0.188098 0.263742 
76.5819 0.02 0 0.960562 1.50647 0.759039 0 0 0 0 0 -0.085275 0.518077 -0.0360176 0.029871 0.203364 0.188098 0.263742 
79.4844 0.02 0 0.960562 1.50646 0.759039 0 0 0 0 0 -0.085275 0.518077 -0.0360176 0.029871 0.203364 0.188098 0.263742 
77.8999 0.02 0 0.960562 1.50646 0.759039 0 0 0 0 0 -0.085275 0.518077 -0.0360176 0.029871 0.203364 0.188098 0.263742 
69.7307 0.02 0 0.960562 1.50646 0.759039 0 0 0 0 0 -0.085275 0.518077 -0.0360176 0.029871 0.203364 0.188098 0.263742 
86.7265 0.02 0 0.960562 1.50646 0.759039 0 0 0 0 0 -0.085275 0.518077 -0.0360176 0.029871 0.203364 0.188098 0.263742 
72.211 0.02 0 0.960562 1.50646 0.759039 0 0 0 0 0 -0.085275 0.518077 -0.0360176 0.029871 0.203364 0.188098 0.263742 
72.8855 0.02 0 0.960562 1.50646 0.759039 0 0 0 0 0 -0.085275 0.518077 -0.0360176 0.029871 0.203364 0.188098 0.263742 
86.5404 0.02 0 0.960562 1.50646 0.759039 0 0 0 0 0 -0.085275 0.518077 -0.0360176 0.029871 0.203364 0.188098 0.263742 
77.7001 0.02 0 0.960562 1.50646 0.759039 0 0 0 0 0 -0.085275 0.518077 -0.0360176 0.029871 0.203364 0.188098 0.263742 
67.8344 0.02 0 0.960562 1.50646 0.759039 0 0 0 0 0 -0.085275 0.518077 -0.0360176 0.029871 0.203364 0.188098 0.263742 
79.7637 0.02 0 0.960562 1.50646 0.759039 0 0 0 0 0 -0.085275 0.518077 -0.0360176 0.029871 0.203364 0.188098 0.263742 
70.9601 0.02 0 0.960562 1.50646 0.759039 0 0 0 0 0 -0.085275 0.518077 -0.0360176 0.029871 0.203364 0.188098 0.263742 
72.883 0.02 0 0.960562 1.50646 0.759039 0 0 0 0 0 -0.085275 0.518077 -0.0360176 0.029871 0.203364 0.188098 0.263742 
72.9609 0.02 0 0.960562 1.50646 0.759039 0 0 0 0 0 -0.085275 0.518077 -0.0360176 0.029871 0.203364 0.188098 0.263742 
76.2232 0.02 0 0.960562 1.50646 0.759039 0 0 0 0 0 -0.085275 0.518077 -0.0360176 0.029871 0.203364 0.188098 0.263742 
77.944 0.02 0 0.960562 1.50646 0.759039 0 0 0 0 0 -0.085275 0.518077 -0.0360176 0.029871 0.203364 0.188098 0.263742 
75.435 0.02 0 0.960562 1.50646 0.759039 0 0 0 0 0 -0.085275 0.518077 -0.0360176 0.029871 0.203364 0.188098 0.263742 
72.2617 0.02 0 0.960562 1.50646 0.759039 0 0 0 0 0 -0.085275 0.518077 -0.0360176 0.029871 0.203364 0.188098 0.263742 
78.8786 0.02 0 0.960562 1.50646 0.759039 0 0 0 0 0 -0.085275 0.518077 -0.0360176 0.029871 0.203364 0.188098 0.263742 
77.9462 0.02 0 0.960562 1.50646 0.759039 0 0 0 0 0 -0.085275 0.518077 -0.0360176 0.029871 0.203364 0.188098 0.263742 
73.406 0.02 0 0.960562 1.50646 0.759039 0 0 0 0 0 -0.085275 0.518077 -0.0360176 0.029871 0.203364 0.188098 0.263742 
73.4766 0.02 0 0.960562 1.50646 0.759039 0 0 0 0 0 -0.085275 0.518077 -0.0360176 0.029871 0.203364 0.188098 0.263742 
69.5383 0.02 0 0.960562 1.50646 0.759039 0 0 0 0 0 -0.085275 0.518077 -0.0360176 0.029871 0.203364 0.188098 0.263742 
78.0551 0.02 0 0.960562 1.50646 0.759039 0 0 0 0 0 -0.085275 0.518077 -0.0360176 0.029871 0.203364 0.188098 0.263742 
