#1 rho_s 
#2 coeffs 
int deriv = 4;
340.088 -76.5784 0.02 0.014952 0.101011 -0.101643 1.61261 -0.0280403 0.00105417 0.0812164 0.0093916 0.00495769 0.0855511 -0.0968042 -0.0451337 -0.0184538 0.182916 0.0914557 0.39994 -0.0469415 -0.0697824 -0.174115 0.123422 0.255014 0.0235747 -0.0182964 0.0083429 0.0322651 
338.503 -10.3132 0.02 0.014952 0.101011 -0.101643 1.61261 -0.0180403 0.00105417 0.0812164 0.0093916 0.00495769 0.0855511 -0.0968042 -0.0451337 -0.0184538 0.182916 0.0914557 0.39994 -0.0469415 -0.0697824 -0.174115 0.123422 0.255014 0.0235747 -0.0182964 0.0083429 0.0322651 
337.994 53.0529 0.02 0.014952 0.101011 -0.101643 1.61261 -0.0080403 0.00105417 0.0812164 0.0093916 0.00495769 0.0855511 -0.0968042 -0.0451337 -0.0184538 0.182916 0.0914557 0.39994 -0.0469415 -0.0697824 -0.174115 0.123422 0.255014 0.0235747 -0.0182964 0.0083429 0.0322651 
338.659 110.003 0.02 0.014952 0.101011 -0.101643 1.61261 0.0019597 0.00105417 0.0812164 0.0093916 0.00495769 0.0855511 -0.0968042 -0.0451337 -0.0184538 0.182916 0.0914557 0.39994 -0.0469415 -0.0697824 -0.174115 0.123422 0.255014 0.0235747 -0.0182964 0.0083429 0.0322651 
340.51 154.386 0.02 0.014952 0.101011 -0.101643 1.61261 0.0119597 0.00105417 0.0812164 0.0093916 0.00495769 0.0855511 -0.0968042 -0.0451337 -0.0184538 0.182916 0.0914557 0.39994 -0.0469415 -0.0697824 -0.174115 0.123422 0.255014 0.0235747 -0.0182964 0.0083429 0.0322651 
343.381 187.062 0.02 0.014952 0.101011 -0.101643 1.61261 0.0219597 0.00105417 0.0812164 0.0093916 0.00495769 0.0855511 -0.0968042 -0.0451337 -0.0184538 0.182916 0.0914557 0.39994 -0.0469415 -0.0697824 -0.174115 0.123422 0.255014 0.0235747 -0.0182964 0.0083429 0.0322651 
346.921 217.288 0.02 0.014952 0.101011 -0.101643 1.61261 0.0319597 0.00105417 0.0812164 0.0093916 0.00495769 0.0855511 -0.0968042 -0.0451337 -0.0184538 0.182916 0.0914557 0.39994 -0.0469415 -0.0697824 -0.174115 0.123422 0.255014 0.0235747 -0.0182964 0.0083429 0.0322651 
350.755 244.543 0.02 0.014952 0.101011 -0.101643 1.61261 0.0419597 0.00105417 0.0812164 0.0093916 0.00495769 0.0855511 -0.0968042 -0.0451337 -0.0184538 0.182916 0.0914557 0.39994 -0.0469415 -0.0697824 -0.174115 0.123422 0.255014 0.0235747 -0.0182964 0.0083429 0.0322651 
354.567 264.087 0.02 0.014952 0.101011 -0.101643 1.61261 0.0519597 0.00105417 0.0812164 0.0093916 0.00495769 0.0855511 -0.0968042 -0.0451337 -0.0184538 0.182916 0.0914557 0.39994 -0.0469415 -0.0697824 -0.174115 0.123422 0.255014 0.0235747 -0.0182964 0.0083429 0.0322651 
358.095 273.017 0.02 0.014952 0.101011 -0.101643 1.61261 0.0619597 0.00105417 0.0812164 0.0093916 0.00495769 0.0855511 -0.0968042 -0.0451337 -0.0184538 0.182916 0.0914557 0.39994 -0.0469415 -0.0697824 -0.174115 0.123422 0.255014 0.0235747 -0.0182964 0.0083429 0.0322651 
361.128 270.915 0.02 0.014952 0.101011 -0.101643 1.61261 0.0719597 0.00105417 0.0812164 0.0093916 0.00495769 0.0855511 -0.0968042 -0.0451337 -0.0184538 0.182916 0.0914557 0.39994 -0.0469415 -0.0697824 -0.174115 0.123422 0.255014 0.0235747 -0.0182964 0.0083429 0.0322651 
363.516 261.584 0.02 0.014952 0.101011 -0.101643 1.61261 0.0819597 0.00105417 0.0812164 0.0093916 0.00495769 0.0855511 -0.0968042 -0.0451337 -0.0184538 0.182916 0.0914557 0.39994 -0.0469415 -0.0697824 -0.174115 0.123422 0.255014 0.0235747 -0.0182964 0.0083429 0.0322651 
365.215 245.616 0.02 0.014952 0.101011 -0.101643 1.61261 0.0919597 0.00105417 0.0812164 0.0093916 0.00495769 0.0855511 -0.0968042 -0.0451337 -0.0184538 0.182916 0.0914557 0.39994 -0.0469415 -0.0697824 -0.174115 0.123422 0.255014 0.0235747 -0.0182964 0.0083429 0.0322651 
366.18 228.536 0.02 0.014952 0.101011 -0.101643 1.61261 0.10196 0.00105417 0.0812164 0.0093916 0.00495769 0.0855511 -0.0968042 -0.0451337 -0.0184538 0.182916 0.0914557 0.39994 -0.0469415 -0.0697824 -0.174115 0.123422 0.255014 0.0235747 -0.0182964 0.0083429 0.0322651 
366.436 213.095 0.02 0.014952 0.101011 -0.101643 1.61261 0.11196 0.00105417 0.0812164 0.0093916 0.00495769 0.0855511 -0.0968042 -0.0451337 -0.0184538 0.182916 0.0914557 0.39994 -0.0469415 -0.0697824 -0.174115 0.123422 0.255014 0.0235747 -0.0182964 0.0083429 0.0322651 
365.991 193.853 0.02 0.014952 0.101011 -0.101643 1.61261 0.12196 0.00105417 0.0812164 0.0093916 0.00495769 0.0855511 -0.0968042 -0.0451337 -0.0184538 0.182916 0.0914557 0.39994 -0.0469415 -0.0697824 -0.174115 0.123422 0.255014 0.0235747 -0.0182964 0.0083429 0.0322651 
364.824 167.712 0.02 0.014952 0.101011 -0.101643 1.61261 0.13196 0.00105417 0.0812164 0.0093916 0.00495769 0.0855511 -0.0968042 -0.0451337 -0.0184538 0.182916 0.0914557 0.39994 -0.0469415 -0.0697824 -0.174115 0.123422 0.255014 0.0235747 -0.0182964 0.0083429 0.0322651 
362.897 133.271 0.02 0.014952 0.101011 -0.101643 1.61261 0.14196 0.00105417 0.0812164 0.0093916 0.00495769 0.0855511 -0.0968042 -0.0451337 -0.0184538 0.182916 0.0914557 0.39994 -0.0469415 -0.0697824 -0.174115 0.123422 0.255014 0.0235747 -0.0182964 0.0083429 0.0322651 
360.195 88.0426 0.02 0.014952 0.101011 -0.101643 1.61261 0.15196 0.00105417 0.0812164 0.0093916 0.00495769 0.0855511 -0.0968042 -0.0451337 -0.0184538 0.182916 0.0914557 0.39994 -0.0469415 -0.0697824 -0.174115 0.123422 0.255014 0.0235747 -0.0182964 0.0083429 0.0322651 
356.716 27.9785 0.02 0.014952 0.101011 -0.101643 1.61261 0.16196 0.00105417 0.0812164 0.0093916 0.00495769 0.0855511 -0.0968042 -0.0451337 -0.0184538 0.182916 0.0914557 0.39994 -0.0469415 -0.0697824 -0.174115 0.123422 0.255014 0.0235747 -0.0182964 0.0083429 0.0322651 
step:0.01
rho_limit:8039.87
d_min:20
