#1 rho_s 
#2 coeffs 
Epsilon: -8.51618 + 0.759123i
4.85311 17 0.05 0 0.915092 -0.0089947 -0.0282071 0 0 0 0 0 0.03173 0.537903 0.00868894 0.494974 0.215343 0.0277427 0.0530459 0.0457154 -68.9423 2.11339 2.24701 0.155468 -0.0822013 -0.0227892 -0.173555 -0.312914 -52.2941 -32.5259 38.548 -66.4293 -15.1483 -1.61143 1.31782 
6.29717 17 0.05 0 0.909403 -0.00882032 -0.0280217 0 0 0 0 0 0.0274151 0.535219 0.0118697 0.489493 0.214093 0.0276097 0.0531546 -0.27512 -101.374 4.51384 3.31749 -0.105052 -0.276644 0.00315601 -0.347501 -0.480825 -76.5018 -46.6097 58.0303 -99.4029 -22.4951 -2.59034 1.91092 
8.46977 17 0.05 0 0.90378 -0.00859956 -0.027838 0 0 0 0 0 0.0231633 0.532608 0.0150601 0.484015 0.21285 0.0274707 0.0532612 -0.580443 -155.777 9.83719 5.10577 -0.319997 -0.483063 -0.00493891 -0.601132 -0.788255 -116.545 -69.1032 91.3809 -155.849 -34.8589 -4.41108 2.84029 
11.8497 17 0.05 0 0.898272 -0.00831561 -0.0276577 0 0 0 0 0 0.0190208 0.530109 0.0182401 0.478575 0.211624 0.0273243 0.0533636 -0.971955 -250.218 21.5207 8.20016 -0.568336 -0.779288 -0.0312918 -0.991495 -1.29976 -184.968 -106.095 150.547 -255.989 -56.4259 -7.88466 4.31331 
17.3894 17 0.05 0 0.892929 -0.00795205 -0.0274827 0 0 0 0 0 0.0150354 0.527761 0.0213869 0.473207 0.210428 0.0271697 0.0534594 0.260187 -418.553 47.4148 7.28897 -1.24482 -1.27754 -0.454066 0.18158 -0.145782 -305.633 -169.305 257.24 -438.799 -92.8674 -19.4543 -0.771336 
26.3324 17 0.05 0 0.887789 -0.00749285 -0.0273515 0 0 0 0 0 0.0112394 0.525587 0.0244761 0.467937 0.209282 0.0269785 0.0535037 0.832389 -693.082 89.1479 12.7999 -1.56888 -2.37079 -1.11436 -0.247773 -0.598398 -500.333 -271.009 433.96 -737.884 -154.794 -33.8546 -1.66387 
39.7956 17 0.05 0 0.882817 -0.00695806 -0.0272409 0 0 0 0 0 0.00760636 0.523558 0.0275219 0.46275 0.208173 0.0267667 0.0535212 0.855033 -978.135 90.9037 22.7052 -2.55219 -3.31037 -1.46012 -0.276589 -0.667255 -714.673 -407.863 604.099 -1016.56 -220.917 -42.0609 4.30257 
54.4032 17 0.05 0 0.877826 -0.00645186 -0.0271278 0 0 0 0 0 0.00395871 0.521502 0.0305906 0.45755 0.207053 0.0265532 0.0535406 -2.63445 -754.165 -163.609 38.2331 -5.22966 -2.47043 0.774742 -0.248943 -0.075462 -626.247 -494.842 385.446 -601.501 -178.628 3.81768 41.9451 
59.7138 17 0.05 0 0.872615 -0.00636333 -0.026971 0 0 0 0 0 1.32697e-05 0.519018 0.0336508 0.452459 0.205867 0.0263965 0.0536323 -6.63786 47.6079 -429.99 33.1843 -6.54414 0.0127158 3.63477 -0.123037 0.669518 -107.943 -315.376 -177.158 380.545 -3.77262 65.4017 68.131 
54.9597 17 0.05 0 0.868218 -0.00703979 -0.0267781 0 0 0 0 0 -0.00356761 0.516331 0.0359715 0.448748 0.204841 0.0263761 0.0538304 -3.88811 666.398 -212.043 -4.97753 -2.04039 1.24676 1.55813 0.270614 0.554278 425.747 148.186 -462.874 799.396 144.215 50.1403 19.3552 
49.1711 17 0.05 0 0.865694 -0.00792634 -0.0266289 0 0 0 0 0 -0.00580914 0.514377 0.0371283 0.446993 0.204234 0.026439 0.0540223 -1.56821 902.659 -43.2589 -24.8073 0.918149 1.61497 -0.16732 0.479594 0.36188 656.213 393.975 -541.913 888.918 203.2 33.2422 -11.1666 
47.2485 17 0.05 0 0.864949 -0.00869172 -0.026545 0 0 0 0 0 -0.00667341 0.513375 0.0372899 0.44684 0.204035 0.0265355 0.0541593 -1.01122 954.202 -5.78518 -28.8613 1.62208 1.7152 -0.579256 0.526565 0.312049 707.781 449.27 -557.722 906.482 215.917 29.1857 -17.6523 
49.1106 17 0.05 0 0.865546 -0.00931813 -0.0265134 0 0 0 0 0 -0.00648267 0.513129 0.0367195 0.447857 0.204146 0.0266502 0.0542479 -1.32868 961.949 -31.147 -27.4869 1.33414 1.77038 -0.377889 0.528764 0.35654 707.644 433.635 -569.341 932.88 216.793 31.8644 -14.7969 
53.852 17 0.05 0 0.867147 -0.00987056 -0.026519 0 0 0 0 0 -0.00551021 0.513426 0.0355932 0.449769 0.204487 0.0267815 0.054304 -2.33339 899.831 -107.37 -20.8818 0.157004 1.69349 0.3114 0.481826 0.467806 639.538 343.696 -558.025 934.503 200.534 39.0338 -4.34584 
59.8393 17 0.05 0 0.869469 -0.0104524 -0.0265463 0 0 0 0 0 -0.00399954 0.514048 0.0340409 0.452392 0.204991 0.0269344 0.0543465 -3.7293 649.857 -215.435 -6.19253 -1.98158 1.1501 1.30639 0.339789 0.571006 419.259 137.368 -449.666 784.621 140.975 45.8134 13.9026 
63.8066 17 0.05 0 0.872175 -0.0111859 -0.0265766 0 0 0 0 0 -0.00224202 0.514734 0.0322151 0.455502 0.205579 0.0271158 0.0543983 -4.11825 106.558 -251.297 14.0045 -4.06769 -0.29249 1.61852 0.103528 0.451971 -3.07921 -155.059 -148.097 298.357 16.4215 37.1222 30.0623 
62.6778 17 0.05 0 0.874728 -0.0121109 -0.0265892 0 0 0 0 0 -0.000660284 0.51519 0.0304132 0.45862 0.206126 0.0273184 0.0544764 -2.69577 -539.794 -147.011 28.5807 -4.73349 -2.20373 0.696371 -0.134008 0.0437882 -464.286 -388.372 259.767 -399.577 -128.299 8.68704 31.7889 
58.9669 17 0.05 0 0.876437 -0.0130852 -0.0265709 0 0 0 0 0 0.000264297 0.515193 0.0290812 0.460976 0.206479 0.0275074 0.0545788 -1.41094 -900.892 -45.909 33.3068 -4.62 -3.32431 -0.0979307 -0.279852 -0.275917 -711.705 -485.914 500.28 -822.973 -207.732 -12.2997 27.474 
57.1817 17 0.05 0 0.877017 -0.0139698 -0.026522 0 0 0 0 0 0.000355158 0.514714 0.0284298 0.46219 0.206578 0.027658 0.0546942 -0.941004 -998.51 -5.66971 33.591 -4.46949 -3.65826 -0.36929 -0.325488 -0.384444 -776.505 -502.987 568.062 -946.637 -228.723 -18.9947 24.9678 
58.4083 17 0.05 0 0.87657 -0.0147333 -0.0264484 0 0 0 0 0 -0.000299949 0.513829 0.0284078 0.462337 0.206446 0.0277691 0.0548167 -0.772325 -954.746 8.99217 31.6502 -4.18905 -3.59311 -0.51371 -0.284508 -0.373818 -739.779 -470.962 547.254 -917.076 -218.793 -19.0868 22.9699 
61.6519 17 0.05 0 0.875316 -0.0153867 -0.0263559 0 0 0 0 0 -0.00153979 0.512634 0.028886 0.461631 0.206133 0.027848 0.0549437 -0.595701 -753.968 19.5104 25.28 -3.42756 -3.09582 -0.75424 -0.137224 -0.282157 -582.328 -364.635 437.25 -738.318 -173.953 -15.6886 17.9706 
64.6937 17 0.05 0 0.873534 -0.0159471 -0.0262515 0 0 0 0 0 -0.00315643 0.511251 0.0296994 0.460347 0.205701 0.0279038 0.0550721 -0.368068 -340.569 28.3733 11.5362 -1.94361 -1.98686 -1.10394 0.125098 -0.118748 -260.553 -154.077 207.186 -359.881 -80.9473 -8.84557 6.98655 
65.1998 17 0.05 0 0.871615 -0.0164288 -0.0261467 0 0 0 0 0 -0.00485329 0.509862 0.0306215 0.458862 0.205238 0.0279464 0.0551945 -0.232273 186.897 28.4678 -6.3498 -0.158176 -0.512022 -1.38512 0.409727 0.0628069 146.828 106.644 -90.4155 133.205 38.4542 0.352615 -7.21012 
63.3417 17 0.05 0 0.87004 -0.0168409 -0.0260572 0 0 0 0 0 -0.00626289 0.508695 0.0313779 0.457633 0.204851 0.0279854 0.0552993 -0.223337 586.747 21.8405 -19.5868 1.12716 0.642516 -1.48943 0.590294 0.183679 453.65 299.493 -318.38 513.301 129.275 8.03026 -17.3168 
61.4833 17 0.05 0 0.869157 -0.0171909 -0.0259945 0 0 0 0 0 -0.00711721 0.50792 0.0317685 0.456994 0.204621 0.0280276 0.0553777 -0.208125 769.908 19.1555 -25.5168 1.73499 1.18614 -1.52744 0.660887 0.227931 594.501 388.548 -422.371 687.091 170.949 11.4719 -21.7701 
61.168 17 0.05 0 0.86906 -0.0174846 -0.0259617 0 0 0 0 0 -0.00734556 0.507578 0.0317387 0.45704 0.20457 0.0280754 0.0554278 -0.0830306 789.467 27.2026 -26.661 1.9201 1.23981 -1.62637 0.675111 0.217605 612.379 405.267 -429.953 697.812 175.455 10.547 -23.2007 
62.3905 17 0.05 0 0.869669 -0.0177215 -0.025956 0 0 0 0 0 -0.00700918 0.50763 0.0313335 0.457695 0.204678 0.0281271 0.0554519 0.20845 675.96 50.1511 -24.3644 1.83268 0.88228 -1.83774 0.652338 0.157191 531.843 368.004 -357.087 570.458 149.775 5.32791 -22.8914 
64.1304 17 0.05 0 0.870807 -0.0178897 -0.0259722 0 0 0 0 0 -0.00624225 0.508 0.0306581 0.458781 0.204907 0.0281781 0.0554535 0.637074 424.783 86.7607 -18.1889 1.43749 0.110581 -2.11234 0.575274 0.0386435 348.581 273.326 -201.997 302.426 92.9277 -3.783 -20.1555 
65.036 17 0.05 0 0.87221 -0.0179654 -0.0260029 0 0 0 0 0 -0.00524112 0.508575 0.0298689 0.460031 0.205195 0.0282209 0.0554371 0.989215 72.5161 121.238 -8.37443 0.655253 -0.940169 -2.26957 0.430408 -0.116028 85.9191 126.386 8.61918 -57.3322 13.2707 -13.9891 -14.1591 
64.5708 17 0.05 0 0.873553 -0.0179264 -0.0260384 0 0 0 0 0 -0.00425295 0.509212 0.029158 0.461117 0.20547 0.0282474 0.0554096 1.03293 -266.134 133.679 2.05619 -0.366141 -1.91504 -2.16864 0.253783 -0.24941 -173.109 -31.9672 202.975 -383.893 -63.1546 -21.1433 -6.47943 
63.5366 17 0.05 0 0.874532 -0.0177709 -0.0260687 0 0 0 0 0 -0.0035117 0.509761 0.0286951 0.461758 0.205662 0.0282524 0.0553788 0.839329 -487.775 125.633 9.38574 -1.23699 -2.52654 -1.92359 0.11484 -0.323115 -347.482 -148.816 324.038 -582.89 -113.023 -24.0617 -0.425627 
63.0541 17 0.05 0 0.874976 -0.0175176 -0.0260875 0 0 0 0 0 -0.00315623 0.510121 0.0285696 0.461812 0.205734 0.0282353 0.0553507 0.616875 -568.121 111.007 12.1828 -1.69265 -2.73111 -1.72359 0.0539938 -0.336938 -413.942 -200.65 363.76 -644.729 -131.003 -24.1331 2.1285 
63.5421 17 0.05 0 0.874864 -0.0171902 -0.0260936 0 0 0 0 0 -0.00320879 0.510265 0.0287837 0.46128 0.20568 0.0281982 0.0553273 0.421771 -517.983 94.307 10.5985 -1.71975 -2.57068 -1.61156 0.0741902 -0.29462 -379.662 -189.257 329.837 -583.485 -119.566 -22.0411 1.11119 
64.5863 17 0.05 0 0.874297 -0.0168103 -0.0260894 0 0 0 0 0 -0.00359782 0.510225 0.0292734 0.460276 0.205525 0.028145 0.0553072 0.161967 -346.746 70.0521 5.17263 -1.43178 -2.06563 -1.50326 0.158234 -0.193976 -254.027 -123.889 225.019 -402.468 -80.7167 -17.1114 -2.69153 
65.3329 17 0.05 0 0.873469 -0.0164025 -0.026081 0 0 0 0 0 -0.00418064 0.510076 0.0299212 0.459001 0.205311 0.0280812 0.0552866 -0.23688 -85.8924 34.6661 -2.63295 -0.993779 -1.29564 -1.30914 0.273002 -0.0470973 -63.0235 -23.1967 65.0987 -127.209 -21.5007 -9.01353 -7.63418 
65.246 17 0.05 0 0.872637 -0.0159994 -0.0260758 0 0 0 0 0 -0.00476902 0.509919 0.0305707 0.457724 0.205096 0.0280149 0.0552608 -0.69432 184.072 -3.65701 -10.0886 -0.580737 -0.492518 -1.04836 0.375186 0.102245 133.382 79.4813 -101.749 160.013 39.7952 0.31564 -11.6082 
64.6399 17 0.05 0 0.87205 -0.0156362 -0.0260803 0 0 0 0 0 -0.00518065 0.50985 0.0310671 0.45671 0.204938 0.0279549 0.0552266 -1.06462 375.632 -33.1442 -14.8109 -0.329951 0.0830547 -0.812201 0.435664 0.209196 271.518 150.383 -221.463 366.422 83.2557 7.80163 -13.4004 
64.2363 17 0.05 0 0.871869 -0.015338 -0.0260983 0 0 0 0 0 -0.00530033 0.509927 0.0313104 0.456134 0.204872 0.0279078 0.0551832 -1.30931 451.439 -51.5279 -16.0778 -0.324747 0.320054 -0.63803 0.44953 0.262198 323.83 172.986 -271.589 454.29 100.382 11.945 -12.9846 
64.4014 17 0.05 0 0.872128 -0.0151167 -0.0261296 0 0 0 0 0 -0.00510514 0.510159 0.0312758 0.456038 0.204906 0.0278764 0.0551317 -1.46551 413.85 -62.2974 -14.0416 -0.592747 0.228639 -0.510101 0.421799 0.268117 291.483 145.738 -254.398 428.428 91.6779 12.8529 -10.5612 
64.9289 17 0.05 0 0.872752 -0.0149752 -0.0261711 0 0 0 0 0 -0.00465401 0.510507 0.031005 0.456355 0.205024 0.0278601 0.0550752 -1.54478 278.143 -66.6638 -9.01593 -1.09517 -0.143743 -0.421073 0.357014 0.231403 185.995 75.239 -178.904 304.205 60.5734 11.0024 -6.26313 
65.3148 17 0.05 0 0.873582 -0.01491 -0.0262174 0 0 0 0 0 -0.0040679 0.510894 0.0305892 0.456932 0.205188 0.0278558 0.0550179 -1.52758 77.0822 -63.3037 -1.91043 -1.70859 -0.703417 -0.383833 0.26561 0.156812 32.8519 -21.3129 -63.3235 111.557 14.5306 7.07812 -0.69526 
65.2465 17 0.05 0 0.874412 -0.0149115 -0.0262613 0 0 0 0 0 -0.00350314 0.511225 0.0301502 0.457564 0.205351 0.0278586 0.0549652 -1.42459 -130.283 -53.2839 5.36196 -2.25729 -1.28427 -0.399584 0.171021 0.0647629 -123.1 -115.692 58.2419 -92.6954 -32.9464 2.4196 4.77769 
64.8988 17 0.05 0 0.87504 -0.0149646 -0.026296 0 0 0 0 0 -0.00310901 0.511414 0.0298075 0.458048 0.205468 0.0278636 0.0549218 -1.29602 -281.212 -41.7584 10.7434 -2.60436 -1.70945 -0.443473 0.101509 -0.0120039 -235.343 -181.08 148.206 -244.915 -67.5388 -1.25731 8.76484 
64.6935 17 0.05 0 0.875335 -0.0150536 -0.026317 0 0 0 0 0 -0.00298157 0.511409 0.0296415 0.458249 0.205508 0.0278668 0.0548911 -1.19833 -340.807 -33.6155 13.1795 -2.69788 -1.88075 -0.492325 0.0756064 -0.0478583 -278.515 -204.124 185.049 -308.109 -81.3435 -2.78551 10.6615 
64.8429 17 0.05 0 0.875267 -0.0151672 -0.0263231 0 0 0 0 0 -0.00314022 0.511203 0.0296732 0.458127 0.205464 0.027867 0.0548737 -1.14558 -304.321 -30.3123 12.5996 -2.53927 -1.78485 -0.541749 0.0969917 -0.0361811 -249.329 -183.582 165.658 -276.63 -73.3234 -1.89733 10.5089 
65.1874 17 0.05 0 0.874903 -0.0153003 -0.0263161 0 0 0 0 0 -0.0035312 0.510834 0.0298662 0.457742 0.205351 0.0278653 0.0548684 -1.12165 -187.194 -30.4658 9.45542 -2.15968 -1.46391 -0.597228 0.157183 0.0138179 -159.213 -125.902 99.3291 -166.17 -46.9572 0.945615 8.58917 
65.4016 17 0.05 0 0.874386 -0.0154517 -0.0263003 0 0 0 0 0 -0.00404555 0.510373 0.0301408 0.457226 0.205202 0.0278647 0.0548722 -1.09683 -24.9339 -31.2444 4.72675 -1.63825 -1.01606 -0.665143 0.236742 0.0806321 -34.6275 -46.3078 7.2027 -12.5325 -10.2369 4.67139 5.45862 
65.3354 17 0.05 0 0.87389 -0.0156209 -0.0262811 0 0 0 0 0 -0.00454818 0.509908 0.0303978 0.456745 0.205056 0.0278689 0.0548811 -1.04475 131.256 -29.9029 -0.0684971 -1.10728 -0.584909 -0.747731 0.311494 0.138952 85.8978 32.0975 -80.6989 133.654 25.2288 7.90341 2.0707 
65.1428 17 0.05 0 0.873574 -0.0158051 -0.0262638 0 0 0 0 0 -0.00491724 0.509517 0.030549 0.456444 0.204949 0.0278807 0.0548914 -0.955371 235.485 -25.0522 -3.44661 -0.700331 -0.300232 -0.84176 0.362525 0.170675 167.564 87.6863 -137.825 227.807 48.9469 9.57243 -0.543116 
