#1 rho_s 
#2 coeffs 
alpha 0.005
102.367 0.02 0 0 0 0 1 0 0 0 0 0 0 0 0 0 0 0 0 0 0 0 0 0 0 0 0 
103.421 0.02 -0.00214626 0.000142404 7.63728e-06 0.00021043 1 -0.000118548 0.00278657 5.88477e-05 -0.000218455 -0.000218868 -1.0414e-06 -0.000320207 1.5239e-05 -0.000143686 -0.000409141 0.000210562 0.00326542 0.000179215 -3.44656e-06 0.000195828 -0.00116455 4.57711e-06 0.000157828 3.31108e-05 -1.54362e-06 
104.135 0.02 -0.00429252 0.000284808 1.52746e-05 0.00042086 1.00001 -0.000237096 0.00557313 0.000117695 -0.000436911 -0.000437736 -2.0828e-06 -0.000640415 3.0478e-05 -0.000287373 -0.000818281 0.000421123 0.00653085 0.000358431 -6.89312e-06 0.000391657 -0.00232911 9.15423e-06 0.000315656 6.62216e-05 -3.08724e-06 
102.133 0.02 -0.00643878 0.000427212 2.29118e-05 0.00063129 1.00001 -0.000355644 0.0083597 0.000176543 -0.000655366 -0.000656604 -3.12419e-06 -0.000960622 4.57169e-05 -0.000431059 -0.00122742 0.000631685 0.00979627 0.000537646 -1.03397e-05 0.000587485 -0.00349366 1.37313e-05 0.000473484 9.93324e-05 -4.63086e-06 
105.04 0.02 -0.00858504 0.000569616 3.05491e-05 0.00084172 1.00002 -0.000474192 0.0111463 0.000235391 -0.000873821 -0.000875472 -4.16559e-06 -0.00128083 6.09559e-05 -0.000574746 -0.00163656 0.000842246 0.0130617 0.000716861 -1.37862e-05 0.000783314 -0.00465822 1.83085e-05 0.000631311 0.000132443 -6.17449e-06 
101.737 0.02 -0.0107313 0.00071202 3.81864e-05 0.00105215 1.00002 -0.00059274 0.0139328 0.000294238 -0.00109228 -0.00109434 -5.20699e-06 -0.00160104 7.61949e-05 -0.000718432 -0.0020457 0.00105281 0.0163271 0.000896077 -1.72328e-05 0.000979142 -0.00582277 2.28856e-05 0.000789139 0.000165554 -7.71811e-06 
102.133 0.02 -0.0128776 0.000854424 4.58237e-05 0.00126258 1.00003 -0.000711288 0.0167194 0.000353086 -0.00131073 -0.00131321 -6.24839e-06 -0.00192124 9.14339e-05 -0.000862118 -0.00245484 0.00126337 0.0195925 0.00107529 -2.06794e-05 0.00117497 -0.00698733 2.74627e-05 0.000946967 0.000198665 -9.26173e-06 
101.749 0.02 -0.0150238 0.000996828 5.3461e-05 0.00147301 1.00003 -0.000829836 0.019506 0.000411934 -0.00152919 -0.00153208 -7.28978e-06 -0.00224145 0.000106673 -0.0010058 -0.00286398 0.00147393 0.022858 0.00125451 -2.41259e-05 0.0013708 -0.00815188 3.20398e-05 0.00110479 0.000231775 -1.08053e-05 
102.473 0.02 -0.0171701 0.00113923 6.10983e-05 0.00168344 1.00003 -0.000948385 0.0222925 0.000470781 -0.00174764 -0.00175094 -8.33118e-06 -0.00256166 0.000121912 -0.00114949 -0.00327313 0.00168449 0.0261234 0.00143372 -2.75725e-05 0.00156663 -0.00931644 3.66169e-05 0.00126262 0.000264886 -1.2349e-05 
102.978 0.02 -0.0193163 0.00128164 6.87355e-05 0.00189387 1.00004 -0.00106693 0.0250791 0.000529629 -0.0019661 -0.00196981 -9.37258e-06 -0.00288187 0.000137151 -0.00129318 -0.00368227 0.00189505 0.0293888 0.00161294 -3.1019e-05 0.00176246 -0.010481 4.1194e-05 0.00142045 0.000297997 -1.38926e-05 
102.471 0.02 -0.0214626 0.00142404 7.63728e-05 0.0021043 1.00004 -0.00118548 0.0278657 0.000588477 -0.00218455 -0.00218868 -1.0414e-05 -0.00320207 0.00015239 -0.00143686 -0.00409141 0.00210562 0.0326542 0.00179215 -3.44656e-05 0.00195828 -0.0116455 4.57711e-05 0.00157828 0.000331108 -1.54362e-05 
101.039 0.02 -0.0236089 0.00156644 8.40101e-05 0.00231473 1.00005 -0.00130403 0.0306522 0.000647324 -0.00240301 -0.00240755 -1.14554e-05 -0.00352228 0.000167629 -0.00158055 -0.00450055 0.00231618 0.0359197 0.00197137 -3.79121e-05 0.00215411 -0.0128101 5.03483e-05 0.00173611 0.000364219 -1.69798e-05 
100.489 0.02 -0.0257551 0.00170885 9.16474e-05 0.00252516 1.00005 -0.00142258 0.0334388 0.000706172 -0.00262146 -0.00262642 -1.24968e-05 -0.00384249 0.000182868 -0.00172424 -0.00490969 0.00252674 0.0391851 0.00215058 -4.13587e-05 0.00234994 -0.0139747 5.49254e-05 0.00189393 0.000397329 -1.85235e-05 
93.4171 0.02 -0.0279014 0.00185125 9.92847e-05 0.00273559 1.00006 -0.00154112 0.0362254 0.00076502 -0.00283992 -0.00284528 -1.35382e-05 -0.0041627 0.000198107 -0.00186792 -0.00531883 0.0027373 0.0424505 0.0023298 -4.48053e-05 0.00254577 -0.0151392 5.95025e-05 0.00205176 0.00043044 -2.00671e-05 
96.4559 0.02 -0.0300476 0.00199366 0.000106922 0.00294602 1.00006 -0.00165967 0.0390119 0.000823867 -0.00305837 -0.00306415 -1.45796e-05 -0.0044829 0.000213346 -0.00201161 -0.00572797 0.00294786 0.0457159 0.00250901 -4.82518e-05 0.0027416 -0.0163038 6.40796e-05 0.00220959 0.000463551 -2.16107e-05 
96.7864 0.02 -0.0321939 0.00213606 0.000114559 0.00315645 1.00006 -0.00177822 0.0417985 0.000882715 -0.00327683 -0.00328302 -1.5621e-05 -0.00480311 0.000228585 -0.0021553 -0.00613711 0.00315842 0.0489814 0.00268823 -5.16984e-05 0.00293743 -0.0174683 6.86567e-05 0.00236742 0.000496662 -2.31543e-05 
94.4853 0.02 -0.0343402 0.00227847 0.000122197 0.00336688 1.00007 -0.00189677 0.0445851 0.000941563 -0.00349529 -0.00350189 -1.66624e-05 -0.00512332 0.000243824 -0.00229898 -0.00654625 0.00336899 0.0522468 0.00286745 -5.51449e-05 0.00313326 -0.0186329 7.32338e-05 0.00252525 0.000529773 -2.46979e-05 
99.7731 0.02 -0.0364864 0.00242087 0.000129834 0.00357731 1.00007 -0.00201532 0.0473716 0.00100041 -0.00371374 -0.00372076 -1.77038e-05 -0.00544352 0.000259063 -0.00244267 -0.00695539 0.00357955 0.0555122 0.00304666 -5.85915e-05 0.00332908 -0.0197974 7.78109e-05 0.00268307 0.000562883 -2.62416e-05 
92.2895 0.02 -0.0386327 0.00256327 0.000137471 0.00378774 1.00008 -0.00213387 0.0501582 0.00105926 -0.0039322 -0.00393962 -1.87452e-05 -0.00576373 0.000274302 -0.00258636 -0.00736453 0.00379011 0.0587776 0.00322588 -6.20381e-05 0.00352491 -0.020962 8.23881e-05 0.0028409 0.000595994 -2.77852e-05 
98.1352 0.02 -0.0407789 0.00270568 0.000145108 0.00399817 1.00008 -0.00225241 0.0529448 0.00111811 -0.00415065 -0.00415849 -1.97866e-05 -0.00608394 0.000289541 -0.00273004 -0.00777367 0.00400067 0.0620431 0.00340509 -6.54846e-05 0.00372074 -0.0221265 8.69652e-05 0.00299873 0.000629105 -2.93288e-05 
93.3414 0.02 -0.0429252 0.00284808 0.000152746 0.0042086 1.00008 -0.00237096 0.0557313 0.00117695 -0.00436911 -0.00437736 -2.0828e-05 -0.00640415 0.00030478 -0.00287373 -0.00818281 0.00421123 0.0653085 0.00358431 -6.89312e-05 0.00391657 -0.0232911 9.15423e-05 0.00315656 0.000662216 -3.08724e-05 
97.2884 0.02 -0.0450715 0.00299049 0.000160383 0.00441903 1.00009 -0.00248951 0.0585179 0.0012358 -0.00458756 -0.00459623 -2.18694e-05 -0.00672435 0.000320018 -0.00301741 -0.00859195 0.00442179 0.0685739 0.00376352 -7.23777e-05 0.0041124 -0.0244557 9.61194e-05 0.00331438 0.000695326 -3.2416e-05 
98.0495 0.02 -0.0472177 0.00313289 0.00016802 0.00462946 1.00009 -0.00260806 0.0613045 0.00129465 -0.00480602 -0.0048151 -2.29107e-05 -0.00704456 0.000335257 -0.0031611 -0.00900109 0.00463235 0.0718393 0.00394274 -7.58243e-05 0.00430823 -0.0256202 0.000100697 0.00347221 0.000728437 -3.39597e-05 
95.618 0.02 -0.049364 0.00327529 0.000175658 0.00483989 1.0001 -0.00272661 0.064091 0.0013535 -0.00502447 -0.00503396 -2.39521e-05 -0.00736477 0.000350496 -0.00330479 -0.00941023 0.00484292 0.0751048 0.00412195 -7.92708e-05 0.00450405 -0.0267848 0.000105274 0.00363004 0.000761548 -3.55033e-05 
93.086 0.02 -0.0515102 0.0034177 0.000183295 0.00505032 1.0001 -0.00284515 0.0668776 0.00141234 -0.00524293 -0.00525283 -2.49935e-05 -0.00768498 0.000365735 -0.00344847 -0.00981938 0.00505348 0.0783702 0.00430117 -8.27174e-05 0.00469988 -0.0279493 0.000109851 0.00378787 0.000794659 -3.70469e-05 
93.6924 0.02 -0.0536565 0.0035601 0.000190932 0.00526075 1.00011 -0.0029637 0.0696642 0.00147119 -0.00546138 -0.0054717 -2.60349e-05 -0.00800518 0.000380974 -0.00359216 -0.0102285 0.00526404 0.0816356 0.00448038 -8.6164e-05 0.00489571 -0.0291139 0.000114428 0.0039457 0.00082777 -3.85905e-05 
94.9528 0.02 -0.0558028 0.00370251 0.000198569 0.00547118 1.00011 -0.00308225 0.0724507 0.00153004 -0.00567984 -0.00569057 -2.70763e-05 -0.00832539 0.000396213 -0.00373585 -0.0106377 0.0054746 0.084901 0.0046596 -8.96105e-05 0.00509154 -0.0302784 0.000119005 0.00410352 0.00086088 -4.01342e-05 
93.1377 0.02 -0.057949 0.00384491 0.000206207 0.00568161 1.00011 -0.0032008 0.0752373 0.00158889 -0.00589829 -0.00590944 -2.81177e-05 -0.0086456 0.000411452 -0.00387953 -0.0110468 0.00568516 0.0881665 0.00483881 -9.30571e-05 0.00528737 -0.031443 0.000123582 0.00426135 0.000893991 -4.16778e-05 
93.7005 0.02 -0.0600953 0.00398731 0.000213844 0.00589204 1.00012 -0.00331935 0.0780239 0.00164773 -0.00611675 -0.0061283 -2.91591e-05 -0.0089658 0.000426691 -0.00402322 -0.0114559 0.00589572 0.0914319 0.00501803 -9.65036e-05 0.0054832 -0.0326075 0.000128159 0.00441918 0.000927102 -4.32214e-05 
92.1442 0.02 -0.0622415 0.00412972 0.000221481 0.00610247 1.00012 -0.00343789 0.0808104 0.00170658 -0.0063352 -0.00634717 -3.02005e-05 -0.00928601 0.00044193 -0.00416691 -0.0118651 0.00610629 0.0946973 0.00519724 -9.99502e-05 0.00567903 -0.0337721 0.000132736 0.00457701 0.000960213 -4.4765e-05 
91.3523 0.02 -0.0643878 0.00427212 0.000229118 0.0063129 1.00013 -0.00355644 0.083597 0.00176543 -0.00655366 -0.00656604 -3.12419e-05 -0.00960622 0.000457169 -0.00431059 -0.0122742 0.00631685 0.0979627 0.00537646 -0.000103397 0.00587485 -0.0349366 0.000137313 0.00473484 0.000993324 -4.63086e-05 
90.8807 0.02 -0.0665341 0.00441453 0.000236756 0.00652333 1.00013 -0.00367499 0.0863835 0.00182428 -0.00677211 -0.00678491 -3.22833e-05 -0.00992643 0.000472408 -0.00445428 -0.0126834 0.00652741 0.101228 0.00555568 -0.000106843 0.00607068 -0.0361012 0.000141891 0.00489266 0.00102643 -4.78523e-05 
90.3679 0.02 -0.0686803 0.00455693 0.000244393 0.00673376 1.00014 -0.00379354 0.0891701 0.00188313 -0.00699057 -0.00700377 -3.33247e-05 -0.0102466 0.000487647 -0.00459796 -0.0130925 0.00673797 0.104494 0.00573489 -0.00011029 0.00626651 -0.0372658 0.000146468 0.00505049 0.00105955 -4.93959e-05 
90.8349 0.02 -0.0708266 0.00469933 0.00025203 0.00694419 1.00014 -0.00391209 0.0919567 0.00194197 -0.00720903 -0.00722264 -3.43661e-05 -0.0105668 0.000502886 -0.00474165 -0.0135016 0.00694853 0.107759 0.00591411 -0.000113736 0.00646234 -0.0384303 0.000151045 0.00520832 0.00109266 -5.09395e-05 
91.0658 0.02 -0.0729728 0.00484174 0.000259668 0.00715462 1.00014 -0.00403063 0.0947432 0.00200082 -0.00742748 -0.00744151 -3.54075e-05 -0.010887 0.000518125 -0.00488534 -0.0139108 0.00715909 0.111024 0.00609332 -0.000117183 0.00665817 -0.0395949 0.000155622 0.00536615 0.00112577 -5.24831e-05 
93.4055 0.02 -0.0751191 0.00498414 0.000267305 0.00736505 1.00015 -0.00414918 0.0975298 0.00205967 -0.00764594 -0.00766038 -3.64489e-05 -0.0112073 0.000533364 -0.00502902 -0.0143199 0.00736966 0.11429 0.00627254 -0.00012063 0.006854 -0.0407594 0.000160199 0.00552397 0.00115888 -5.40267e-05 
91.345 0.02 -0.0772654 0.00512655 0.000274942 0.00757548 1.00015 -0.00426773 0.100316 0.00211852 -0.00786439 -0.00787925 -3.74903e-05 -0.0115275 0.000548603 -0.00517271 -0.0147291 0.00758022 0.117555 0.00645175 -0.000124076 0.00704982 -0.041924 0.000164776 0.0056818 0.00119199 -5.55704e-05 
90.0666 0.02 -0.0794116 0.00526895 0.000282579 0.00778591 1.00016 -0.00438628 0.103103 0.00217736 -0.00808285 -0.00809811 -3.85317e-05 -0.0118477 0.000563842 -0.0053164 -0.0151382 0.00779078 0.120821 0.00663097 -0.000127523 0.00724565 -0.0430885 0.000169353 0.00583963 0.0012251 -5.7114e-05 
90.1492 0.02 -0.0815579 0.00541135 0.000290217 0.00799634 1.00016 -0.00450483 0.10589 0.00223621 -0.0083013 -0.00831698 -3.95731e-05 -0.0121679 0.000579081 -0.00546008 -0.0155473 0.00800134 0.124086 0.00681018 -0.000130969 0.00744148 -0.0442531 0.00017393 0.00599746 0.00125821 -5.86576e-05 
85.9062 0.02 -0.0837041 0.00555376 0.000297854 0.00820677 1.00017 -0.00462337 0.108676 0.00229506 -0.00851976 -0.00853585 -4.06145e-05 -0.0124881 0.00059432 -0.00560377 -0.0159565 0.0082119 0.127352 0.0069894 -0.000134416 0.00763731 -0.0454176 0.000178507 0.00615529 0.00129132 -6.02012e-05 
90.2157 0.02 -0.0858504 0.00569616 0.000305491 0.0084172 1.00017 -0.00474192 0.111463 0.00235391 -0.00873821 -0.00875472 -4.16559e-05 -0.0128083 0.000609559 -0.00574746 -0.0163656 0.00842246 0.130617 0.00716861 -0.000137862 0.00783314 -0.0465822 0.000183085 0.00631311 0.00132443 -6.17449e-05 
