#1 rho_s 
#2 coeffs 
0.0943694 1.25664 0 0 0 0 0 0 0 0 0 0 0 0 0 0 0 
0.0977424 1.25664 0.00542446 0.019031 0.0204166 0.0212117 0.00980439 0.0193273 0.0128125 0.00543542 0.0210988 0.0193447 0.0131011 0.00898561 0.0162852 0.00169292 0.00648328 
0.207715 1.25664 0.0216979 0.076124 0.0816665 0.0848468 0.0392176 0.0773091 0.0512499 0.0217417 0.0843951 0.0773787 0.0524043 0.0359424 0.0651408 0.00677169 0.0259331 
0.0781129 1.25664 0.0867914 0.304496 0.326666 0.339387 0.15687 0.309237 0.205 0.0869668 0.337581 0.309515 0.209617 0.14377 0.260563 0.0270868 0.103732 
9.27133 1.25664 0.0463798 0.162717 0.174564 0.181362 0.0838286 0.16525 0.109548 0.0464735 0.180397 0.165399 0.112016 0.0768279 0.13924 0.0144747 0.0554327 
1.10204 1.25664 1.37384 2.46705 0 1.05308 1.83789 2.30409 0.130462 0.172133 0.897722 1.38064 1.98376 1.96982 0.336014 0.239062 0.261744 
0.363985 1.25664 0.487728 0.928852 0.116526 0.471188 0.667011 0.876364 0.116502 0.0882523 0.41889 0.569437 0.734326 0.706202 0.204662 0.0891445 0.124026 
0.279223 1.25664 0.191709 0.414993 0.155453 0.276797 0.275861 0.399408 0.111838 0.0602306 0.258929 0.298442 0.316932 0.284071 0.160783 0.0390622 0.0780195 
1.1905 1.25664 0.0935189 0.244546 0.168365 0.212318 0.146117 0.241202 0.110291 0.0509357 0.20587 0.208553 0.178483 0.14405 0.146228 0.0224499 0.062759 
1.58521 1.25664 0.0611452 0.188349 0.172623 0.191059 0.103339 0.189041 0.109781 0.0478712 0.188376 0.178916 0.132835 0.0978838 0.141429 0.0169728 0.0577275 
3.11905 1.25664 0.0502775 0.169483 0.174052 0.183922 0.0889789 0.171531 0.109609 0.0468424 0.182503 0.168967 0.117511 0.0823861 0.139818 0.0151341 0.0560385 
9.68214 1.25664 0.047173 0.164094 0.17446 0.181883 0.0848767 0.166528 0.109561 0.0465486 0.180826 0.166125 0.113134 0.077959 0.139358 0.0146089 0.055556 
11.166 1.25664 0.0467628 0.163387 0.174514 0.181603 0.0843339 0.165885 0.109548 0.0465219 0.180602 0.165749 0.112589 0.0773583 0.13929 0.0145227 0.0554982 
3.06451 1.25664 0.0460108 0.162091 0.174612 0.181089 0.0833389 0.164706 0.109526 0.0464731 0.180193 0.16506 0.11159 0.076257 0.139165 0.0143647 0.0553922 
12.6 1.25664 0.0466876 0.163258 0.174523 0.181551 0.0842344 0.165767 0.109546 0.046517 0.180561 0.16568 0.112489 0.0772481 0.139277 0.0145069 0.0554876 
1.06618 1.25664 0 0.0791211 0.180107 0.151991 0.0214843 0.0902674 0.106309 0.0411953 0.155784 0.123593 0.0493034 0.00797434 0.128952 0.00232608 0.0486131 
2.35424 1.25664 0.0321888 0.137129 0.176258 0.172371 0.0647475 0.142321 0.108541 0.0448644 0.172867 0.15261 0.0928668 0.0557353 0.136071 0.0107242 0.0533527 
11.3905 1.25664 0.0427457 0.156154 0.174995 0.179056 0.0789364 0.159393 0.109273 0.0460677 0.178469 0.162127 0.107154 0.0713993 0.138405 0.0134785 0.0549072 
5.08678 1.25664 0.0458896 0.16182 0.174619 0.181046 0.0831619 0.164477 0.109491 0.0464261 0.180138 0.164961 0.111409 0.0760642 0.139101 0.0142987 0.0553701 
8.564 1.25664 0.0466218 0.163139 0.174531 0.18151 0.084146 0.165661 0.109542 0.0465095 0.180526 0.165621 0.1124 0.0771505 0.139263 0.0144897 0.0554779 
4.85233 1.25664 0.0466866 0.163256 0.174523 0.181551 0.0842331 0.165766 0.109546 0.0465169 0.180561 0.165679 0.112488 0.0772467 0.139277 0.0145066 0.0554875 
4.05851 1.25664 0.0466876 0.163258 0.174523 0.181551 0.0842344 0.165767 0.109546 0.046517 0.180561 0.16568 0.112489 0.0772481 0.139277 0.0145069 0.0554876 
7.73532 1.25664 0.0466876 0.163258 0.174523 0.181551 0.0842344 0.165767 0.109546 0.046517 0.180561 0.16568 0.112489 0.0772481 0.139277 0.0145069 0.0554876 
3.16115 1.25664 0.0466876 0.163258 0.174523 0.181551 0.0842344 0.165767 0.109546 0.046517 0.180561 0.16568 0.112489 0.0772481 0.139277 0.0145069 0.0554876 
17.8773 1.25664 0.0466876 0.163258 0.174523 0.181551 0.0842344 0.165767 0.109546 0.046517 0.180561 0.16568 0.112489 0.0772481 0.139277 0.0145069 0.0554876 
7.27047 1.25664 0.0466875 0.163257 0.174523 0.181551 0.0842344 0.165767 0.109546 0.046517 0.180561 0.16568 0.112489 0.0772481 0.139277 0.0145069 0.0554876 
0.74047 1.25664 0 0.0793766 0.178701 0.148854 0.0217756 0.0905445 0.105336 0.0427445 0.152362 0.122118 0.0464086 0.0116201 0.128926 0.00376099 0.0501895 
