#1 rho_s 
#2 coeffs 
2.54611 0.02 0 1 0 0 0 0 0 0 0 0 0 0 0 0 0 0 
3.12854 0.02 0 2 -0.278537 -0.110912 0 0 0 0 0 -1.36681 -0.227742 1.29406 -0.569071 -0.10679 -0.0843385 0.0714267 
9.45265 0.02 0 2 1.09711 -0.808112 0 0 0 0 0 0.0354645 0.613288 -0.158434 0.504077 0.781804 -1.03641 -0.87457 
37.4758 0.02 0 0.915852 0.0306865 -0.81651 0 0 0 0 0 0.860076 0.791982 -0.421715 -0.567975 0.14895 -0.565819 -1.3183 
21.3882 0.02 0 -0.2127 -0.82523 0.186857 0 0 0 0 0 -0.0590179 0.00928867 0.489757 0.413549 -0.619721 -1.21633 -0.16552 
43.1961 0.02 0 0.288898 -0.352052 -0.311366 0 0 0 0 0 0.42755 0.462234 0.00459758 -0.0823554 -0.171203 -0.811759 -0.665756 
62.6318 0.02 0 0.414764 -0.659325 -0.262224 0 0 0 0 0 0.684791 0.707386 -0.156904 -0.439782 -0.209622 -1.10182 -0.931812 
44.6933 0.02 0 0.583308 -0.770385 -0.335395 0 0 0 0 0 0.743057 0.825523 -0.132602 -0.633035 -0.327942 -1.22314 -0.955893 
25.2982 0.02 0 0.4857 -0.704449 -0.291268 0 0 0 0 0 0.707707 0.755595 -0.147545 -0.522352 -0.257911 -1.15142 -0.941085 
26.6326 0.02 0 0.436251 -0.672744 -0.270763 0 0 0 0 0 0.691498 0.721754 -0.154191 -0.465002 -0.224014 -1.11661 -0.9345 
42.0521 0.02 0 0.418466 -0.661622 -0.26368 0 0 0 0 0 0.685933 0.709847 -0.156444 -0.444141 -0.212087 -1.10435 -0.932268 
nan 0.02 0 0.415135 -0.659555 -0.26237 0 0 0 0 0 0.684905 0.707633 -0.156858 -0.440219 -0.209869 -1.10207 -0.931858 
nan 0.02 0 0.415135 -0.659555 -0.26237 0 0 0 0 0 0.684905 0.707633 -0.156858 -0.440219 -0.209869 -1.10207 -0.931858 
nan 0.02 0 0.415135 -0.659555 -0.26237 0 0 0 0 0 0.684905 0.707633 -0.156858 -0.440219 -0.209869 -1.10207 -0.931858 
nan 0.02 0 0.415135 -0.659555 -0.26237 0 0 0 0 0 0.684905 0.707633 -0.156858 -0.440219 -0.209869 -1.10207 -0.931858 
nan 0.02 0 0.415135 -0.659555 -0.26237 0 0 0 0 0 0.684905 0.707633 -0.156858 -0.440219 -0.209869 -1.10207 -0.931858 
nan 0.02 0 0.415135 -0.659555 -0.26237 0 0 0 0 0 0.684905 0.707633 -0.156858 -0.440219 -0.209869 -1.10207 -0.931858 
nan 0.02 0 0.415135 -0.659555 -0.26237 0 0 0 0 0 0.684905 0.707633 -0.156858 -0.440219 -0.209869 -1.10207 -0.931858 
nan 0.02 0 0.415135 -0.659555 -0.26237 0 0 0 0 0 0.684905 0.707633 -0.156858 -0.440219 -0.209869 -1.10207 -0.931858 
nan 0.02 0 0.415135 -0.659555 -0.26237 0 0 0 0 0 0.684905 0.707633 -0.156858 -0.440219 -0.209869 -1.10207 -0.931858 
nan 0.02 0 0.415135 -0.659555 -0.26237 0 0 0 0 0 0.684905 0.707633 -0.156858 -0.440219 -0.209869 -1.10207 -0.931858 
nan 0.02 0 0.415135 -0.659555 -0.26237 0 0 0 0 0 0.684905 0.707633 -0.156858 -0.440219 -0.209869 -1.10207 -0.931858 
nan 0.02 0 0.415135 -0.659555 -0.26237 0 0 0 0 0 0.684905 0.707633 -0.156858 -0.440219 -0.209869 -1.10207 -0.931858 
nan 0.02 0 0.415135 -0.659555 -0.26237 0 0 0 0 0 0.684905 0.707633 -0.156858 -0.440219 -0.209869 -1.10207 -0.931858 
nan 0.02 0 0.415135 -0.659555 -0.26237 0 0 0 0 0 0.684905 0.707633 -0.156858 -0.440219 -0.209869 -1.10207 -0.931858 
nan 0.02 0 0.415135 -0.659555 -0.26237 0 0 0 0 0 0.684905 0.707633 -0.156858 -0.440219 -0.209869 -1.10207 -0.931858 
nan 0.02 0 0.415135 -0.659555 -0.26237 0 0 0 0 0 0.684905 0.707633 -0.156858 -0.440219 -0.209869 -1.10207 -0.931858 
nan 0.02 0 0.415135 -0.659555 -0.26237 0 0 0 0 0 0.684905 0.707633 -0.156858 -0.440219 -0.209869 -1.10207 -0.931858 
nan 0.02 0 0.415135 -0.659555 -0.26237 0 0 0 0 0 0.684905 0.707633 -0.156858 -0.440219 -0.209869 -1.10207 -0.931858 
nan 0.02 0 0.415135 -0.659555 -0.26237 0 0 0 0 0 0.684905 0.707633 -0.156858 -0.440219 -0.209869 -1.10207 -0.931858 
nan 0.02 0 0.415135 -0.659555 -0.26237 0 0 0 0 0 0.684905 0.707633 -0.156858 -0.440219 -0.209869 -1.10207 -0.931858 
nan 0.02 0 0.415135 -0.659555 -0.26237 0 0 0 0 0 0.684905 0.707633 -0.156858 -0.440219 -0.209869 -1.10207 -0.931858 
nan 0.02 0 0.415135 -0.659555 -0.26237 0 0 0 0 0 0.684905 0.707633 -0.156858 -0.440219 -0.209869 -1.10207 -0.931858 
nan 0.02 0 0.415135 -0.659555 -0.26237 0 0 0 0 0 0.684905 0.707633 -0.156858 -0.440219 -0.209869 -1.10207 -0.931858 
nan 0.02 0 0.415135 -0.659555 -0.26237 0 0 0 0 0 0.684905 0.707633 -0.156858 -0.440219 -0.209869 -1.10207 -0.931858 
nan 0.02 0 0.415135 -0.659555 -0.26237 0 0 0 0 0 0.684905 0.707633 -0.156858 -0.440219 -0.209869 -1.10207 -0.931858 
nan 0.02 0 0.415135 -0.659555 -0.26237 0 0 0 0 0 0.684905 0.707633 -0.156858 -0.440219 -0.209869 -1.10207 -0.931858 
nan 0.02 0 0.415135 -0.659555 -0.26237 0 0 0 0 0 0.684905 0.707633 -0.156858 -0.440219 -0.209869 -1.10207 -0.931858 
nan 0.02 0 0.415135 -0.659555 -0.26237 0 0 0 0 0 0.684905 0.707633 -0.156858 -0.440219 -0.209869 -1.10207 -0.931858 
nan 0.02 0 0.415135 -0.659555 -0.26237 0 0 0 0 0 0.684905 0.707633 -0.156858 -0.440219 -0.209869 -1.10207 -0.931858 
nan 0.02 0 0.415135 -0.659555 -0.26237 0 0 0 0 0 0.684905 0.707633 -0.156858 -0.440219 -0.209869 -1.10207 -0.931858 
nan 0.02 0 0.415135 -0.659555 -0.26237 0 0 0 0 0 0.684905 0.707633 -0.156858 -0.440219 -0.209869 -1.10207 -0.931858 
nan 0.02 0 0.415135 -0.659555 -0.26237 0 0 0 0 0 0.684905 0.707633 -0.156858 -0.440219 -0.209869 -1.10207 -0.931858 
nan 0.02 0 0.415135 -0.659555 -0.26237 0 0 0 0 0 0.684905 0.707633 -0.156858 -0.440219 -0.209869 -1.10207 -0.931858 
nan 0.02 0 0.415135 -0.659555 -0.26237 0 0 0 0 0 0.684905 0.707633 -0.156858 -0.440219 -0.209869 -1.10207 -0.931858 
nan 0.02 0 0.415135 -0.659555 -0.26237 0 0 0 0 0 0.684905 0.707633 -0.156858 -0.440219 -0.209869 -1.10207 -0.931858 
nan 0.02 0 0.415135 -0.659555 -0.26237 0 0 0 0 0 0.684905 0.707633 -0.156858 -0.440219 -0.209869 -1.10207 -0.931858 
