#1 rho_s 
#2 coeffs 
17.6931 0.02 0 0 1.26 0 0 0 0 0 0 0 0 0 -0.14 0 0 0 
19.0539 0.02 0 0.000100443 1.26826 -1.00205e-05 0 0 0 0 0 5.9509e-05 -1.94902e-05 -9.45182e-05 -0.145624 6.88191e-06 -7.04344e-06 0.000211452 
20.7172 0.02 0 0.000199721 1.27666 3.28487e-05 0 0 0 0 0 0.000171301 -4.12673e-05 -0.000190452 -0.151069 -3.49033e-05 -3.38557e-05 0.000452472 
22.6765 0.02 0 0.000297416 1.2852 9.19963e-05 0 0 0 0 0 0.00030119 -6.57138e-05 -0.000288176 -0.156308 -9.23525e-05 -7.14988e-05 0.000703111 
25.0372 0.02 0 0.000392402 1.29391 0.000157855 0 0 0 0 0 0.000440309 -9.33179e-05 -0.000388496 -0.161301 -0.000157693 -0.000118723 0.000957451 
27.9871 0.02 0 0.000482734 1.30279 0.000225708 0 0 0 0 0 0.000584174 -0.000124639 -0.00049358 -0.166 -0.000228519 -0.000175913 0.00121131 
32.0065 0.02 0 0.000564026 1.31182 0.000291255 0 0 0 0 0 0.000728355 -0.000160078 -0.00060924 -0.170357 -0.000305552 -0.00024363 0.00145897 
37.2339 0.02 0 0.000624443 1.32088 0.000346151 0 0 0 0 0 0.000863278 -0.000198523 -0.000751822 -0.174382 -0.000394295 -0.000319495 0.00168541 
42.1458 0.02 0 0.000635247 1.33025 0.000389249 0 0 0 0 0 0.000976435 -0.00020706 -0.000876999 -0.177695 -0.000481825 -0.000387938 0.00184631 
50.9107 0.02 0 0.000649772 1.33979 0.000427049 0 0 0 0 0 0.00106449 -0.000202868 -0.000936626 -0.180198 -0.000534877 -0.000474514 0.00194227 
64.8137 0.02 0 0.000667339 1.34924 0.000459659 0 0 0 0 0 0.00112974 -0.000188553 -0.00094398 -0.181808 -0.000558834 -0.000576878 0.00199082 
87.8878 0.02 0 0.000685175 1.35837 0.000486719 0 0 0 0 0 0.00117718 -0.000166944 -0.000921001 -0.18245 -0.000563761 -0.000694391 0.00201065 
126.159 0.02 0 0.000701498 1.36708 0.000508285 0 0 0 0 0 0.00121193 -0.000141313 -0.000884922 -0.182158 -0.000558047 -0.000822631 0.00201635 
166.084 0.02 0 0.000716409 1.3756 0.000526054 0 0 0 0 0 0.00123996 -0.000117742 -0.000845017 -0.181141 -0.000546982 -0.000929852 0.00201701 
127.051 0.02 0 0.00073227 1.3842 0.00054487 0 0 0 0 0 0.00127005 -0.000118616 -0.000802814 -0.18042 -0.000532225 -0.00083361 0.00201195 
123.917 0.02 0 0.000738135 1.38537 0.000552475 0 0 0 0 0 0.00128233 -0.000129706 -0.000792918 -0.181907 -0.000529622 -0.000751558 0.00200068 
150.259 0.02 0 0.000740242 1.38346 0.000555856 0 0 0 0 0 0.00128782 -0.000145015 -0.00079565 -0.184416 -0.000531897 -0.000678113 0.00198608 
172.681 0.02 0 0.000740592 1.37994 0.000557327 0 0 0 0 0 0.0012903 -0.000166856 -0.000804685 -0.187538 -0.000536233 -0.000569204 0.00196871 
165.64 0.02 0 0.000741196 1.37658 0.000559241 0 0 0 0 0 0.00129372 -0.000194874 -0.000813058 -0.190705 -0.000539709 -0.000409026 0.00194933 
154.449 0.02 0 0.000743134 1.37481 0.000562919 0 0 0 0 0 0.0013001 -0.000220982 -0.000815751 -0.193313 -0.000540821 -0.000249154 0.00192981 
151.753 0.02 0 0.000746284 1.3747 0.0005684 0 0 0 0 0 0.00130928 -0.000242405 -0.000812658 -0.19532 -0.000539862 -0.00010913 0.0019105 
157.391 0.02 0 0.000750356 1.37604 0.000575455 0 0 0 0 0 0.0013208 -0.000259395 -0.000804768 -0.196821 -0.000537326 1.09694e-05 0.00189119 
169.087 0.02 0 0.000755116 1.37856 0.000583824 0 0 0 0 0 0.00133431 -0.000272927 -0.000793117 -0.197911 -0.000533606 0.000115211 0.00187161 
180.714 0.02 0 0.00076034 1.38196 0.000593149 0 0 0 0 0 0.0013494 -0.00028431 -0.000778973 -0.19872 -0.000529113 0.000208462 0.00185127 
181.754 0.02 0 0.000765649 1.38558 0.000602773 0 0 0 0 0 0.00136518 -0.00029494 -0.000764471 -0.199501 -0.000524557 0.000293689 0.00182926 
174.077 0.02 0 0.000770342 1.38833 0.000611481 0 0 0 0 0 0.00137969 -0.00030566 -0.000752895 -0.200634 -0.000521097 0.000368185 0.00180496 
172.629 0.02 0 0.0007739 1.38946 0.000618371 0 0 0 0 0 0.00139125 -0.000316808 -0.000746261 -0.202318 -0.00051944 0.00042914 0.00177885 
176.64 0.02 0 0.000776396 1.38906 0.000623515 0 0 0 0 0 0.00139993 -0.000328241 -0.000744155 -0.2045 -0.000519422 0.000476455 0.00175134 
183.436 0.02 0 0.000779608 1.38782 0.000626448 0 0 0 0 0 0.00140859 -0.00030903 -0.000745522 -0.206972 -0.000519653 0.000442934 0.00172737 
184.939 0.02 0 0.000785719 1.38644 0.000626512 0 0 0 0 0 0.00141895 -0.000260986 -0.000749882 -0.20952 -0.000518019 0.000358461 0.00170521 
183.199 0.02 0 0.000795972 1.38557 0.000624007 0 0 0 0 0 0.00143235 -0.000193948 -0.000756277 -0.211938 -0.000513768 0.000240181 0.00168616 
182.762 0.02 0 0.000810886 1.38553 0.000619205 0 0 0 0 0 0.00144933 -0.000117526 -0.000764239 -0.214126 -0.000506663 0.000104856 0.00167093 
185.287 0.02 0 0.00083038 1.38635 0.000612325 0 0 0 0 0 0.00146988 -3.69537e-05 -0.000773655 -0.216079 -0.000496854 -3.83375e-05 0.00165944 
189.777 0.02 0 0.000854029 1.3879 0.000603499 0 0 0 0 0 0.00149364 4.59847e-05 -0.000784612 -0.217842 -0.000484662 -0.000186229 0.00165117 
193.702 0.02 0 0.00088113 1.38991 0.000592798 0 0 0 0 0 0.00152 0.000130879 -0.000797327 -0.219502 -0.000470496 -0.000338025 0.00164523 
194.984 0.02 0 0.00091065 1.39197 0.000580289 0 0 0 0 0 0.00154801 0.000216643 -0.00081209 -0.221173 -0.000454844 -0.000491739 0.00164044 
194.466 0.02 0 0.000941299 1.39361 0.000566126 0 0 0 0 0 0.00157647 0.00030047 -0.000829108 -0.22297 -0.000438234 -0.00064229 0.00163561 
194.965 0.02 0 0.000972015 1.39451 0.000550543 0 0 0 0 0 0.00160438 0.00037891 -0.000848384 -0.22496 -0.000421072 -0.00078355 0.00162994 
197.654 0.02 0 0.00100247 1.39463 0.000533717 0 0 0 0 0 0.00163149 0.000449485 -0.000869785 -0.227141 -0.000403456 -0.00091115 0.00162322 
201.127 0.02 0 0.00103315 1.39416 0.000515681 0 0 0 0 0 0.00165829 0.000510933 -0.000893168 -0.229464 -0.00038518 -0.00102287 0.0016158 
203.551 0.02 0 0.00106506 1.39345 0.000496368 0 0 0 0 0 0.00168577 0.000562921 -0.000918442 -0.231853 -0.00036591 -0.00111822 0.00160841 
204.665 0.02 0 0.00109926 1.39284 0.000475693 0 0 0 0 0 0.00171493 0.000605912 -0.000945552 -0.234239 -0.000345367 -0.00119811 0.00160182 
205.497 0.02 0 0.00113656 1.39259 0.000453612 0 0 0 0 0 0.00174651 0.000640863 -0.000974478 -0.236576 -0.000323429 -0.00126432 0.00159667 
206.962 0.02 0 0.00117732 1.39281 0.000430114 0 0 0 0 0 0.00178082 0.000668798 -0.00100524 -0.238849 -0.000300092 -0.00131876 0.00159323 
209.162 0.02 0 0.00122153 1.39349 0.000405209 0 0 0 0 0 0.00181784 0.000690514 -0.00103788 -0.241067 -0.000275414 -0.00136287 0.00159143 
211.523 0.02 0 0.00126884 1.3945 0.000378932 0 0 0 0 0 0.00185723 0.000706578 -0.00107243 -0.243253 -0.000249476 -0.00139762 0.00159092 
213.384 0.02 0 0.00131862 1.39563 0.000351366 0 0 0 0 0 0.00189844 0.000717373 -0.0011089 -0.245434 -0.00022238 -0.00142371 0.00159116 
214.568 0.02 0 0.00137005 1.39667 0.000322652 0 0 0 0 0 0.00194072 0.000723397 -0.0011472 -0.247633 -0.000194249 -0.00144198 0.00159152 
215.523 0.02 0 0.00142234 1.3974 0.000292973 0 0 0 0 0 0.00198337 0.000725367 -0.00118722 -0.249864 -0.000165209 -0.0014537 0.00159148 
216.825 0.02 0 0.00147499 1.39772 0.000262467 0 0 0 0 0 0.00202593 0.000724267 -0.00122882 -0.252127 -0.000135347 -0.00146059 0.00159073 
218.621 0.02 0 0.00152794 1.39761 0.000231173 0 0 0 0 0 0.00206835 0.000721223 -0.00127195 -0.254414 -0.000104675 -0.00146466 0.00158925 
220.602 0.02 0 0.00158159 1.39719 0.000199001 0 0 0 0 0 0.00211097 0.000717409 -0.00131668 -0.256711 -7.31295e-05 -0.00146804 0.00158727 
222.381 0.02 0 0.00163665 1.3966 0.000165771 0 0 0 0 0 0.0021544 0.000713945 -0.00136317 -0.25901 -4.06107e-05 -0.00147283 0.00158523 
223.835 0.02 0 0.00169391 1.396 0.00013127 0 0 0 0 0 0.00219932 0.000711811 -0.00141163 -0.261307 -7.01883e-06 -0.00148089 0.00158356 
225.11 0.02 0 0.00175407 1.39553 9.53052e-05 0 0 0 0 0 0.0022463 0.000711757 -0.00146227 -0.263602 2.77218e-05 -0.00149365 0.00158267 
226.416 0.02 0 0.00181756 1.39525 5.77457e-05 0 0 0 0 0 0.00229572 0.000714302 -0.00151525 -0.2659 6.36602e-05 -0.00151211 0.00158279 
227.837 0.02 0 0.00188452 1.39519 1.85329e-05 0 0 0 0 0 0.00234767 0.00071976 -0.00157064 -0.268204 0.000100822 -0.00153684 0.001584 
229.29 0.02 0 0.00195482 1.39529 -2.23155e-05 0 0 0 0 0 0.00240202 0.000728287 -0.00162842 -0.270511 0.00013921 -0.00156812 0.00158619 
230.635 0.02 0 0.00202805 1.39548 -6.47051e-05 0 0 0 0 0 0.00245845 0.000739933 -0.00168849 -0.272815 0.000178809 -0.00160601 0.00158913 
231.784 0.02 0 0.00210368 1.39564 -0.000108486 0 0 0 0 0 0.00251649 0.000754654 -0.00175066 -0.275102 0.000219581 -0.00165035 0.00159252 
232.785 0.02 0 0.00218113 1.39569 -0.000153481 0 0 0 0 0 0.00257565 0.000772362 -0.00181469 -0.277354 0.00026148 -0.00170088 0.00159606 
233.762 0.02 0 0.00225994 1.39554 -0.00019954 0 0 0 0 0 0.00263556 0.000792906 -0.00188038 -0.279554 0.000304463 -0.00175721 0.00159955 
234.814 0.02 0 0.00233989 1.39517 -0.000246584 0 0 0 0 0 0.00269603 0.00081611 -0.00194762 -0.281691 0.000348512 -0.00181901 0.00160289 
235.953 0.02 0 0.00242106 1.39458 -0.000294636 0 0 0 0 0 0.00275713 0.000841815 -0.00201641 -0.283759 0.000393649 -0.00188596 0.00160614 
237.107 0.02 0 0.00250377 1.39382 -0.000343823 0 0 0 0 0 0.00281914 0.000869878 -0.0020869 -0.285763 0.000439939 -0.00195781 0.00160949 
238.193 0.02 0 0.00258857 1.39297 -0.000394342 0 0 0 0 0 0.00288252 0.000900133 -0.00215935 -0.287717 0.000487478 -0.00203437 0.00161322 
239.169 0.02 0 0.00267607 1.39211 -0.000446426 0 0 0 0 0 0.00294778 0.000932425 -0.00223405 -0.289638 0.000536377 -0.00211546 0.00161764 
245.391 0.02 0 0.00276682 1.39128 -0.000500298 0 0 0 0 0 0.0030154 0.000966579 -0.0023113 -0.291542 0.000586746 -0.00220082 0.00162304 
243.398 0.02 0 0.00284871 1.39044 -0.000545183 0 0 0 0 0 0.00307312 0.000958936 -0.00238099 -0.293417 0.00062888 -0.00226853 0.00162423 
244.212 0.02 0 0.00293122 1.38971 -0.000585796 0 0 0 0 0 0.00311886 0.000922928 -0.00245177 -0.295299 0.000667348 -0.00230506 0.00162076 
245.021 0.02 0 0.00301475 1.38909 -0.000622685 0 0 0 0 0 0.0031538 0.000862492 -0.00252391 -0.297192 0.000702595 -0.00231451 0.00161302 
245.804 0.02 0 0.00309952 1.38855 -0.000656339 0 0 0 0 0 0.00317899 0.000781121 -0.0025976 -0.299085 0.000735063 -0.00230056 0.00160135 
246.524 0.02 0 0.00318561 1.38806 -0.000687191 0 0 0 0 0 0.00319535 0.000681907 -0.00267294 -0.300962 0.000765178 -0.00226653 0.00158603 
247.165 0.02 0 0.00327299 1.38755 -0.000715621 0 0 0 0 0 0.00320369 0.000567643 -0.00274996 -0.302799 0.000793338 -0.00221544 0.00156728 
247.747 0.02 0 0.00336162 1.38699 -0.000741963 0 0 0 0 0 0.00320471 0.000440887 -0.00282866 -0.304572 0.000819888 -0.00215008 0.00154534 
248.308 0.02 0 0.00345151 1.38633 -0.000766512 0 0 0 0 0 0.00319906 0.000303989 -0.00290907 -0.306262 0.000845117 -0.00207299 0.00152041 
248.885 0.02 0 0.00354277 1.38556 -0.000789537 0 0 0 0 0 0.00318726 0.000159086 -0.00299124 -0.30786 0.000869246 -0.00198654 0.00149269 
249.478 0.02 0 0.00363567 1.38468 -0.000811285 0 0 0 0 0 0.00316979 8.09968e-06 -0.00307531 -0.309367 0.000892442 -0.00189282 0.00146236 
250.062 0.02 0 0.00373061 1.38374 -0.000831985 0 0 0 0 0 0.00314702 -0.000147278 -0.00316152 -0.310795 0.00091482 -0.0017937 0.00142958 
250.608 0.02 0 0.0038281 1.38276 -0.000851849 0 0 0 0 0 0.00311924 -0.000305566 -0.00325017 -0.312164 0.000936458 -0.00169084 0.00139449 
251.106 0.02 0 0.00392868 1.38178 -0.000871071 0 0 0 0 0 0.0030867 -0.000465488 -0.00334159 -0.313497 0.000957424 -0.00158564 0.00135719 
251.56 0.02 0 0.00403286 1.38085 -0.000889823 0 0 0 0 0 0.00304956 -0.000625965 -0.00343613 -0.314815 0.000977775 -0.00147932 0.00131778 
251.986 0.02 0 0.00414107 1.37999 -0.000908251 0 0 0 0 0 0.00300798 -0.000786101 -0.00353405 -0.316132 0.000997579 -0.00137286 0.00127634 
252.389 0.02 0 0.00425357 1.3792 -0.000926482 0 0 0 0 0 0.00296211 -0.000945188 -0.00363557 -0.317452 0.00101692 -0.00126706 0.00123291 
252.775 0.02 0 0.0043705 1.37847 -0.000944617 0 0 0 0 0 0.00291207 -0.00110268 -0.00374076 -0.31877 0.0010359 -0.00116256 0.00118754 
253.135 0.02 0 0.00449185 1.37777 -0.000962733 0 0 0 0 0 0.00285802 -0.00125816 -0.00384965 -0.320074 0.00105461 -0.00105982 0.00114026 
253.462 0.02 0 0.00461754 1.37709 -0.000980891 0 0 0 0 0 0.00280012 -0.00141128 -0.00396218 -0.321346 0.00107317 -0.00095925 0.00109113 
253.766 0.02 0 0.00474748 1.3764 -0.000999144 0 0 0 0 0 0.00273852 -0.00156175 -0.0040783 -0.322568 0.00109165 -0.000861141 0.00104018 
254.061 0.02 0 0.00488165 1.37567 -0.00101754 0 0 0 0 0 0.00267333 -0.00170937 -0.00419797 -0.323727 0.00111015 -0.000765732 0.000987445 
254.357 0.02 0 0.00502012 1.3749 -0.00103612 0 0 0 0 0 0.00260464 -0.00185396 -0.00432126 -0.324816 0.0011287 -0.000673206 0.000932951 
254.653 0.02 0 0.00516312 1.37409 -0.00105494 0 0 0 0 0 0.00253243 -0.0019954 -0.00444834 -0.325839 0.00114736 -0.0005837 0.000876696 
254.944 0.02 0 0.00531104 1.37325 -0.00107404 0 0 0 0 0 0.00245665 -0.00213358 -0.0045795 -0.326807 0.00116615 -0.000497302 0.000818654 
255.222 0.02 0 0.00546436 1.37241 -0.00109348 0 0 0 0 0 0.00237715 -0.00226847 -0.00471511 -0.327736 0.00118507 -0.000414061 0.00075878 
255.479 0.02 0 0.00562358 1.37159 -0.00111329 0 0 0 0 0 0.00229379 -0.00240003 -0.00485558 -0.328644 0.00120414 -0.000334 0.000697018 
255.721 0.02 0 0.00578919 1.37081 -0.00113353 0 0 0 0 0 0.00220639 -0.00252828 -0.0050013 -0.329544 0.00122339 -0.000257112 0.000633308 
255.951 0.02 0 0.00596157 1.37007 -0.00115422 0 0 0 0 0 0.0021148 -0.00265323 -0.00515257 -0.330447 0.00124282 -0.000183361 0.000567593 
256.171 0.02 0 0.006141 1.36938 -0.00117539 0 0 0 0 0 0.00201892 -0.00277492 -0.00530962 -0.331352 0.00126247 -0.000112699 0.000499833 
256.381 0.02 0 0.0063276 1.36872 -0.00119703 0 0 0 0 0 0.0019187 -0.00289338 -0.00547255 -0.332254 0.00128239 -4.5053e-05 0.000430002 
256.58 0.02 0 0.00652141 1.36809 -0.00121916 0 0 0 0 0 0.00181414 -0.00300867 -0.00564139 -0.333142 0.0013026 1.96541e-05 0.000358088 
256.77 0.02 0 0.00672243 1.36746 -0.00124177 0 0 0 0 0 0.00170524 -0.00312083 -0.00581613 -0.334003 0.00132317 8.15064e-05 0.000284087 
256.955 0.02 0 0.0069307 1.36682 -0.00126486 0 0 0 0 0 0.001592 -0.00322989 -0.00599677 -0.334826 0.0013441 0.00014059 0.000207988 
257.14 0.02 0 0.00714634 1.36617 -0.00128843 0 0 0 0 0 0.00147437 -0.00333591 -0.00618342 -0.335605 0.00136546 0.000196991 0.000129765 
257.329 0.02 0 0.00736963 1.36549 -0.00131249 0 0 0 0 0 0.0013522 -0.00343895 -0.00637629 -0.336341 0.00138725 0.0002508 4.93652e-05 
257.517 0.02 0 0.00760099 1.36481 -0.00133707 0 0 0 0 0 0.00122529 -0.00353907 -0.0065757 -0.337039 0.00140949 0.000302102 -3.32927e-05 
257.704 0.02 0 0.00784095 1.36413 -0.00136217 0 0 0 0 0 0.00109333 -0.00363634 -0.00678211 -0.337709 0.00143221 0.000350983 -0.000118312 
257.884 0.02 0 0.00809009 1.36346 -0.00138781 0 0 0 0 0 0.000956003 -0.00373084 -0.006996 -0.338365 0.00145543 0.00039753 -0.000205815 
258.06 0.02 0 0.008349 1.36281 -0.00141403 0 0 0 0 0 0.000812969 -0.00382264 -0.00721786 -0.339015 0.00147916 0.000441822 -0.000295916 
252.507 0.02 0 0.00861818 1.36219 -0.00144082 0 0 0 0 0 0.000663929 -0.00391181 -0.00744809 -0.339666 0.00150342 0.00048394 -0.000388726 
252.244 0.02 0 0.00884367 1.36161 -0.00146684 0 0 0 0 0 0.000528588 -0.00401684 -0.00763838 -0.340322 0.00152893 0.000525466 -0.000474998 
252.254 0.02 0 0.00902943 1.36111 -0.00149269 0 0 0 0 0 0.000411797 -0.00413142 -0.00779219 -0.341016 0.00155628 0.000565953 -0.000562124 
252.271 0.02 0 0.00917986 1.36066 -0.00151844 0 0 0 0 0 0.000311269 -0.00425388 -0.00791343 -0.341728 0.00158536 0.00060529 -0.000650263 
252.282 0.02 0 0.00929885 1.36022 -0.00154405 0 0 0 0 0 0.000224955 -0.00438266 -0.00800552 -0.342429 0.00161603 0.00064345 -0.000739523 
252.295 0.02 0 0.00938973 1.35978 -0.00156952 0 0 0 0 0 0.000151062 -0.00451633 -0.00807146 -0.343091 0.00164815 0.000680417 -0.000829985 
252.323 0.02 0 0.00945545 1.3593 -0.00159484 0 0 0 0 0 8.80519e-05 -0.00465364 -0.0081139 -0.343693 0.0016816 0.000716147 -0.000921743 
252.38 0.02 0 0.00949856 1.35878 -0.00162009 0 0 0 0 0 3.4646e-05 -0.0047935 -0.00813514 -0.344226 0.00171635 0.000750535 -0.00101494 
252.462 0.02 0 0.00952128 1.35821 -0.00164539 0 0 0 0 0 -1.01978e-05 -0.00493503 -0.00813721 -0.344699 0.00175243 0.000783417 -0.00110977 
252.551 0.02 0 0.00952553 1.35763 -0.00167098 0 0 0 0 0 -4.73264e-05 -0.00507752 -0.00812192 -0.345129 0.00178993 0.00081458 -0.0012065 
252.637 0.02 0 0.00951296 1.35705 -0.00169711 0 0 0 0 0 -7.74235e-05 -0.00522037 -0.00809083 -0.345541 0.001829 0.000843791 -0.00130544 
252.718 0.02 0 0.00948498 1.35651 -0.00172402 0 0 0 0 0 -0.000101071 -0.0053631 -0.00804534 -0.345959 0.00186978 0.000870835 -0.00140694 
252.798 0.02 0 0.00944281 1.356 -0.00175194 0 0 0 0 0 -0.000118789 -0.00550521 -0.00798664 -0.346401 0.0019124 0.000895551 -0.00151128 
