#1 rho_s 
#2 coeffs 
2.54242 0.02 0 1 0 0 0 0 0 0 0 0 0 0 0 0 0 0 
9.49631 0.02 0 2 0 0 0 0 0 0 0 0 0 0 0 0 0 0 
9.49615 0.02 0 1 1 0 0 0 0 0 0 0 0 0 0 0 0 0 
4.3762 0.02 0 1 0 1 0 0 0 0 0 0 0 0 0 0 0 0 
3.21788 0.02 0 1 0 0 0 0 0 0 0 0.5 0 0 0 0 0 0 
6.64081 0.02 0 1 0 0 0 0 0 0 0 0 0.5 0 0 0 0 0 
5.36602 0.02 0 1 0 0 0 0 0 0 0 0 0 0.5 0 0 0 0 
25.8619 0.02 0 1 0 0 0 0 0 0 0 0 0 0 0.5 0 0 0 
11.2609 0.02 0 1 0 0 0 0 0 0 0 0 0 0 0 0.5 0 0 
9.96121 0.02 0 1 0 0 0 0 0 0 0 0 0 0 0 0 0.5 0 
4.65323 0.02 0 1 0 0 0 0 0 0 0 0 0 0 0 0 0 0.5 
1.89346 0.02 0 0 0 0 0 0 0 0 0 0 0 0 0 0 0 0 
9.88685 0.02 0 1 -1 0 0 0 0 0 0 0 0 0 0 0 0 0 
4.4445 0.02 0 1 0 -1 0 0 0 0 0 0 0 0 0 0 0 0 
6.89146 0.02 0 1 0 0 0 0 0 0 0 -0.5 0 0 0 0 0 0 
6.76385 0.02 0 1 0 0 0 0 0 0 0 0 -0.5 0 0 0 0 0 
4.74395 0.02 0 1 0 0 0 0 0 0 0 0 0 -0.5 0 0 0 0 
27.6171 0.02 0 1 0 0 0 0 0 0 0 0 0 0 -0.5 0 0 0 
11.2328 0.02 0 1 0 0 0 0 0 0 0 0 0 0 0 -0.5 0 0 
9.9419 0.02 0 1 0 0 0 0 0 0 0 0 0 0 0 0 -0.5 0 
4.54829 0.02 0 1 0 0 0 0 0 0 0 0 0 0 0 0 0 -0.5 
13.1529 0.02 0 1.07687 -0.00395011 -0.000690558 0 0 0 0 0 -0.0185707 -0.000622001 0.0031447 -0.99816 0.00014173 9.76498e-05 0.000530536 
43.6606 0.02 0 0.565619 0.0499851 0.00252959 0 0 0 0 0 0.0849688 0.00437503 -0.0142606 -0.585139 -0.00229208 -0.00129018 -0.00207658 
53.914 0.02 0 -0.264297 0.157878 0.00802445 0 0 0 0 0 0.263158 0.013553 -0.0445953 -0.790279 -0.00737411 -0.00408952 -0.006554 
41.7029 0.02 0 -1.21825 0.0700518 0.0027715 0 0 0 0 0 0.12323 0.00466089 -0.0153639 -0.787088 -0.00382281 -0.00178492 -0.00225541 
56.5934 0.02 0 -0.390727 0.173665 0.00882689 0 0 0 0 0 0.339474 0.0149083 -0.0490549 -0.869307 -0.00811152 -0.00449847 -0.0072094 
34.6377 0.02 0 -0.384084 0.276021 0.0135904 0 0 0 0 0 0.581545 0.0237494 -0.0762496 -0.849208 -0.0127205 -0.00720561 -0.0111361 
42.0283 0.02 0 -0.25746 0.0611991 0.00798106 0 0 0 0 0 0.306944 0.0134797 -0.0443542 -0.786006 -0.00733424 -0.00406741 -0.00651856 
56.5839 0.02 0 -0.398658 0.355192 0.00827574 0 0 0 0 0 0.288995 0.0130939 -0.0452546 -0.938607 -0.00669258 -0.00371412 -0.00672223 
62.6305 0.02 0 -0.445702 0.18053 0.00917582 0 0 0 0 0 0.352893 -0.00426732 -0.050994 -0.903671 -0.00843217 -0.0046763 -0.00749439 
61.5562 0.02 0 -0.469303 0.192001 0.0157261 0 0 0 0 0 0.344535 -0.0149079 -0.0943663 -0.900219 -0.021079 -0.0117016 -0.0131216 
77.2066 0.02 0 -0.500865 0.187419 0.00952594 0 0 0 0 0 0.366358 -0.00443014 -0.0529398 -0.938152 -0.00875391 -0.00485473 0.011298 
78.5742 0.02 0 -0.528511 0.204794 0.00970327 0 0 0 0 0 0.363327 -0.0197168 -0.0486938 -0.932533 -0.00419894 -0.00444186 0.0551162 
89.3485 0.02 0 -0.584733 0.212327 0.0100602 0 0 0 0 0 0.376691 -0.020442 -0.0504848 -0.966833 0.0140376 -0.00460525 0.0571435 
77.0966 0.02 0 -0.596355 0.167451 0.00688714 0 0 0 0 0 0.368538 0.000380495 -0.0577467 -1 0.00958455 -0.0017352 0.0738574 
122.977 0.02 0 -0.639097 0.219611 0.0104053 0 0 0 0 0 0.389613 -0.0211433 -0.0522167 -1 0.0145192 0.0123891 0.0591038 
102.693 0.02 0 -0.681792 0.24164 0.076909 0 0 0 0 0 0.396797 -0.0107828 -0.0486135 -0.994111 0.00727928 0.0353419 0.0534979 
98.5903 0.02 0 -0.582274 0.211998 0.0100446 0 0 0 0 0 0.376106 -0.0204103 -0.0504065 -0.965333 0.0140159 0.0292933 0.0570548 
120.113 0.02 0 -0.684216 0.244971 -0.0657782 0 0 0 0 0 0.397571 -0.0137277 -0.049334 -0.994131 0.000762435 0.0174746 0.0573368 
117.229 0.02 0 -0.65319 0.227129 -0.0253539 0 0 0 0 0 0.401606 -0.00596728 -0.0684289 -0.999334 0.0430459 0.0362272 0.0689574 
101.965 0.02 0 -0.607247 0.24034 -0.00256331 0 0 0 0 0 0.410974 -0.0585778 -0.0545672 -1 0.00347114 0.0224142 0.0624514 
75.218 0.02 0 -0.629844 0.188916 0.0762693 0 0 0 0 0 0.383753 -0.03647 -0.0324661 -1 0.0348648 0.0204751 0.0635613 
119.393 0.02 0 -0.669567 0.234143 -0.00650034 0 0 0 0 0 0.366791 -0.0337715 -0.0678066 -1 0.020094 0.0219185 0.0259614 
95.7602 0.02 0 -0.66724 0.225487 0.0322615 0 0 0 0 0 0.404897 -0.0203573 -0.0733146 -0.986613 0.0225203 -0.0229659 0.0579255 
97.0651 0.02 0 -0.593791 0.274758 -0.00117717 0 0 0 0 0 0.379118 -0.0142241 -0.0330628 -1 -0.00894669 0.0214522 0.0650472 
94.6489 0.02 0 -0.581722 0.211924 0.0100411 0 0 0 0 0 0.375975 -0.0204032 -0.0678909 -0.964996 0.014011 0.0119555 0.0570349 
81.4198 0.02 0 -0.712963 0.173784 -0.0118639 0 0 0 0 0 0.398775 -0.0320223 -0.047711 -1 0.00361953 0.0230098 0.0648267 
58.1902 0.02 0 -0.608168 0.181773 0.0012343 0 0 0 0 0 0.414437 -0.0190384 -0.0453316 -0.992966 0.00774935 0.0216495 0.0269671 
83.4693 0.02 0 -0.700191 0.280204 -0.000100473 0 0 0 0 0 0.374869 -0.0169148 -0.0518344 -1 0.0285377 0.00126927 0.0672168 
106.414 0.02 0 -0.54977 0.207973 0.00982768 0 0 0 0 0 0.368364 -0.020075 -0.0493348 -0.999904 0.0137708 0.0117493 0.0560547 
131.717 0.02 0 -0.648448 0.255076 0.00803927 0 0 0 0 0 0.431231 -0.00842616 -0.0640989 -1 0.0108959 0.00840753 0.0690204 
69.1413 0.02 0 -0.721732 0.26005 -0.00935905 0 0 0 0 0 0.457999 -0.00725021 -0.065561 -1 0.0235134 -0.00225005 0.0599283 
93.3939 0.02 0 -0.560983 0.241945 0.00759671 0 0 0 0 0 0.408428 -0.00803053 -0.0606899 -0.999907 0.0103507 0.00798626 0.0655483 
104.562 0.02 0 -0.674695 0.254447 0.0265455 0 0 0 0 0 0.440866 -0.0140316 -0.0952648 -1 -0.00768547 0.0191098 0.0952249 
95.8512 0.02 0 -0.647274 0.248391 0.0187283 0 0 0 0 0 0.445358 -0.0155571 -0.0537359 -1 0.0151565 0.0140865 0.0823131 
111.077 0.02 0 -0.663052 0.250334 0.00790427 0 0 0 0 0 0.423337 -0.00809075 -0.0628498 -0.994543 0.0105186 0.00814631 0.0671937 
109.822 0.02 0 -0.640502 0.263394 0.00771898 0 0 0 0 0 0.432395 -0.00872986 -0.0714491 -1 0.00765418 0.00804325 0.0614687 
108.083 0.02 0 -0.643499 0.255469 0.0081432 0 0 0 0 0 0.434045 -0.00782381 -0.0643263 -0.997177 0.0104537 0.00811524 0.0675198 
110.429 0.02 0 -0.650573 0.250911 0.00617377 0 0 0 0 0 0.429387 -0.00632538 -0.0639938 -1 0.0104846 0.00570964 0.0708621 
108.562 0.02 0 -0.651782 0.256269 0.00889727 0 0 0 0 0 0.43287 -0.00436773 -0.0648702 -1 0.0114967 0.00727406 0.069552 
108.402 0.02 0 -0.649471 0.259694 0.00756542 0 0 0 0 0 0.430194 -0.0116911 -0.0631021 -1 0.0127365 0.0101158 0.0684577 
107.845 0.02 0 -0.651613 0.260399 0.00810926 0 0 0 0 0 0.435039 -0.00896115 -0.0644847 -1 0.0109755 0.00902367 0.0687266 
109.663 0.02 0 -0.648973 0.24836 0.0112168 0 0 0 0 0 0.431874 -0.00835624 -0.0641563 -1 0.00965139 0.0108006 0.0671675 
109.105 0.02 0 -0.644643 0.256447 0.00739759 0 0 0 0 0 0.427603 -0.00882984 -0.061938 -1 0.00951434 0.00931576 0.0687438 
107.855 0.02 0 -0.644925 0.255484 0.0133264 0 0 0 0 0 0.430705 -0.0100797 -0.0666157 -1 0.0108849 0.00744885 0.0711658 
109.71 0.02 0 -0.645824 0.255139 0.00618866 0 0 0 0 0 0.430267 -0.00786562 -0.0609823 -1 0.012754 0.0073373 0.0663999 
110.69 0.02 0 -0.645944 0.253455 -1.74043e-05 0 0 0 0 0 0.431792 -0.00877665 -0.0660815 -1 0.0113562 0.00961318 0.0697366 
110.328 0.02 0 -0.645449 0.249619 0.00753266 0 0 0 0 0 0.429981 -0.00921622 -0.0627017 -0.999476 0.0106616 0.00939337 0.0658896 
106.11 0.02 0 -0.652253 0.254989 0.00698804 0 0 0 0 0 0.43205 -0.0108313 -0.063684 -1 0.00802964 0.00590708 0.0689366 
108.324 0.02 0 -0.6511 0.254008 0.0135154 0 0 0 0 0 0.428493 -0.00861355 -0.0628675 -0.999532 0.0106083 0.0105492 0.0677861 
109.2 0.02 0 -0.652771 0.254467 0.00733354 0 0 0 0 0 0.430436 -0.00828217 -0.0642611 -1 0.011571 0.0106612 0.0727483 
110.453 0.02 0 -0.648868 0.252602 0.00508313 0 0 0 0 0 0.428608 -0.00820849 -0.0644822 -0.999941 0.013742 0.0108703 0.0690148 
109.175 0.02 0 -0.640595 0.255738 0.00813964 0 0 0 0 0 0.432514 -0.00770989 -0.0643251 -1 0.00836977 0.00875688 0.0698887 
107.026 0.02 0 -0.650225 0.252279 0.0103296 0 0 0 0 0 0.428741 -0.0095543 -0.0649702 -0.998734 0.011995 0.00544106 0.0679713 
107.732 0.02 0 -0.652774 0.256938 0.00587341 0 0 0 0 0 0.429067 -0.00785709 -0.0671278 -1 0.0102621 0.0083119 0.0670997 
108.658 0.02 0 -0.648352 0.253073 0.00760411 0 0 0 0 0 0.43251 -0.00917204 -0.0635279 -1 0.0122304 0.00759838 0.069513 
108.205 0.02 0 -0.647654 0.255908 0.00800724 0 0 0 0 0 0.431347 -0.00845653 -0.0648339 -1 0.0105717 0.0083711 0.0682652 
108.522 0.02 0 -0.648998 0.255288 0.00759359 0 0 0 0 0 0.431176 -0.00830795 -0.0635958 -0.999027 0.0106662 0.00860392 0.0693651 
