#1 rho_s 
#2 coeffs 
Epsilon: -8.51618 + 3.79562i
11.6058 17 0.05 0 0.915092 -0.0089947 -0.0282071 0 0 0 0 0 0.03173 0.537903 0.00868894 0.494974 0.215343 0.0277427 0.0530459 -0.108143 -54.8086 1.49528 1.75445 -0.222124 -0.120728 0.00237507 0.190157 0.0513898 -40.883 -26.1762 29.9535 -52.6662 -12.1319 -1.23868 0.983049 
11.9329 17 0.05 0 0.857908 -0.00743462 -0.0263766 0 0 0 0 0 -0.0109247 0.510592 0.0399406 0.440025 0.202685 0.0264503 0.0540716 0.040404 50.1467 -1.17366 -1.35387 0.405808 0.131904 -0.16799 0.0746486 0.0644974 35.674 21.7385 -29.3756 47.4396 10.6012 1.8054 -0.497927 
11.9813 17 0.05 0 0.85838 -0.00733543 -0.0262469 0 0 0 0 0 -0.0115706 0.509543 0.0385473 0.440049 0.202502 0.0268484 0.0542945 0.0540405 49.7774 -1.16189 -1.58684 -0.214924 0.0204909 0.054718 0.0345547 0.0619052 36.1724 22.1314 -29.5839 47.0721 10.8749 1.64543 -0.733842 
14.3653 17 0.05 0 0.879147 -0.00774942 -0.0268159 0 0 0 0 0 0.0028855 0.517968 0.0254907 0.459415 0.206856 0.0277803 0.0541359 0.177519 21.9908 -3.13919 -0.839402 -0.105777 0.0215718 0.0192677 -0.0442227 0.0407972 15.3545 7.34308 -13.8537 22.1196 4.51424 0.686043 -0.477116 
13.5461 17 0.05 0 0.903643 -0.00921855 -0.0275732 0 0 0 0 0 0.0199543 0.527333 0.0100795 0.482845 0.211956 0.0287704 0.0538366 -0.652156 -40.6306 1.10351 0.951977 -0.42923 -0.255394 -0.0338655 0.152648 0.394206 -30.8118 -20.2283 23.138 -40.3657 -9.18231 -1.22446 0.0570789 
12.7478 17 0.05 0 0.909879 -0.0100067 -0.0278604 0 0 0 0 0 0.0235231 0.528259 0.0054032 0.488342 0.21303 0.0291522 0.0536239 -0.710359 -48.9038 1.81772 1.32056 -0.470552 -0.268131 0.0517186 0.159907 0.424904 -36.764 -24.0429 27.5661 -48.3336 -10.9849 -1.36338 0.268271 
13.9072 17 0.05 0 0.901659 -0.0101309 -0.0277302 0 0 0 0 0 0.016479 0.522564 0.00913972 0.479703 0.210931 0.0290836 0.0535311 -0.69718 -34.2885 1.79576 0.82173 -0.447261 -0.229737 0.0242956 0.135687 0.361084 -25.8232 -16.8185 19.9494 -35.1516 -7.87635 -1.16237 -0.000806305 
14.6365 17 0.05 0 0.886357 -0.00979139 -0.0274191 0 0 0 0 0 0.00424373 0.513674 0.0171719 0.46384 0.207241 0.0287399 0.0534537 0.164514 7.76004 -0.78509 0.00971991 -0.00247558 -0.0255947 0.272977 -0.0396819 -0.0627816 5.38324 2.52033 -4.29849 6.38444 1.34109 0.335134 0.141029 
13.7995 17 0.05 0 0.874763 -0.00968199 -0.027143 0 0 0 0 0 -0.0052241 0.506459 0.0232029 0.45142 0.204317 0.0285182 0.0534195 0.268548 36.8509 -1.40648 -0.922521 0.0578025 -0.0897809 0.210624 0.026593 -0.1103 26.7213 16.5047 -21.1148 34.7014 8.05545 1.32897 -0.33521 
13.5469 17 0.05 0 0.873306 -0.00990876 -0.0271185 0 0 0 0 0 -0.00718086 0.504091 0.0235195 0.448774 0.203668 0.0286321 0.0533144 0.281937 40.432 -1.20221 -1.04222 0.0672095 -0.0956448 0.19658 0.0334837 -0.113146 29.3486 18.5612 -23.0572 38.092 8.93918 1.45404 -0.381925 
14.2266 17 0.05 0 0.880729 -0.0103587 -0.027321 0 0 0 0 0 -0.00255472 0.506058 0.0188491 0.454688 0.205032 0.0290403 0.0531434 0.236484 28.0989 -0.688396 -0.612892 0.0291969 -0.070894 0.222407 0.00888529 -0.0999338 20.4862 12.903 -15.7066 25.8415 6.05054 0.997856 -0.170465 
14.6549 17 0.05 0 0.893097 -0.0108967 -0.0276263 0 0 0 0 0 0.00577316 0.510473 0.0114795 0.465262 0.207489 0.0296062 0.052958 0.14269 -2.52477 1.16249 0.347984 -0.0520023 -0.00929814 0.259313 -0.0681422 -0.0494106 -1.72573 -1.10254 2.24743 -4.8254 -0.99932 -0.14854 0.227961 
14.1451 17 0.05 0 0.903687 -0.011138 -0.0278282 0 0 0 0 0 0.0128986 0.514211 0.00532399 0.47376 0.20949 0.0300839 0.0528388 0.0890629 -28.8171 2.46983 1.07988 -0.1117 0.0405203 0.276118 -0.141266 0.00761492 -20.9913 -13.6307 17.0255 -30.632 -6.92271 -1.08565 0.48255 
13.9035 17 0.05 0 0.907134 -0.0108476 -0.0277859 0 0 0 0 0 0.0148916 0.514725 0.00337676 0.474998 0.20984 0.0302829 0.0528323 0.0844787 -34.4043 2.45865 1.19622 -0.123112 0.0508253 0.278411 -0.157059 0.0226055 -25.1051 -16.6108 19.9601 -35.9202 -8.17885 -1.28525 0.489356 
14.3491 17 0.05 0 0.903347 -0.010108 -0.0275127 0 0 0 0 0 0.0116727 0.511891 0.00561908 0.468982 0.20853 0.0302029 0.0529232 0.106994 -22.8332 1.76129 0.822858 -0.100297 0.0309902 0.273829 -0.125258 -0.00471046 -16.6492 -11.1758 13.5584 -24.5963 -5.59605 -0.93384 0.30621 
14.6723 17 0.05 0 0.895498 -0.00910328 -0.0271077 0 0 0 0 0 0.00554062 0.507174 0.0102746 0.458799 0.206266 0.0299486 0.0530643 0.172169 2.27784 0.0879682 0.0267713 -0.0418079 -0.0153287 0.25256 -0.0557563 -0.0574114 1.38914 0.548888 -0.874144 0.797232 0.21073 -0.0301363 -0.0191624 
14.3894 17 0.05 0 0.888834 -0.0081755 -0.0267355 0 0 0 0 0 0.00025775 0.503009 0.014321 0.449728 0.204255 0.0297122 0.0531884 0.239859 23.1392 -1.1223 -0.64025 0.0131301 -0.054887 0.221608 -0.00228439 -0.0946294 16.1637 10.4163 -13.1346 22.2342 5.18919 0.795137 -0.254427 
14.1956 17 0.05 0 0.887407 -0.00756474 -0.0265278 0 0 0 0 0 -0.00130205 0.501322 0.0153678 0.445967 0.203473 0.0296566 0.0532496 0.261903 28.8574 -1.42997 -0.839869 0.0292847 -0.0649261 0.20875 0.0112254 -0.103894 20.0782 13.1836 -16.5589 28.2892 6.62025 1.03606 -0.318486 
14.4401 17 0.05 0 0.891738 -0.00729853 -0.0265059 0 0 0 0 0 0.00120748 0.502379 0.0130848 0.448111 0.204061 0.0298082 0.0532423 0.240768 21.2125 -1.41061 -0.647367 0.00742939 -0.0494188 0.222974 -0.00670996 -0.0922942 14.4991 9.30403 -12.2048 20.8063 4.82307 0.72292 -0.284111 
14.6778 17 0.05 0 0.899752 -0.00733282 -0.0266118 0 0 0 0 0 0.00627887 0.505136 0.00866238 0.454077 0.205527 0.0300848 0.0531805 0.187338 2.32098 -0.803282 -0.128027 -0.0432963 -0.0126578 0.251173 -0.0555131 -0.0572811 0.994384 -0.0497783 -1.31386 1.69775 0.325096 -0.0520297 -0.171382 
14.5077 17 0.05 0 0.907494 -0.00752151 -0.0267332 0 0 0 0 0 0.0110854 0.507633 0.00438334 0.459835 0.206923 0.0303262 0.0530908 0.13978 -16.7432 0.133797 0.421717 -0.0902472 0.0231143 0.270266 -0.108673 -0.0154987 -12.5293 -9.39857 9.5957 -17.7832 -4.19806 -0.800133 -0.0294698 
14.3376 17 0.05 0 0.911193 -0.00766564 -0.0267599 0 0 0 0 0 0.0129616 0.508039 0.00240625 0.461537 0.207359 0.0303868 0.0530039 0.125224 -23.7107 0.534565 0.631274 -0.106348 0.0360397 0.273787 -0.128743 0.00177797 -17.4218 -12.848 13.5305 -24.9688 -5.85862 -1.06345 0.0232948 
14.5026 17 0.05 0 0.909858 -0.00769009 -0.0266599 0 0 0 0 0 0.0112252 0.505881 0.00328802 0.458162 0.206599 0.0302324 0.0529305 0.140492 -17.1212 0.290999 0.441303 -0.0919327 0.0250779 0.265529 -0.110162 -0.0134823 -12.7063 -9.556 9.86311 -18.3625 -4.31652 -0.830317 -0.0377375 
14.6837 17 0.05 0 0.905274 -0.00765478 -0.0264824 0 0 0 0 0 0.00714918 0.502045 0.00603061 0.451489 0.205061 0.029929 0.0528566 0.181932 -0.809174 -0.386063 -0.0181793 -0.0530815 -0.00390293 0.243738 -0.0646044 -0.0492946 -1.16168 -1.35426 0.640914 -1.6343 -0.405481 -0.192041 -0.128671 
14.5837 17 0.05 0 0.900938 -0.00769969 -0.0263245 0 0 0 0 0 0.00320535 0.498281 0.00865616 0.445086 0.203579 0.0296144 0.0527637 0.224889 14.5603 -0.869406 -0.431133 -0.0135052 -0.0318843 0.216526 -0.0237348 -0.0795501 9.67478 6.52773 -8.10443 14.266 3.35423 0.454728 -0.15662 
14.4758 17 0.05 0 0.899934 -0.00791525 -0.0262679 0 0 0 0 0 0.00157455 0.496181 0.00940729 0.442148 0.20291 0.0294205 0.052648 0.240243 20.1016 -0.881028 -0.560476 0.00121358 -0.0415398 0.202522 -0.00978004 -0.0892054 13.5961 9.53696 -11.188 19.9909 4.73878 0.699088 -0.127942 
14.5822 17 0.05 0 0.903084 -0.00828775 -0.02633 0 0 0 0 0 0.00284555 0.496209 0.00782776 0.443529 0.203262 0.0293865 0.0525176 0.22397 14.8326 -0.518002 -0.380589 -0.013769 -0.030906 0.208424 -0.0233651 -0.0790515 9.96631 7.01946 -8.03403 14.4127 3.44009 0.475438 -0.0765885 
14.6909 17 0.05 0 0.908958 -0.00873096 -0.0264636 0 0 0 0 0 0.00602529 0.497662 0.00476118 0.447713 0.204281 0.0294524 0.0523838 0.186058 1.58851 0.246163 0.0298148 -0.0488948 -0.00561691 0.22588 -0.0588359 -0.052186 0.782203 0.425568 -0.324939 0.395406 0.162087 -0.083821 -0.0156266 
14.6058 17 0.05 0 0.914637 -0.00908408 -0.0265793 0 0 0 0 0 0.00908339 0.499073 0.00190033 0.451607 0.205243 0.0294951 0.0522586 0.152238 -11.3844 1.00162 0.427361 -0.0809954 0.0184571 0.240128 -0.095048 -0.0234813 -8.23422 -6.12134 7.09447 -13.3205 -3.03666 -0.608946 0.0346767 
14.5338 17 0.05 0 0.917429 -0.00919667 -0.0265955 0 0 0 0 0 0.0101499 0.499083 0.000776138 0.452375 0.205486 0.0294074 0.0521522 0.141974 -15.7957 1.23538 0.571322 -0.0916454 0.0267217 0.243441 -0.107582 -0.0129468 -11.2955 -8.40414 9.57533 -17.9862 -4.13087 -0.773623 0.0552196 
14.6258 17 0.05 0 0.916655 -0.00904038 -0.0264908 0 0 0 0 0 0.00875436 0.497335 0.00175986 0.449311 0.204842 0.0291663 0.0520673 0.156596 -10.0478 0.898015 0.421244 -0.0785938 0.0169624 0.235249 -0.0913087 -0.0257071 -7.28979 -5.49478 6.3369 -11.9184 -2.72614 -0.527574 0.0606531 
14.6954 17 0.05 0 0.913831 -0.00870877 -0.0263067 0 0 0 0 0 0.00594725 0.494586 0.00399155 0.44401 0.203681 0.0288357 0.052003 0.18846 1.82585 0.191605 0.0899362 -0.0493529 -0.0039523 0.217756 -0.0582814 -0.0511165 0.905654 0.558619 -0.435299 0.802872 0.235216 -0.00953048 0.0781795 
14.6521 17 0.05 0 0.911648 -0.00836574 -0.0261198 0 0 0 0 0 0.00358354 0.492202 0.00593157 0.439353 0.202674 0.0285326 0.0519611 0.13038 10.0402 0.674363 -0.179389 0.0464674 0.0364506 -0.0490433 -0.122084 0.000569092 6.83226 5.20916 -5.0289 9.78825 2.51576 0.456796 0.289888 
14.608 17 0.05 0 0.911831 -0.00790834 -0.0259885 0 0 0 0 0 0.00290935 0.491158 0.00660981 0.437231 0.202301 0.0283556 0.0519856 0.0677763 13.1178 0.298109 -0.284567 0.0434765 0.043293 -0.0541891 -0.0906807 0.00564557 8.83405 6.6911 -6.88829 13.3372 3.35449 0.561127 0.266433 
14.6652 17 0.05 0 0.914852 -0.00742832 -0.0259314 0 0 0 0 0 0.00422023 0.491668 0.00572611 0.438209 0.202693 0.0283171 0.0520659 0.0839502 8.14805 0.272503 -0.180449 0.0613772 0.0406979 -0.0703434 -0.0890013 0.0138926 5.2852 3.95228 -4.1606 8.14468 2.10968 0.35872 0.207579 
14.6929 17 0.05 0 0.919392 -0.00693177 -0.0259191 0 0 0 0 0 0.00657513 0.493 0.00400713 0.44089 0.203514 0.028361 0.0521845 0.117336 -1.43711 0.432579 0.028184 0.0972214 0.0356216 -0.100864 -0.0849707 0.0305988 -1.44415 -1.22998 1.17322 -2.10421 -0.31878 -0.040591 0.0943559 
14.6418 17 0.05 0 0.923206 -0.00638335 -0.0259016 0 0 0 0 0 0.00839807 0.49394 0.00270296 0.442863 0.20419 0.0283919 0.0523135 0.143192 -9.04992 0.506973 0.182532 0.124476 0.0321978 -0.124103 -0.0811652 0.0446552 -6.80491 -5.40699 5.34665 -10.2178 -2.24579 -0.35003 -0.00553016 
14.6344 17 0.05 0 0.924639 -0.00577105 -0.0258447 0 0 0 0 0 0.00852547 0.493579 0.0027193 0.442359 0.2043 0.0283414 0.0524295 0.14306 -9.76835 0.296037 0.172191 0.124414 0.0322911 -0.125472 -0.0809638 0.0460337 -7.39332 -5.95609 5.62932 -10.8426 -2.42093 -0.372686 -0.039659 
14.6863 17 0.05 0 0.923725 -0.00514771 -0.025754 0 0 0 0 0 0.00696435 0.4919 0.0040109 0.439443 0.203851 0.0282109 0.0525259 0.118113 -3.73336 -0.150632 0.00487831 0.098401 0.0357982 -0.105984 -0.0843376 0.0347735 -3.31888 -2.89571 2.1223 -4.11047 -0.861636 -0.115179 -0.000999522 
14.6906 17 0.05 0 0.922037 -0.00461504 -0.0256703 0 0 0 0 0 0.0047827 0.489709 0.00567289 0.435846 0.203244 0.0280658 0.0526134 0.086425 4.4433 -0.558553 -0.205813 0.0647663 0.0409115 -0.0796482 -0.0879755 0.020087 2.24471 1.39754 -2.57239 4.94583 1.27379 0.236739 0.0751403 
14.6603 17 0.05 0 0.921531 -0.00425989 -0.0256419 0 0 0 0 0 0.00331817 0.488039 0.00658867 0.433721 0.202988 0.0279887 0.0527104 0.0691605 8.9678 -0.683129 -0.321329 0.0458843 0.0440782 -0.0649387 -0.089315 0.0121399 5.34257 3.85656 -5.13795 9.92551 2.47558 0.427691 0.122041 
14.6758 17 0.05 0 0.92317 -0.0040971 -0.0256913 0 0 0 0 0 0.00323785 0.487424 0.00621833 0.434112 0.203334 0.0280186 0.052827 0.0746314 7.28787 -0.495919 -0.28196 0.0513086 0.0431538 -0.0703795 -0.0882259 0.0146483 4.23644 3.06045 -4.11442 7.99874 2.04822 0.339178 0.0999096 
14.7012 17 0.05 0 0.926382 -0.00406633 -0.0258028 0 0 0 0 0 0.00416602 0.487588 0.00490939 0.436359 0.204133 0.0281261 0.0529567 0.0971202 0.966267 -0.051696 -0.124256 0.074621 0.0389523 -0.0905455 -0.0852377 0.0249496 -0.0163417 -0.183301 -0.412585 0.890211 0.391703 0.0454141 0.0281982 
14.6809 17 0.05 0 0.929535 -0.00405069 -0.0259339 0 0 0 0 0 0.00500653 0.487694 0.00362 0.438615 0.204953 0.0282346 0.0530814 0.119792 -5.30629 0.450093 0.0403751 0.0976659 0.0346655 -0.109981 -0.0818833 0.0352189 -4.2322 -3.38972 3.26031 -6.1856 -1.25763 -0.23798 -0.0326611 
14.6679 17 0.05 0 0.931121 -0.00392787 -0.0260434 0 0 0 0 0 0.00474943 0.486972 0.00323459 0.439173 0.205396 0.0282759 0.0531869 0.125871 -7.00183 0.744459 0.10029 0.103237 0.0332502 -0.114942 -0.0804986 0.0374499 -5.31966 -4.16153 4.32507 -8.20201 -1.70917 -0.318045 -0.0347551 
14.6937 17 0.05 0 0.930856 -0.00363501 -0.0261184 0 0 0 0 0 0.00322039 0.485303 0.00393775 0.437683 0.205381 0.028236 0.0532742 0.112136 -3.28281 0.752008 0.0314251 0.0882552 0.0354847 -0.103114 -0.081506 0.030311 -2.70354 -2.04743 2.30854 -4.22037 -0.732598 -0.161889 0.0286875 
14.7022 17 0.05 0 0.929808 -0.00318379 -0.0261788 0 0 0 0 0 0.00116532 0.483282 0.00514487 0.43529 0.205188 0.0281598 0.0533607 0.0901103 2.72832 0.595781 -0.0943405 0.064578 0.0397548 -0.0837017 -0.0829509 0.0196237 1.45864 1.27137 -1.05179 2.34958 0.866655 0.105439 0.124546 
14.687 17 0.05 0 0.929533 -0.00262553 -0.0262572 0 0 0 0 0 -0.000340552 0.481761 0.00598093 0.433699 0.205227 0.0281168 0.0534703 0.076181 6.45039 0.475371 -0.168134 0.0494484 0.0426258 -0.0709096 -0.0831175 0.0129879 4.01958 3.31737 -3.15895 6.44715 1.87115 0.28502 0.194709 
14.6937 17 0.05 0 0.930901 -0.00199921 -0.0263706 0 0 0 0 0 -0.000700358 0.481211 0.00594815 0.43387 0.205732 0.0281492 0.0536186 0.0786215 5.4588 0.48788 -0.130141 0.0518901 0.041748 -0.0727685 -0.0819009 0.0140277 3.32563 2.76465 -2.61438 5.37185 1.61422 0.262422 0.202285 
14.7068 17 0.05 0 0.933526 -0.00130673 -0.0265066 0 0 0 0 0 -0.000185361 0.481411 0.00525655 0.435385 0.2066 0.028245 0.0538046 0.0935374 0.8363 0.590906 -0.00767257 0.0676337 0.0378463 -0.0858679 -0.0797877 0.0209405 0.116087 0.190225 -0.033249 0.325303 0.377216 0.0826765 0.157698 
14.696 17 0.05 0 0.936125 -0.000526327 -0.0266321 0 0 0 0 0 0.000312361 0.481642 0.00461951 0.436845 0.207485 0.0283533 0.0540139 0.108109 -3.73752 0.64631 0.106891 0.0829278 0.033984 -0.0984124 -0.0775125 0.0278156 -3.08551 -2.39866 2.48981 -4.62214 -0.848463 -0.0934039 0.107142 
14.691 17 0.05 0 0.937522 0.000349314 -0.0267185 0 0 0 0 0 -3.16013e-05 0.481233 0.00468322 0.436979 0.20807 0.0284275 0.0542317 0.110074 -4.7905 0.535571 0.128743 0.0851321 0.0328674 -0.099814 -0.0761194 0.0288245 -3.87557 -3.08169 3.0042 -5.67051 -1.12557 -0.118995 0.0946219 
14.706 17 0.05 0 0.937543 0.00128385 -0.0267635 0 0 0 0 0 -0.00135278 0.480059 0.0055231 0.435625 0.208308 0.0284639 0.0544541 0.0978482 -1.82677 0.276602 0.046737 0.072672 0.0349659 -0.0886033 -0.0754751 0.0230398 -1.89718 -1.55274 1.24312 -2.30756 -0.311127 0.0257474 0.127992 
14.6829 17 0.05 0 0.937082 0.00220541 -0.0267921 0 0 0 0 0 -0.00305134 0.478584 0.00661261 0.433788 0.208442 0.0285038 0.0546897 0.409163 1.69356 -0.25872 0.070742 0.0398231 -0.119445 -0.110538 0.0832565 -0.100765 0.63781 0.540598 -0.814908 1.91201 0.322562 0.163647 0.0248958 
14.674 17 0.05 0 0.937113 0.00297386 -0.0267993 0 0 0 0 0 -0.00442501 0.477389 0.00738614 0.432627 0.20865 0.0285834 0.0549104 0.420245 4.48777 -0.427284 -0.0262631 0.0420089 -0.128384 -0.12763 0.0782024 -0.0994514 2.55841 2.08636 -2.4578 5.00369 1.0785 0.29663 0.0698042 
14.6773 17 0.05 0 0.938341 0.00355721 -0.0268128 0 0 0 0 0 -0.0049878 0.476861 0.00743102 0.432911 0.209127 0.028735 0.0551293 0.423741 3.67587 -0.37829 -0.0255011 0.0457584 -0.128961 -0.129911 0.0784112 -0.0951261 1.9982 1.6525 -1.99383 4.09288 0.875174 0.246828 0.0431887 
14.6829 17 0.05 0 0.940447 0.00398474 -0.026832 0 0 0 0 0 -0.00495965 0.476828 0.00693385 0.434274 0.209796 0.0289392 0.0553398 0.442392 0.195373 -0.17873 0.0502385 0.0624904 -0.131484 -0.150425 0.0784803 -0.0806312 -0.386199 -0.229536 0.0342132 0.226795 -0.0653006 0.0749978 -0.00264921 
14.676 17 0.05 0 0.942413 0.00432428 -0.0268357 0 0 0 0 0 -0.0050392 0.476735 0.00649174 0.435572 0.210386 0.029145 0.0555301 0.458776 -2.97985 0.0548627 0.117782 0.0777436 -0.133721 -0.169603 0.0784508 -0.0670677 -2.55174 -1.91876 1.90616 -3.32345 -0.925465 -0.0883512 -0.0458637 
14.6747 17 0.05 0 0.94338 0.00464752 -0.0268068 0 0 0 0 0 -0.00581184 0.476125 0.00661369 0.435838 0.210667 0.0293076 0.0556903 0.459056 -3.2914 0.200022 0.105103 0.0794238 -0.13391 -0.170916 0.0784239 -0.0644506 -2.72846 -2.00474 2.14274 -3.7589 -1.00168 -0.133624 -0.0726543 
14.6823 17 0.05 0 0.943346 0.00499623 -0.0267515 0 0 0 0 0 -0.0072682 0.475016 0.00731743 0.43504 0.210646 0.0294182 0.0558156 0.443402 -0.717187 0.23043 0.0132999 0.0674781 -0.132177 -0.153782 0.0783591 -0.0729678 -0.900683 -0.485905 0.717501 -1.05145 -0.284821 -0.0553323 -0.0819586 
14.6815 17 0.05 0 0.943115 0.00537704 -0.0266975 0 0 0 0 0 -0.00884143 0.473873 0.00815643 0.434021 0.210546 0.0295031 0.0559064 0.424522 2.39058 0.214753 -0.0870968 0.052879 -0.130203 -0.132554 0.0781635 -0.0834347 1.29141 1.31351 -1.03375 2.25169 0.580029 0.0563992 -0.0802238 
14.6787 17 0.05 0 0.943578 0.00578304 -0.0266731 0 0 0 0 0 -0.00990559 0.473207 0.00862684 0.433731 0.210619 0.029596 0.0559662 0.416973 3.45006 0.230135 -0.1204 0.047902 -0.129539 -0.12389 0.0779077 -0.0861832 2.0471 1.94033 -1.62789 3.35501 0.877337 0.0959547 -0.0774177 
14.6826 17 0.05 0 0.944977 0.00621666 -0.0266851 0 0 0 0 0 -0.0102903 0.473152 0.00859179 0.434419 0.210934 0.0297075 0.0559985 0.424649 1.78558 0.291516 -0.0675648 0.0557706 -0.130417 -0.132347 0.0777224 -0.0788079 0.890061 1.00967 -0.672233 1.53685 0.417649 0.0332018 -0.077284 
14.6819 17 0.05 0 0.946757 0.00669345 -0.0267153 0 0 0 0 0 -0.0103848 0.473391 0.00836774 0.435483 0.21134 0.0298182 0.0560057 0.438244 -1.00331 0.346277 0.0238791 0.0687928 -0.131829 -0.147409 0.0775152 -0.0672593 -1.07155 -0.583649 0.911841 -1.45842 -0.354504 -0.0662562 -0.0735838 
14.678 17 0.05 0 0.948082 0.0072258 -0.0267358 0 0 0 0 0 -0.0107794 0.47344 0.00842734 0.436028 0.211605 0.0298995 0.0559911 0.444313 -2.47511 0.320756 0.0803249 0.07546 -0.132378 -0.153456 0.0772262 -0.0607353 -2.12906 -1.46385 1.72066 -2.99668 -0.762636 -0.103901 -0.0595897 
14.681 17 0.05 0 0.948565 0.00780181 -0.0267311 0 0 0 0 0 -0.0117558 0.473059 0.00898125 0.435652 0.211625 0.029943 0.0559605 0.436954 -1.49009 0.195418 0.065823 0.070527 -0.131538 -0.143499 0.0768047 -0.0635792 -1.47292 -0.977032 1.10371 -1.87082 -0.492178 -0.035873 -0.0344296 
14.6835 17 0.05 0 0.948567 0.00838144 -0.0267075 0 0 0 0 0 -0.0130725 0.472428 0.00980674 0.434763 0.211498 0.029972 0.0559226 0.421897 0.884114 0.030798 0.00984723 0.0590323 -0.13004 -0.124577 0.0762426 -0.071587 0.158447 0.292836 -0.318702 0.746772 0.162818 0.091359 -0.00387567 
14.6816 17 0.05 0 0.94883 0.00891621 -0.0266832 0 0 0 0 0 -0.01422 0.471941 0.0104614 0.434177 0.211431 0.0300253 0.0558871 0.411078 2.47259 -0.0862221 -0.0253669 0.0513097 -0.129049 -0.111017 0.0756355 -0.0765212 1.24726 1.13528 -1.2809 2.50019 0.601001 0.182099 0.0207918 
14.6825 17 0.05 0 0.949803 0.00937548 -0.0266687 0 0 0 0 0 -0.0148897 0.471838 0.0106743 0.434388 0.211549 0.0301277 0.0558612 0.41182 1.97745 -0.112013 -0.00305202 0.053594 -0.129152 -0.111563 0.0751534 -0.0737142 0.886762 0.825247 -1.02055 1.99031 0.462192 0.175511 0.0308845 
14.6835 17 0.05 0 0.951277 0.00975835 -0.0266565 0 0 0 0 0 -0.0152314 0.471991 0.0105617 0.435176 0.211795 0.0302731 0.0558469 0.420689 0.00328615 -0.0615196 0.0583389 0.063033 -0.129974 -0.122317 0.0747793 -0.0654114 -0.501731 -0.295113 0.116887 -0.128224 -0.0851258 0.0952784 0.0280785 
14.681 17 0.05 0 0.952615 0.0100869 -0.0266279 0 0 0 0 0 -0.0156926 0.472041 0.0104949 0.435852 0.211992 0.0304336 0.0558424 0.427362 -1.59359 0.012189 0.104088 0.0707921 -0.130619 -0.131133 0.0743728 -0.0584488 -1.61703 -1.18045 1.0528 -1.8609 -0.526379 0.0225039 0.0207901 
14.6815 17 0.05 0 0.953343 0.0103885 -0.0265703 0 0 0 0 0 -0.0166019 0.471727 0.0107542 0.435899 0.21201 0.030586 0.0558446 0.424446 -1.42098 0.0615761 0.0936205 0.0703049 -0.130495 -0.128917 0.0738096 -0.0580146 -1.47858 -1.0499 0.97323 -1.71837 -0.477922 0.0198257 0.0151039 
14.6838 17 0.05 0 0.953569 0.0106807 -0.0264894 0 0 0 0 0 -0.0178786 0.471122 0.0112871 0.435416 0.211881 0.0307302 0.0558512 0.41364 0.217644 0.0843522 0.0368127 0.0629481 -0.129805 -0.117398 0.0730646 -0.0629652 -0.301036 -0.0815831 0.0452532 -0.0232451 -0.0240777 0.0776382 0.0109109 
14.6833 17 0.05 0 0.95384 0.0109715 -0.0264048 0 0 0 0 0 -0.0191286 0.470548 0.011784 0.434971 0.211756 0.0308849 0.0558606 0.403485 1.72558 0.111534 -0.0178479 0.0562153 -0.129247 -0.106707 0.0722827 -0.0673619 0.784783 0.813462 -0.810183 1.52936 0.394267 0.129491 0.00410231 
14.6833 17 0.05 0 0.954622 0.0112697 -0.0263336 0 0 0 0 0 -0.0200179 0.47028 0.011983 0.435042 0.211765 0.0310652 0.0558704 0.401238 1.76709 0.163979 -0.0296814 0.0564287 -0.129252 -0.105379 0.071642 -0.0664208 0.830854 0.870266 -0.817889 1.52894 0.407617 0.117921 -0.00839464 
14.6841 17 0.05 0 0.955882 0.0115912 -0.0262784 0 0 0 0 0 -0.0205642 0.47031 0.0119077 0.435585 0.211901 0.0312654 0.0558767 0.40628 0.439932 0.228803 -0.000263195 0.063109 -0.129719 -0.112649 0.0711865 -0.0605664 -0.0993987 0.136354 -0.0360132 0.092648 0.0431662 0.0484068 -0.0238275 
14.6829 17 0.05 0 0.957163 0.0119545 -0.0262284 0 0 0 0 0 -0.0210905 0.470379 0.0118282 0.436105 0.212038 0.0314621 0.0558748 0.411354 -0.924872 0.268053 0.0323956 0.0699054 -0.130138 -0.119786 0.0707316 -0.0546164 -1.06762 -0.637977 0.756945 -1.35919 -0.33129 -0.0182162 -0.0355324 
14.6827 17 0.05 0 0.95803 0.0123685 -0.0261729 0 0 0 0 0 -0.0219055 0.47024 0.0119958 0.436146 0.212057 0.0316346 0.0558619 0.409841 -1.06325 0.252084 0.0317358 0.0708412 -0.130105 -0.118694 0.0701094 -0.0531523 -1.17565 -0.733958 0.821981 -1.49137 -0.367982 -0.0245685 -0.038969 
14.6843 17 0.05 0 0.958477 0.012824 -0.0261125 0 0 0 0 0 -0.0230187 0.46988 0.0124098 0.435708 0.211956 0.031783 0.0558378 0.40169 0.0435045 0.189542 -0.00250028 0.0658256 -0.12967 -0.109369 0.069284 -0.0561933 -0.405806 -0.134431 0.148655 -0.294982 -0.0624241 0.0307399 -0.0341982 
14.6844 17 0.05 0 0.958895 0.0132976 -0.0260585 0 0 0 0 0 -0.0241575 0.469511 0.0128326 0.435217 0.211845 0.0319273 0.0558049 0.393011 1.24612 0.119129 -0.0365389 0.0603362 -0.129256 -0.0993764 0.0684208 -0.0595155 0.430078 0.51524 -0.586743 1.006 0.268768 0.0949995 -0.0251242 
14.6844 17 0.05 0 0.959677 0.013765 -0.0260215 0 0 0 0 0 -0.0250502 0.469343 0.013026 0.435096 0.211832 0.0320887 0.0557671 0.389867 1.40754 0.0739783 -0.0375453 0.059822 -0.129171 -0.0962127 0.0677375 -0.0590951 0.528648 0.573823 -0.71024 1.20624 0.31215 0.113148 -0.0167054 
14.6849 17 0.05 0 0.960843 0.0142124 -0.0260001 0 0 0 0 0 -0.0256868 0.469377 0.0129703 0.435379 0.211921 0.0322717 0.0557273 0.392601 0.465407 0.0610163 -0.00454327 0.0646331 -0.129408 -0.100434 0.0673002 -0.0547376 -0.152137 0.0095382 -0.178094 0.238332 0.0508286 0.0789953 -0.0106284 
14.6843 17 0.05 0 0.962051 0.0146376 -0.0259822 0 0 0 0 0 -0.0263133 0.469411 0.0128616 0.435714 0.212018 0.0324633 0.0556879 0.395944 -0.59497 0.0662677 0.0326408 0.0700927 -0.12969 -0.105731 0.0669149 -0.0499335 -0.911554 -0.612021 0.433812 -0.862952 -0.243179 0.0367488 -0.00474336 
14.6842 17 0.05 0 0.96295 0.0150445 -0.0259553 0 0 0 0 0 -0.0271808 0.469241 0.0129059 0.435732 0.212027 0.0326489 0.0556506 0.394554 -0.750672 0.0736386 0.0428732 0.0713222 -0.12976 -0.10555 0.0663595 -0.0482834 -1.02108 -0.703397 0.522837 -1.02739 -0.288319 0.0342182 0.00311823 
14.6729 17 0.05 0 0.963514 0.0154375 -0.0259167 0 0 0 0 0 -0.0283047 0.468853 0.0131193 0.435409 0.211938 0.0328284 0.0556178 0.174707 -0.517398 -0.362804 -0.348649 -0.208448 -0.180048 -0.285959 0.0872971 0.0186238 -0.545762 -0.37381 0.140451 -0.526694 -0.0315459 -0.27973 -0.322923 
14.6747 17 0.05 0 0.963853 0.0156723 -0.025998 0 0 0 0 0 -0.0295043 0.468378 0.0133594 0.434941 0.211848 0.0328976 0.0554805 0.20883 0.781507 -0.329987 -0.278351 -0.190953 -0.170982 -0.274556 0.0862263 0.00945963 0.414407 0.427831 -0.622581 0.754142 0.357835 -0.180243 -0.263065 
14.6742 17 0.05 0 0.964422 0.0157743 -0.026165 0 0 0 0 0 -0.0304516 0.468091 0.013368 0.434769 0.211886 0.0328999 0.055268 0.210111 1.17912 -0.238762 -0.212281 -0.189523 -0.168991 -0.273517 0.0883531 0.00782651 0.753855 0.713471 -0.802061 1.09602 0.438469 -0.105236 -0.166715 
14.6743 17 0.05 0 0.965335 0.0157861 -0.0263877 0 0 0 0 0 -0.0310549 0.468071 0.0131051 0.434984 0.212069 0.0328664 0.0550193 0.210644 0.420675 -0.125156 -0.0949017 -0.188525 -0.172201 -0.277024 0.0872648 0.00702887 0.264639 0.330965 -0.283749 0.234778 0.197252 -0.0750325 -0.0626477 
14.6734 17 0.05 0 0.966305 0.0157543 -0.0266217 0 0 0 0 0 -0.0315114 0.468166 0.0127708 0.435258 0.212301 0.0328106 0.0547729 0.210747 -0.638288 -0.0220509 0.0345462 -0.187717 -0.176688 -0.281522 0.0853348 0.00647078 -0.447185 -0.237414 0.409216 -0.9244 -0.126096 -0.0573747 0.04049 
14.6727 17 0.05 0 0.966965 0.015718 -0.0268216 0 0 0 0 0 -0.0320772 0.468171 0.0126079 0.435191 0.212468 0.0327406 0.0545636 0.211004 -0.914728 0.0387096 0.130361 -0.18681 -0.177548 -0.282689 0.085645 0.00537381 -0.607037 -0.372542 0.61877 -1.24777 -0.231097 -0.00662637 0.139651 
14.6732 17 0.05 0 0.967248 0.0156984 -0.0269579 0 0 0 0 0 -0.032798 0.468048 0.0126729 0.434701 0.21254 0.0326748 0.0544221 0.21147 -0.197369 0.0465853 0.174946 -0.18579 -0.173788 -0.279675 0.0887908 0.00368652 -0.0669466 0.0448232 0.211041 -0.511901 -0.0563091 0.081489 0.226614 
14.6731 17 0.05 0 0.967436 0.0156968 -0.0270208 0 0 0 0 0 -0.0334735 0.467952 0.0128046 0.434081 0.212586 0.0326435 0.0543723 0.211394 0.70803 0.0152483 0.184787 -0.185111 -0.169012 -0.27542 0.0923784 0.00210634 0.588402 0.548482 -0.334089 0.447823 0.181092 0.160918 0.284231 
14.6729 17 0.05 0 0.967852 0.0157006 -0.0270135 0 0 0 0 0 -0.0338805 0.468055 0.0128078 0.433676 0.21269 0.032671 0.054426 0.209962 0.874716 -0.0345401 0.18471 -0.185198 -0.167381 -0.273531 0.093681 0.00145344 0.69229 0.605579 -0.456994 0.665259 0.228526 0.180249 0.296476 
14.6729 17 0.05 0 0.968534 0.015692 -0.0269425 0 0 0 0 0 -0.0340071 0.46836 0.0126511 0.433541 0.212864 0.0327589 0.0545781 0.207298 0.19555 -0.089085 0.179597 -0.185957 -0.169424 -0.274598 0.0923411 0.00186739 0.173988 0.162471 -0.0844821 0.0189874 0.0551625 0.133217 0.262535 
14.6724 17 0.05 0 0.96922 0.0156529 -0.026815 0 0 0 0 0 -0.0340606 0.468693 0.0124795 0.433426 0.213041 0.0328853 0.054808 0.204434 -0.574724 -0.142247 0.152797 -0.186903 -0.171811 -0.275961 0.0905759 0.00265767 -0.414493 -0.331037 0.340002 -0.721861 -0.134891 0.0620108 0.198367 
14.6723 17 0.05 0 0.969638 0.0155672 -0.0266458 0 0 0 0 0 -0.0342553 0.468878 0.0124444 0.433067 0.213154 0.0330215 0.0550862 0.202523 -0.650033 -0.188272 0.0904629 -0.187558 -0.171243 -0.274798 0.0907011 0.00307618 -0.499349 -0.407031 0.352178 -0.754883 -0.129109 0.0131403 0.124559 
14.6728 17 0.05 0 0.969786 0.0154229 -0.0264604 0 0 0 0 0 -0.034609 0.4689 0.0125376 0.432473 0.21321 0.0331494 0.0553821 0.201828 -0.0237022 -0.216884 0.00333626 -0.187786 -0.167788 -0.271191 0.0927542 0.00299393 -0.0712747 -0.0554635 -0.0466651 -0.0799134 0.0715835 -0.00596941 0.0531515 
14.6728 17 0.05 0 0.969911 0.0152148 -0.0262915 0 0 0 0 0 -0.0349544 0.468901 0.0126054 0.431908 0.213286 0.0332631 0.0556689 0.201696 0.587712 -0.217837 -0.0773163 -0.187826 -0.164579 -0.267896 0.0947011 0.00290151 0.356224 0.306066 -0.422317 0.560207 0.266939 -0.0247906 -0.0132131 
14.6727 17 0.05 0 0.970235 0.0149483 -0.0261665 0 0 0 0 0 -0.0351391 0.469011 0.0125151 0.431598 0.213451 0.033357 0.0559236 0.201401 0.549427 -0.189333 -0.124787 -0.187912 -0.164321 -0.267355 0.0947473 0.00332176 0.328159 0.302785 -0.391381 0.510968 0.278147 -0.068915 -0.0722889 
14.6726 17 0.05 0 0.970726 0.0146389 -0.0260984 0 0 0 0 0 -0.0351877 0.46922 0.0122921 0.431501 0.213701 0.0334172 0.056128 0.200923 -0.0404511 -0.140227 -0.136176 -0.187984 -0.166514 -0.269166 0.0932269 0.00410287 -0.085401 -0.0141234 -0.0149259 -0.121096 0.129313 -0.127418 -0.115238 
14.6722 17 0.05 0 0.971156 0.014308 -0.0260862 0 0 0 0 0 -0.0352627 0.469404 0.0120849 0.43137 0.213973 0.0334253 0.0562711 0.200837 -0.513178 -0.0864141 -0.127775 -0.187804 -0.168242 -0.27062 0.0921295 0.00456709 -0.406946 -0.260534 0.29868 -0.636858 0.00447979 -0.162374 -0.129542 
14.6723 17 0.05 0 0.971358 0.0139772 -0.0261217 0 0 0 0 0 -0.035479 0.469476 0.0120064 0.431019 0.214222 0.0333735 0.0563533 0.201545 -0.377739 -0.0429635 -0.11445 -0.187243 -0.167421 -0.269669 0.0928445 0.00421506 -0.288142 -0.15608 0.246771 -0.520406 0.0407896 -0.148194 -0.109298 
14.6726 17 0.05 0 0.971402 0.0136621 -0.0261958 0 0 0 0 0 -0.0357803 0.469483 0.0120259 0.430511 0.214461 0.0332722 0.0563877 0.202685 0.169747 -0.0168845 -0.0950821 -0.186453 -0.164839 -0.266942 0.0948046 0.00326993 0.125378 0.1787 -0.0580979 0.0321104 0.186182 -0.0972626 -0.0615688 
14.6726 17 0.05 0 0.971504 0.0133709 -0.0262979 0 0 0 0 0 -0.0360067 0.469556 0.0120221 0.430063 0.214747 0.0331448 0.056396 0.20337 0.510839 -0.00767003 -0.0591717 -0.185785 -0.163081 -0.264783 0.096206 0.00237981 0.386325 0.378727 -0.245815 0.383895 0.271106 -0.0461768 -0.00287401 
14.6726 17 0.05 0 0.971786 0.0131046 -0.0264122 0 0 0 0 0 -0.0360684 0.469762 0.0119276 0.4298 0.215105 0.0330124 0.0564025 0.203109 0.300772 -0.0128928 -0.00492986 -0.185429 -0.163553 -0.26459 0.0960295 0.00197755 0.246123 0.242513 -0.10898 0.177526 0.20156 -0.0190926 0.0517405 
14.6723 17 0.05 0 0.972153 0.0128589 -0.0265174 0 0 0 0 0 -0.0360326 0.470039 0.0118015 0.429628 0.215505 0.0328856 0.0564276 0.202225 -0.186005 -0.031038 0.0524047 -0.185285 -0.165102 -0.265319 0.0950061 0.00185788 -0.098536 -0.0657061 0.18708 -0.305745 0.056239 -0.00828998 0.0967739 
14.6721 17 0.05 0 0.972415 0.0126251 -0.0265929 0 0 0 0 0 -0.036037 0.470264 0.0117575 0.429358 0.215887 0.0327678 0.0564866 0.201549 -0.400903 -0.0598757 0.0912238 -0.185156 -0.165484 -0.264792 0.0946526 0.00159397 -0.253691 -0.2193 0.312281 -0.502002 -0.00926373 0.00912383 0.133433 
14.6723 17 0.05 0 0.972502 0.0123911 -0.026627 0 0 0 0 0 -0.0361364 0.470386 0.0118352 0.428925 0.216229 0.0326646 0.0565901 0.20148 -0.138412 -0.0929109 0.101634 -0.184944 -0.163933 -0.262225 0.0955038 0.00102419 -0.0705418 -0.0919517 0.144979 -0.203382 0.0647096 0.039659 0.160357 
14.6725 17 0.05 0 0.972528 0.0121444 -0.0266194 0 0 0 0 0 -0.036253 0.470461 0.0119601 0.428457 0.216563 0.0325863 0.0567442 0.201719 0.267075 -0.120048 0.0914773 -0.184748 -0.161855 -0.259024 0.0965785 0.000497619 0.213346 0.125605 -0.10893 0.238536 0.185359 0.0637598 0.169974 
14.6725 17 0.05 0 0.972653 0.0118756 -0.0265777 0 0 0 0 0 -0.0362774 0.470577 0.0120318 0.428124 0.216936 0.0325397 0.0569482 0.201718 0.354303 -0.132937 0.0747429 -0.18472 -0.16114 -0.257149 0.096578 0.000462821 0.270194 0.166652 -0.166716 0.341544 0.222284 0.0575277 0.155108 
14.6725 17 0.05 0 0.972901 0.0115819 -0.0265116 0 0 0 0 0 -0.0361964 0.470745 0.012033 0.427953 0.217357 0.0325195 0.0571918 0.201401 0.0536713 -0.129597 0.0569201 -0.184832 -0.162074 -0.256943 0.0953416 0.000972555 0.0520343 -0.00865359 0.0157104 0.0319804 0.153809 0.0201075 0.118542 
14.6723 17 0.05 0 0.973146 0.0112666 -0.0264299 0 0 0 0 0 -0.0361032 0.470894 0.0120401 0.427811 0.217798 0.032509 0.0574576 0.201277 -0.268182 -0.114419 0.0331599 -0.184929 -0.163145 -0.256892 0.0939327 0.00158508 -0.178483 -0.187406 0.215894 -0.308395 0.0813324 -0.0248743 0.0733168 
14.6724 17 0.05 0 0.973264 0.0109374 -0.0263433 0 0 0 0 0 -0.0360877 0.470956 0.0121297 0.427564 0.218227 0.0324899 0.0577262 0.201832 -0.25116 -0.0945666 -0.000276175 -0.184864 -0.162912 -0.255405 0.0933637 0.00188079 -0.164227 -0.16271 0.213967 -0.302468 0.105164 -0.0535809 0.0335167 
14.6726 17 0.05 0 0.973274 0.0106031 -0.0262651 0 0 0 0 0 -0.0361372 0.47095 0.0122935 0.427223 0.218656 0.0324518 0.057982 0.202946 0.0553061 -0.0752545 -0.0363909 -0.184619 -0.161569 -0.252672 0.0935482 0.00181443 0.0586923 0.0319107 0.0380724 0.00234292 0.209995 -0.0637222 0.00525517 
14.6726 17 0.05 0 0.973304 0.0102716 -0.0262086 0 0 0 0 0 -0.0361591 0.470956 0.0124564 0.426916 0.219125 0.0323927 0.0582153 0.204009 0.281102 -0.0588029 -0.0609251 -0.184374 -0.160559 -0.250185 0.0934866 0.0017157 0.224938 0.176201 -0.0887982 0.224973 0.289123 -0.0704342 -0.0130584 
14.6727 17 0.05 0 0.973441 0.00994895 -0.0261812 0 0 0 0 0 -0.0360911 0.471031 0.012569 0.426726 0.219663 0.0323117 0.0584212 0.204549 0.180091 -0.0469955 -0.0650201 -0.1842 -0.160824 -0.249027 0.0925545 0.00181411 0.157965 0.123865 -0.0185671 0.111952 0.270878 -0.083858 -0.0232299 
14.6726 17 0.05 0 0.973636 0.00963875 -0.026182 0 0 0 0 0 -0.0359677 0.471147 0.0126636 0.426598 0.220255 0.0322055 0.0585982 0.204767 -0.102568 -0.0430718 -0.0524274 -0.184069 -0.161758 -0.248565 0.0911679 0.0019437 -0.0393544 -0.0416239 0.159446 -0.18447 0.196211 -0.0959958 -0.0223764 
