#1 rho_s 
#2 coeffs 
0.46669 0.2 0.5 0.25 0.166667 0.125 0.1 0.0833333 0.0714286 0.0625 0.0555556 0.05 0.0454545 0.0416667 0.0384615 0.0357143 0.0333333 0.03125 
0.124265 0.2 0 0 0 0 0.982244 0.266877 0.245926 0.0446365 0 0.0648331 0.146568 0.189172 0 0.082261 0 0.0607727 
39.7377 0.2 0 0 0 0 0.281247 0.122291 0.106959 0.0605934 0.0471188 0.0515656 0.0604058 0.0682708 0.0207964 0.041249 0.0161231 0.0345407 
0.789397 0.2 0 1.64065 0 0 2.53125 0.565898 0.556959 0.470229 0.449975 0.458062 0.472147 0.451217 0.421581 0.435635 0 0.396981 
0.332518 0.2 0 0.711019 0 0 2.48679 0.465447 0.470651 0.329198 0.302521 0.31399 0.33322 0.287928 0.272271 0.280903 0.0132153 0.221835 
1.45857 0.2 0 0.125283 0 0 1.96714 0.282935 0.296106 0.146581 0.123666 0.133016 0.149606 0.123548 0.0947133 0.107707 0.0158293 0.0749908 
0.322932 0.2 0 0.0223163 0 0 1.25315 0.169158 0.168527 0.0795854 0.0634591 0.0692627 0.0803386 0.0792093 0.0364267 0.054932 0.016075 0.0421396 
0.402111 0.2 0 0.00552315 0 0 0.715103 0.135498 0.125116 0.0655062 0.0513116 0.0561253 0.0655768 0.0710317 0.0247983 0.0447316 0.0161114 0.0364393 
6.00911 0.2 0 0.00151342 0 0 0.434165 0.12604 0.112188 0.0619546 0.048278 0.0528276 0.0618396 0.069031 0.0219022 0.0422099 0.0161199 0.0350621 
31.3385 0.2 0 0.000345754 0 0 0.319639 0.123157 0.108172 0.0609054 0.0473843 0.0518547 0.0607346 0.0684447 0.0210496 0.041469 0.0161224 0.0346599 
37.9629 0.2 0 8.44003e-05 0 0 0.290837 0.122503 0.107256 0.0606697 0.0471836 0.0516362 0.0604861 0.0683133 0.0208582 0.0413027 0.0161229 0.0345698 
39.2141 0.2 0 2.24949e-05 0 0 0.283817 0.122347 0.107038 0.0606138 0.0471361 0.0515844 0.0604273 0.0682821 0.0208128 0.0412633 0.0161231 0.0345484 
39.5963 0.2 0 5.77839e-06 0 0 0.281908 0.122305 0.106979 0.0605987 0.0471232 0.0515704 0.0604113 0.0682737 0.0208006 0.0412527 0.0161231 0.0345427 
39.6494 0.2 0 1.45465e-06 0 0 0.281414 0.122295 0.106964 0.0605948 0.0471199 0.0515668 0.0604072 0.0682715 0.0207974 0.0412499 0.0161231 0.0345412 
39.7129 0.2 0 2.2058e-07 0 0 0.281272 0.122292 0.106959 0.0605936 0.0471189 0.0515657 0.0604061 0.0682709 0.0207965 0.0412492 0.0161231 0.0345407 
39.7335 0.2 0 2.2058e-08 0 0 0.28125 0.122291 0.106959 0.0605935 0.0471188 0.0515656 0.0604059 0.0682708 0.0207964 0.041249 0.0161231 0.0345407 
39.668 0.2 0 2.2058e-09 0 0 0.281247 0.122291 0.106959 0.0605934 0.0471188 0.0515656 0.0604058 0.0682708 0.0207964 0.041249 0.0161231 0.0345407 
39.699 0.2 0 2.2058e-10 0 0 0.281247 0.122291 0.106959 0.0605934 0.0471188 0.0515656 0.0604058 0.0682708 0.0207964 0.041249 0.0161231 0.0345407 
39.6799 0.2 0 2.2058e-11 0 0 0.281247 0.122291 0.106959 0.0605934 0.0471188 0.0515656 0.0604058 0.0682708 0.0207964 0.041249 0.0161231 0.0345407 
39.803 0.2 0 2.2058e-12 0 0 0.281247 0.122291 0.106959 0.0605934 0.0471188 0.0515656 0.0604058 0.0682708 0.0207964 0.041249 0.0161231 0.0345407 
