#1 rho_s 
#2 coeffs 
alpha 0.01*3157
70.9128 0.02 0 0 0.9 0 0 0 0 0 0 0 0 0 0 0 0 0 0 0 0 0 0 0 0 0 0 
71.5435 0.02 0.00841036 6.53395e-05 0.899995 0.00010309 -4.90654e-05 8.60096e-07 -0.00517832 -4.1511e-06 3.06615e-05 2.90062e-05 6.52602e-06 -5.02534e-05 6.57013e-06 -8.14836e-05 -4.28899e-07 1.90663e-05 -8.11964e-06 -1.29599e-06 4.50013e-05 -8.92937e-07 0.00155531 6.2843e-06 -2.46167e-05 3.52863e-06 1.6734e-05 
72.088 0.02 0.0168207 0.000130679 0.89999 0.000206181 -9.81309e-05 1.72019e-06 -0.0103566 -8.30219e-06 6.1323e-05 5.80125e-05 1.3052e-05 -0.000100507 1.31403e-05 -0.000162967 -8.57798e-07 3.81327e-05 -1.62393e-05 -2.59198e-06 9.00026e-05 -1.78587e-06 0.00311063 1.25686e-05 -4.92335e-05 7.05727e-06 3.34679e-05 
72.191 0.02 0.0252311 0.000196019 0.899985 0.000309271 -0.000147196 2.58029e-06 -0.015535 -1.24533e-05 9.19846e-05 8.70187e-05 1.95781e-05 -0.00015076 1.97104e-05 -0.000244451 -1.2867e-06 5.7199e-05 -2.43589e-05 -3.88796e-06 0.000135004 -2.67881e-06 0.00466594 1.88529e-05 -7.38502e-05 1.05859e-05 5.02019e-05 
72.8208 0.02 0.0336415 0.000261358 0.89998 0.000412361 -0.000196262 3.44038e-06 -0.0207133 -1.66044e-05 0.000122646 0.000116025 2.61041e-05 -0.000201014 2.62805e-05 -0.000325935 -1.7156e-06 7.62654e-05 -3.24786e-05 -5.18395e-06 0.000180005 -3.57175e-06 0.00622126 2.51372e-05 -9.8467e-05 1.41145e-05 6.69358e-05 
73.5691 0.02 0.0420518 0.000326698 0.899975 0.000515452 -0.000245327 4.30048e-06 -0.0258916 -2.07555e-05 0.000153308 0.000145031 3.26301e-05 -0.000251267 3.28507e-05 -0.000407418 -2.1445e-06 9.53317e-05 -4.05982e-05 -6.47994e-06 0.000225007 -4.46468e-06 0.00777657 3.14215e-05 -0.000123084 1.76432e-05 8.36698e-05 
74.8306 0.02 0.0504622 0.000392037 0.89997 0.000618542 -0.000294393 5.16058e-06 -0.0310699 -2.49066e-05 0.000183969 0.000174037 3.91561e-05 -0.00030152 3.94208e-05 -0.000488902 -2.5734e-06 0.000114398 -4.87179e-05 -7.77593e-06 0.000270008 -5.35762e-06 0.00933189 3.77058e-05 -0.0001477 2.11718e-05 0.000100404 
75.8282 0.02 0.0588725 0.000457377 0.899965 0.000721632 -0.000343458 6.02067e-06 -0.0362483 -2.90577e-05 0.000214631 0.000203044 4.56821e-05 -0.000351774 4.59909e-05 -0.000570385 -3.00229e-06 0.000133464 -5.68375e-05 -9.07192e-06 0.000315009 -6.25056e-06 0.0108872 4.39901e-05 -0.000172317 2.47004e-05 0.000117138 
77.5433 0.02 0.0672829 0.000522716 0.89996 0.000824723 -0.000392523 6.88077e-06 -0.0414266 -3.32088e-05 0.000245292 0.00023205 5.22081e-05 -0.000402027 5.25611e-05 -0.000651869 -3.43119e-06 0.000152531 -6.49571e-05 -1.03679e-05 0.00036001 -7.14349e-06 0.0124425 5.02744e-05 -0.000196934 2.82291e-05 0.000133872 
78.5659 0.02 0.0756933 0.000588056 0.899955 0.000927813 -0.000441589 7.74087e-06 -0.0466049 -3.73599e-05 0.000275954 0.000261056 5.87342e-05 -0.000452281 5.91312e-05 -0.000733353 -3.86009e-06 0.000171597 -7.30768e-05 -1.16639e-05 0.000405012 -8.03643e-06 0.0139978 5.65587e-05 -0.000221551 3.17577e-05 0.000150606 
80.716 0.02 0.0841036 0.000653395 0.89995 0.0010309 -0.000490654 8.60096e-06 -0.0517832 -4.1511e-05 0.000306615 0.000290062 6.52602e-05 -0.000502534 6.57013e-05 -0.000814836 -4.28899e-06 0.000190663 -8.11964e-05 -1.29599e-05 0.000450013 -8.92937e-06 0.0155531 6.2843e-05 -0.000246167 3.52863e-05 0.00016734 
82.2478 0.02 0.092514 0.000718735 0.899945 0.00113399 -0.00053972 9.46106e-06 -0.0569615 -4.56621e-05 0.000337277 0.000319069 7.17862e-05 -0.000552787 7.22715e-05 -0.00089632 -4.71789e-06 0.00020973 -8.93161e-05 -1.42559e-05 0.000495014 -9.8223e-06 0.0171085 6.91273e-05 -0.000270784 3.8815e-05 0.000184074 
85.131 0.02 0.100924 0.000784074 0.89994 0.00123708 -0.000588785 1.03212e-05 -0.0621399 -4.98132e-05 0.000367938 0.000348075 7.83122e-05 -0.000603041 7.88416e-05 -0.000977804 -5.14679e-06 0.000228796 -9.74357e-05 -1.55519e-05 0.000540016 -1.07152e-05 0.0186638 7.54116e-05 -0.000295401 4.23436e-05 0.000200807 
87.2095 0.02 0.109335 0.000849414 0.899935 0.00134017 -0.000637851 1.11812e-05 -0.0673182 -5.39643e-05 0.0003986 0.000377081 8.48382e-05 -0.000653294 8.54117e-05 -0.00105929 -5.57569e-06 0.000247862 -0.000105555 -1.68478e-05 0.000585017 -1.16082e-05 0.0202191 8.16959e-05 -0.000320018 4.58722e-05 0.000217541 
91.3069 0.02 0.117745 0.000914753 0.89993 0.00144326 -0.000686916 1.20413e-05 -0.0724965 -5.81154e-05 0.000429261 0.000406087 9.13642e-05 -0.000703548 9.19819e-05 -0.00114077 -6.00459e-06 0.000266929 -0.000113675 -1.81438e-05 0.000630018 -1.25011e-05 0.0217744 8.79802e-05 -0.000344634 4.94009e-05 0.000234275 
94.4864 0.02 0.126155 0.000980093 0.899926 0.00154636 -0.000735981 1.29014e-05 -0.0776748 -6.22665e-05 0.000459923 0.000435094 9.78903e-05 -0.000753801 9.8552e-05 -0.00122225 -6.43349e-06 0.000285995 -0.000121795 -1.94398e-05 0.00067502 -1.3394e-05 0.0233297 9.42645e-05 -0.000369251 5.29295e-05 0.000251009 
95.9426 0.02 0.134566 0.00104543 0.899921 0.00164945 -0.000785047 1.37615e-05 -0.0828532 -6.64176e-05 0.000490584 0.0004641 0.000104416 -0.000804054 0.000105122 -0.00130374 -6.86239e-06 0.000305061 -0.000129914 -2.07358e-05 0.000720021 -1.4287e-05 0.024885 0.000100549 -0.000393868 5.64581e-05 0.000267743 
99.7187 0.02 0.142976 0.00111077 0.899916 0.00175254 -0.000834112 1.46216e-05 -0.0880315 -7.05687e-05 0.000521246 0.000493106 0.000110942 -0.000854308 0.000111692 -0.00138522 -7.29129e-06 0.000324128 -0.000138034 -2.20318e-05 0.000765022 -1.51799e-05 0.0264404 0.000106833 -0.000418485 5.99868e-05 0.000284477 
104.404 0.02 0.151387 0.00117611 0.899911 0.00185563 -0.000883178 1.54817e-05 -0.0932098 -7.47197e-05 0.000551907 0.000522112 0.000117468 -0.000904561 0.000118262 -0.00146671 -7.72019e-06 0.000343194 -0.000146154 -2.33278e-05 0.000810024 -1.60729e-05 0.0279957 0.000113117 -0.000443101 6.35154e-05 0.000301211 
108.775 0.02 0.159797 0.00124145 0.899906 0.00195872 -0.000932243 1.63418e-05 -0.0983881 -7.88708e-05 0.000582569 0.000551119 0.000123994 -0.000954815 0.000124833 -0.00154819 -8.14908e-06 0.000362261 -0.000154273 -2.46238e-05 0.000855025 -1.69658e-05 0.029551 0.000119402 -0.000467718 6.7044e-05 0.000317945 
113.693 0.02 0.168207 0.00130679 0.899901 0.00206181 -0.000981309 1.72019e-05 -0.103566 -8.30219e-05 0.00061323 0.000580125 0.00013052 -0.00100507 0.000131403 -0.00162967 -8.57798e-06 0.000381327 -0.000162393 -2.59198e-05 0.000900026 -1.78587e-05 0.0311063 0.000125686 -0.000492335 7.05727e-05 0.000334679 
115.194 0.02 0.176618 0.00137213 0.899896 0.0021649 -0.00103037 1.8062e-05 -0.108745 -8.7173e-05 0.000643892 0.000609131 0.000137046 -0.00105532 0.000137973 -0.00171116 -9.00688e-06 0.000400393 -0.000170513 -2.72157e-05 0.000945027 -1.87517e-05 0.0326616 0.00013197 -0.000516952 7.41013e-05 0.000351413 
120.29 0.02 0.185028 0.00143747 0.899891 0.00226799 -0.00107944 1.89221e-05 -0.113923 -9.13241e-05 0.000674554 0.000638137 0.000143572 -0.00110557 0.000144543 -0.00179264 -9.43578e-06 0.00041946 -0.000178632 -2.85117e-05 0.000990029 -1.96446e-05 0.0342169 0.000138255 -0.000541568 7.76299e-05 0.000368147 
123.038 0.02 0.193438 0.00150281 0.899886 0.00237108 -0.0011285 1.97822e-05 -0.119101 -9.54752e-05 0.000705215 0.000667144 0.000150098 -0.00115583 0.000151113 -0.00187412 -9.86468e-06 0.000438526 -0.000186752 -2.98077e-05 0.00103503 -2.05375e-05 0.0357722 0.000144539 -0.000566185 8.11586e-05 0.000384881 
126.55 0.02 0.201849 0.00156815 0.899881 0.00247417 -0.00117757 2.06423e-05 -0.12428 -9.96263e-05 0.000735877 0.00069615 0.000156624 -0.00120608 0.000157683 -0.00195561 -1.02936e-05 0.000457592 -0.000194871 -3.11037e-05 0.00108003 -2.14305e-05 0.0373276 0.000150823 -0.000590802 8.46872e-05 0.000401615 
130.55 0.02 0.210259 0.00163349 0.899876 0.00257726 -0.00122664 2.15024e-05 -0.129458 -0.000103777 0.000766538 0.000725156 0.00016315 -0.00125634 0.000164253 -0.00203709 -1.07225e-05 0.000476659 -0.000202991 -3.23997e-05 0.00112503 -2.23234e-05 0.0388829 0.000157107 -0.000615419 8.82158e-05 0.000418349 
133.993 0.02 0.218669 0.00169883 0.899871 0.00268035 -0.0012757 2.23625e-05 -0.134636 -0.000107929 0.0007972 0.000754162 0.000169676 -0.00130659 0.000170823 -0.00211857 -1.11514e-05 0.000495725 -0.000211111 -3.36957e-05 0.00117003 -2.32164e-05 0.0404382 0.000163392 -0.000640035 9.17445e-05 0.000435083 
135.358 0.02 0.22708 0.00176417 0.899866 0.00278344 -0.00132477 2.32226e-05 -0.139815 -0.00011208 0.000827861 0.000783168 0.000176202 -0.00135684 0.000177394 -0.00220006 -1.15803e-05 0.000514791 -0.00021923 -3.49917e-05 0.00121504 -2.41093e-05 0.0419935 0.000169676 -0.000664652 9.52731e-05 0.000451817 
137.46 0.02 0.23549 0.00182951 0.899861 0.00288653 -0.00137383 2.40827e-05 -0.144993 -0.000116231 0.000858523 0.000812175 0.000182728 -0.0014071 0.000183964 -0.00228154 -1.20092e-05 0.000533858 -0.00022735 -3.62877e-05 0.00126004 -2.50022e-05 0.0435488 0.00017596 -0.000689269 9.88017e-05 0.000468551 
137.73 0.02 0.243901 0.00189485 0.899856 0.00298962 -0.0014229 2.49428e-05 -0.150171 -0.000120382 0.000889184 0.000841181 0.000189254 -0.00145735 0.000190534 -0.00236303 -1.24381e-05 0.000552924 -0.00023547 -3.75837e-05 0.00130504 -2.58952e-05 0.0451041 0.000182245 -0.000713886 0.00010233 0.000485285 
137.647 0.02 0.252311 0.00196019 0.899851 0.00309271 -0.00147196 2.58029e-05 -0.15535 -0.000124533 0.000919846 0.000870187 0.000195781 -0.0015076 0.000197104 -0.00244451 -1.2867e-05 0.00057199 -0.000243589 -3.88796e-05 0.00135004 -2.67881e-05 0.0466594 0.000188529 -0.000738502 0.000105859 0.000502019 
136.124 0.02 0.260721 0.00202552 0.899846 0.0031958 -0.00152103 2.6663e-05 -0.160528 -0.000128684 0.000950507 0.000899193 0.000202307 -0.00155786 0.000203674 -0.00252599 -1.32959e-05 0.000591057 -0.000251709 -4.01756e-05 0.00139504 -2.7681e-05 0.0482148 0.000194813 -0.000763119 0.000109388 0.000518753 
134.126 0.02 0.269132 0.00209086 0.899841 0.00329889 -0.00157009 2.75231e-05 -0.165706 -0.000132835 0.000981169 0.0009282 0.000208833 -0.00160811 0.000210244 -0.00260748 -1.37248e-05 0.000610123 -0.000259829 -4.14716e-05 0.00144004 -2.8574e-05 0.0497701 0.000201098 -0.000787736 0.000112916 0.000535487 
130.344 0.02 0.277542 0.0021562 0.899836 0.00340198 -0.00161916 2.83832e-05 -0.170885 -0.000136986 0.00101183 0.000957206 0.000215359 -0.00165836 0.000216814 -0.00268896 -1.41537e-05 0.000629189 -0.000267948 -4.27676e-05 0.00148504 -2.94669e-05 0.0513254 0.000207382 -0.000812353 0.000116445 0.000552221 
125.754 0.02 0.285952 0.00222154 0.899831 0.00350507 -0.00166822 2.92433e-05 -0.176063 -0.000141137 0.00104249 0.000986212 0.000221885 -0.00170862 0.000223385 -0.00277044 -1.45826e-05 0.000648256 -0.000276068 -4.40636e-05 0.00153004 -3.03598e-05 0.0528807 0.000213666 -0.000836969 0.000119974 0.000568955 
121.366 0.02 0.294363 0.00228688 0.899826 0.00360816 -0.00171729 3.01034e-05 -0.181241 -0.000145288 0.00107315 0.00101522 0.000228411 -0.00175887 0.000229955 -0.00285193 -1.50115e-05 0.000667322 -0.000284188 -4.53596e-05 0.00157505 -3.12528e-05 0.054436 0.00021995 -0.000861586 0.000123502 0.000585689 
116.161 0.02 0.302773 0.00235222 0.899821 0.00371125 -0.00176636 3.09635e-05 -0.18642 -0.000149439 0.00110381 0.00104422 0.000234937 -0.00180912 0.000236525 -0.00293341 -1.54404e-05 0.000686388 -0.000292307 -4.66556e-05 0.00162005 -3.21457e-05 0.0559913 0.000226235 -0.000886203 0.000127031 0.000602422 
110.179 0.02 0.311183 0.00241756 0.899816 0.00381434 -0.00181542 3.18236e-05 -0.191598 -0.000153591 0.00113448 0.00107323 0.000241463 -0.00185938 0.000243095 -0.00301489 -1.58693e-05 0.000705455 -0.000300427 -4.79516e-05 0.00166505 -3.30387e-05 0.0575467 0.000232519 -0.00091082 0.000130559 0.000619156 
104.562 0.02 0.319594 0.0024829 0.899811 0.00391743 -0.00186449 3.26837e-05 -0.196776 -0.000157742 0.00116514 0.00110224 0.000247989 -0.00190963 0.000249665 -0.00309638 -1.62982e-05 0.000724521 -0.000308546 -4.92475e-05 0.00171005 -3.39316e-05 0.059102 0.000238803 -0.000935436 0.000134088 0.00063589 
99.3534 0.02 0.328004 0.00254824 0.899806 0.00402052 -0.00191355 3.35437e-05 -0.201955 -0.000161893 0.0011958 0.00113124 0.000254515 -0.00195988 0.000256235 -0.00317786 -1.67271e-05 0.000743587 -0.000316666 -5.05435e-05 0.00175505 -3.48245e-05 0.0606573 0.000245088 -0.000960053 0.000137617 0.000652624 
93.2446 0.02 0.336415 0.00261358 0.899801 0.00412361 -0.00196262 3.44038e-05 -0.207133 -0.000166044 0.00122646 0.00116025 0.000261041 -0.00201014 0.000262805 -0.00325935 -1.7156e-05 0.000762654 -0.000324786 -5.18395e-05 0.00180005 -3.57175e-05 0.0622126 0.000251372 -0.00098467 0.000141145 0.000669358 
