#1 rho_s 
#2 coeffs 
103.173 0.02 0 0 0 0 1 0 0 0 0 0 0 0 0 0 0 0 0 0 0 0 0 0 0 0 0 
100.487 0.02 -0.00454277 0.000340123 -0.000222537 -0.000271804 1.00001 -0.000324206 0.00544088 0.000806886 0.000758578 -0.000302598 -1.47234e-05 2.46528e-05 0.000182854 -5.96272e-05 0.00038747 -0.000185079 0.0065354 0.000438212 -9.34781e-08 0.000464707 -0.00195963 -0.000484247 1.48575e-05 0.000824916 -2.44147e-05 
109.892 0.02 -0.00906134 0.000914395 -0.000215047 -3.43794e-05 0.999961 -0.000389639 0.0108396 0.0013044 0.0010826 -0.000955366 -1.29789e-05 -0.000376215 0.000178147 -0.000381787 0.00105473 0.000158982 0.0130503 0.000500082 1.0421e-07 0.000551993 -0.00395135 -0.000741399 0.000214522 0.00133387 -1.58199e-05 
104.085 0.02 -0.0135849 0.001167 -0.000230714 -0.000104062 0.999847 -0.00029684 0.0161135 0.00207683 0.00132735 -0.00125112 -1.7365e-05 -0.000586683 9.31052e-05 -0.000431065 0.00167056 0.000120127 0.0194552 0.000361638 -2.78432e-05 0.000450029 -0.00550142 -0.00119455 0.000585091 0.00216182 -3.63246e-06 
99.5532 0.02 -0.0182427 0.00130997 -0.000507454 -7.62799e-05 0.99966 -0.000259998 0.0213944 0.00259543 0.00154097 -0.0014195 -3.5975e-05 -0.000684122 0.000314785 -0.00058479 0.00236814 0.000200579 0.0259361 0.000271466 -5.51552e-05 0.000340774 -0.00697596 -0.00149596 0.000687045 0.0027235 5.39568e-06 
102.933 0.02 -0.0229286 0.00148177 -0.000756419 -0.000183941 0.999405 -0.000143395 0.0266961 0.00296411 0.00153804 -0.00161474 -5.78343e-05 -0.000843118 0.000551137 -0.000686463 0.00316636 0.000131135 0.0324524 0.00010049 -7.31692e-05 0.000132624 -0.00850892 -0.00172698 0.000857248 0.0031376 -9.58962e-06 
104.02 0.02 -0.0276601 0.00179216 -0.00116294 -0.000275675 0.999077 -0.000160389 0.0319668 0.00332163 0.00153071 -0.00192883 -9.43434e-05 -0.00112493 0.00102328 -0.000723894 0.00396138 5.4721e-05 0.0389631 7.25888e-05 -0.000100347 4.55576e-05 -0.00996374 -0.00195896 0.00100033 0.00355842 -1.35363e-05 
97.0946 0.02 -0.0323809 0.00208088 -0.00160197 -0.000339888 0.998688 -0.000209492 0.0371969 0.00363814 0.00147442 -0.00221467 -0.000134858 -0.00138468 0.00156968 -0.000769511 0.00468557 1.34386e-05 0.0454231 7.54283e-05 -0.000148994 -7.72462e-06 -0.0113241 -0.00221865 0.00107881 0.0039641 -9.72255e-06 
96.9793 0.02 -0.0371556 0.00237338 -0.00192804 -0.000391076 0.998232 -0.00025487 0.0424599 0.00385388 0.00136598 -0.00248169 -0.00016623 -0.00158546 0.00198624 -0.000799261 0.00530483 -2.21177e-05 0.0519327 8.09965e-05 -0.000173492 -3.32336e-05 -0.0127849 -0.00239381 0.00114164 0.00424414 8.85615e-07 
94.7118 0.02 -0.0418736 0.0025868 -0.00211185 -0.000488672 0.997717 -0.00037864 0.0477266 0.00397959 0.00133113 -0.00267853 -0.000183928 -0.00173861 0.00222604 -0.000755739 0.0057428 -0.000136555 0.0584139 0.000152765 -0.000190902 -7.79988e-06 -0.0143261 -0.00251945 0.0012046 0.00442552 1.55158e-05 
96.6469 0.02 -0.046554 0.00268174 -0.00218266 -0.000629293 0.997136 -0.00059286 0.0529979 0.00414487 0.00138122 -0.00277215 -0.000190072 -0.0018229 0.00233665 -0.000702792 0.00619053 -0.000303166 0.0648668 0.000310682 -0.000190631 9.84537e-05 -0.0159341 -0.00266838 0.00131926 0.00466166 3.80038e-05 
96.1023 0.02 -0.0511782 0.00258724 -0.00218889 -0.00080203 0.996495 -0.000832852 0.0582499 0.00428968 0.00136227 -0.0027047 -0.000187939 -0.00175807 0.00237645 -0.00061067 0.00667365 -0.000524315 0.0712638 0.0005048 -0.000189543 0.00027284 -0.0175458 -0.00281796 0.00142141 0.00488766 4.29953e-05 
92.3498 0.02 -0.055773 0.00256391 -0.00218627 -0.00094802 0.995794 -0.00109159 0.063451 0.00438394 0.00118397 -0.00269136 -0.00018858 -0.00176397 0.00240873 -0.000485546 0.00707416 -0.000734754 0.0775934 0.000713312 -0.000196434 0.000457556 -0.0190722 -0.00291401 0.00153331 0.00504012 -4.95449e-06 
93.2681 0.02 -0.0602642 0.00264649 -0.00213415 -0.00107528 0.995034 -0.00138879 0.0686374 0.00436784 0.00101957 -0.00275397 -0.000178604 -0.00186843 0.00236882 -0.000366055 0.00747878 -0.000930519 0.0838439 0.000950632 -0.000188397 0.00068434 -0.0206537 -0.00291204 0.00164524 0.00503959 -5.58497e-05 
95.3531 0.02 -0.0647162 0.00278537 -0.0022571 -0.00123051 0.994204 -0.00166726 0.0738094 0.0043705 0.000955371 -0.00284659 -0.000202744 -0.00200738 0.00253501 -0.000267338 0.00776791 -0.00113909 0.0900477 0.0011759 -0.000164246 0.000906104 -0.0222548 -0.00293847 0.00170774 0.00507661 -6.22308e-05 
90.179 0.02 -0.0689753 0.00303149 -0.00235063 -0.00134192 0.99334 -0.00191643 0.0788831 0.00428254 0.000942878 -0.00300353 -0.000224349 -0.00224658 0.00266544 -0.000197731 0.00805305 -0.00128632 0.0960734 0.00138226 -0.000144148 0.00111953 -0.023874 -0.00290851 0.00174228 0.0049942 -4.67522e-05 
95.8625 0.02 -0.073114 0.00329588 -0.00252819 -0.00160267 0.99243 -0.00218391 0.0838978 0.00421589 0.00103268 -0.00317323 -0.000267183 -0.00250541 0.00293659 -0.000150023 0.00831276 -0.00159891 0.101978 0.00159233 -0.000115239 0.00133983 -0.025484 -0.00287542 0.00175355 0.00492688 -3.9172e-07 
91.3822 0.02 -0.0770306 0.00321106 -0.00263015 -0.0019336 0.991502 -0.00243789 0.0887774 0.00415558 0.00106442 -0.00312539 -0.000284948 -0.00252594 0.00307243 -8.5898e-05 0.00863136 -0.00200827 0.107669 0.0017845 -0.000102831 0.00152804 -0.0270815 -0.00284575 0.00177695 0.00486636 2.26108e-05 
92.0811 0.02 -0.0809446 0.00307887 -0.00285033 -0.00220355 0.990502 -0.00264445 0.0936642 0.00408368 0.00110162 -0.00304514 -0.000333402 -0.00256312 0.0033643 -2.31991e-05 0.00885716 -0.00234604 0.113338 0.00194673 -5.61463e-05 0.00172833 -0.0287013 -0.00283032 0.00173523 0.00480654 6.40751e-05 
91.8073 0.02 -0.0847146 0.00305497 -0.00305264 -0.00245589 0.989462 -0.00286251 0.0985073 0.00400115 0.00110955 -0.00302801 -0.000378208 -0.00265605 0.00363532 1.78083e-05 0.00902279 -0.00265715 0.118886 0.00210661 8.90146e-06 0.00193809 -0.0303751 -0.00278436 0.00170675 0.00471295 9.24681e-05 
88.3997 0.02 -0.0884728 0.00297142 -0.00318984 -0.00264216 0.988351 -0.00304691 0.103365 0.00391167 0.00100014 -0.0029724 -0.000409349 -0.00269352 0.00383635 5.27455e-05 0.00906394 -0.00288893 0.124407 0.00224134 0.000113027 0.00213017 -0.0320888 -0.00273074 0.0016091 0.00461122 9.11753e-05 
84.2636 0.02 -0.0923781 0.00285821 -0.00334157 -0.00287387 0.987139 -0.0032277 0.108277 0.00386977 0.000862558 -0.00289383 -0.000449883 -0.00270285 0.00406687 0.000107704 0.00908942 -0.00319635 0.13 0.00237052 0.00026293 0.00231594 -0.0337707 -0.00270252 0.00148462 0.00457386 8.51936e-05 
88.9893 0.02 -0.0961829 0.00269228 -0.00344979 -0.00302536 0.985885 -0.00344834 0.113161 0.00386363 0.000608991 -0.00278924 -0.000479787 -0.00271456 0.0042395 0.000157783 0.00916015 -0.00340926 0.135505 0.00251508 0.000450916 0.00252216 -0.035501 -0.00270259 0.0013978 0.00459713 1.00665e-05 
87.1832 0.02 -0.0997992 0.00240227 -0.00355765 -0.0031699 0.984618 -0.00355884 0.117944 0.00380945 0.000503614 -0.00263104 -0.000514386 -0.00266865 0.00440928 0.000180198 0.00919528 -0.00360153 0.140822 0.0025929 0.00065012 0.00265317 -0.037217 -0.00268867 0.00138812 0.00455775 -1.24081e-05 
88.2786 0.02 -0.103466 0.00228002 -0.00362563 -0.00324711 0.983266 -0.00358652 0.122763 0.00379917 0.000559706 -0.00255782 -0.000531536 -0.00272426 0.00449842 0.000214655 0.00929985 -0.00371581 0.146154 0.00261803 0.000894371 0.00269263 -0.0389556 -0.00270399 0.00147143 0.00458684 6.69229e-06 
92.1965 0.02 -0.107228 0.00218955 -0.00357212 -0.00328018 0.981827 -0.00354471 0.127609 0.00385253 0.000556601 -0.00250303 -0.000512133 -0.00280328 0.00443953 0.000274436 0.00930704 -0.00380121 0.151513 0.00259474 0.00117694 0.00270116 -0.0406473 -0.00277128 0.00158738 0.00472282 -3.03123e-05 
85.5811 0.02 -0.110828 0.00208059 -0.00358694 -0.0033203 0.980384 -0.00349389 0.13232 0.00385783 0.000706104 -0.00244099 -0.000519459 -0.00290231 0.00446259 0.000313954 0.00935446 -0.00388987 0.156678 0.00255736 0.00145267 0.00271204 -0.0422685 -0.00280656 0.00158953 0.00477956 5.46635e-05 
89.157 0.02 -0.114571 0.00198368 -0.0035513 -0.00331268 0.978832 -0.00348911 0.137104 0.00386421 0.000829339 -0.00237619 -0.000523468 -0.00302519 0.00445414 0.000356302 0.00937121 -0.00392143 0.16191 0.00254095 0.00177992 0.00275284 -0.0438684 -0.00285194 0.00157405 0.00484843 0.000123636 
89.0406 0.02 -0.118195 0.00187726 -0.00353913 -0.00335833 0.977252 -0.00354162 0.141832 0.0038591 0.000988234 -0.00230714 -0.000527417 -0.00315622 0.00445394 0.000418363 0.00917947 -0.00404271 0.167015 0.00255768 0.00213623 0.00283621 -0.0454876 -0.00290833 0.00162366 0.00491372 0.000186518 
88.0982 0.02 -0.121671 0.00186427 -0.00361959 -0.00357986 0.975654 -0.00359518 0.146483 0.0037476 0.00127797 -0.00227344 -0.000558123 -0.00331412 0.00455108 0.000492328 0.00908712 -0.00441645 0.171958 0.00256405 0.00252288 0.00292013 -0.0471279 -0.0029177 0.00165627 0.00482861 0.000334448 
87.1217 0.02 -0.125007 0.00188259 -0.00374506 -0.0036673 0.97404 -0.00359034 0.151052 0.00369855 0.00157392 -0.00224948 -0.000615797 -0.00347148 0.00473197 0.000548122 0.00886035 -0.0045884 0.176742 0.00254863 0.00294439 0.00295363 -0.0487793 -0.00295424 0.00162807 0.00482872 0.000509019 
89.4904 0.02 -0.128389 0.00196515 -0.0038063 -0.00375206 0.972355 -0.00354066 0.155626 0.00372132 0.00175467 -0.002239 -0.000647787 -0.00359919 0.00482657 0.000589768 0.00852279 -0.00474424 0.181496 0.00250943 0.00340524 0.0029251 -0.0503956 -0.00302923 0.00151608 0.00493727 0.000639114 
89.2828 0.02 -0.131497 0.00190455 -0.00391321 -0.00381336 0.970721 -0.00348493 0.160004 0.00373064 0.00190211 -0.00219261 -0.000698233 -0.00364217 0.00497858 0.000620973 0.00814719 -0.00486147 0.185976 0.00246082 0.00386367 0.00292286 -0.051962 -0.00306969 0.00148196 0.00499613 0.000729778 
86.1833 0.02 -0.134749 0.00184837 -0.00400965 -0.00386972 0.968967 -0.00339731 0.164471 0.00373797 0.00199807 -0.00214635 -0.0007555 -0.0036761 0.00515436 0.000664753 0.00765366 -0.00498219 0.190502 0.00240163 0.00438585 0.00287512 -0.0535381 -0.003147 0.00148581 0.00509516 0.000778232 
89.2605 0.02 -0.138008 0.0019144 -0.00407429 -0.0038875 0.967146 -0.00334608 0.168958 0.00372754 0.00214493 -0.00213166 -0.000806482 -0.0037769 0.00531033 0.000662023 0.00715464 -0.00501316 0.194986 0.00235891 0.00497645 0.0028765 -0.0551677 -0.00317655 0.00151197 0.00513285 0.000848802 
88.9546 0.02 -0.141416 0.00204139 -0.00410218 -0.00393843 0.965204 -0.00343067 0.173526 0.00374231 0.00222465 -0.00213766 -0.000839366 -0.00387084 0.00541914 0.00070526 0.00668847 -0.00513756 0.199502 0.00237406 0.00563261 0.00298883 -0.0568077 -0.00321871 0.00154774 0.0052131 0.000873004 
90.4601 0.02 -0.144965 0.00206418 -0.00413399 -0.00394279 0.963148 -0.00351334 0.178188 0.00373537 0.00227197 -0.00211303 -0.000866933 -0.00391304 0.0055071 0.000717069 0.0063133 -0.0051753 0.204054 0.00238238 0.00636266 0.00311303 -0.0584911 -0.00323022 0.00154172 0.00524131 0.000892777 
86.5275 0.02 -0.14855 0.00205309 -0.00414448 -0.0038857 0.961024 -0.00369353 0.182853 0.00382476 0.00248473 -0.00209016 -0.000879496 -0.0038994 0.00555313 0.000693529 0.00594945 -0.005094 0.20855 0.00242666 0.00713088 0.00331239 -0.0601529 -0.00329866 0.00158828 0.00543034 0.00100345 
88.3615 0.02 -0.152118 0.00206283 -0.0041609 -0.00384767 0.958855 -0.00385804 0.187499 0.00389698 0.00275609 -0.0020765 -0.000895736 -0.0038767 0.00560172 0.000651838 0.00574361 -0.0050315 0.21296 0.00245872 0.0079485 0.00348189 -0.0618215 -0.00335082 0.00162049 0.00558556 0.00116418 
90.8908 0.02 -0.155866 0.00215153 -0.00433322 -0.00386422 0.95657 -0.00395805 0.192198 0.00396695 0.00306057 -0.00207189 -0.000976639 -0.00387464 0.00582512 0.000604677 0.00550808 -0.00505013 0.217393 0.00247011 0.00881198 0.00358613 -0.0634356 -0.00342037 0.0016644 0.00576074 0.00134407 
90.8098 0.02 -0.159732 0.00211511 -0.00444812 -0.00392072 0.954172 -0.00399678 0.196978 0.00401207 0.00328345 -0.00205212 -0.00104187 -0.00378967 0.00600031 0.000539046 0.00535153 -0.00512134 0.221826 0.00245774 0.00974824 0.00362695 -0.0650954 -0.00346315 0.00172493 0.00588493 0.00146293 
91.986 0.02 -0.163702 0.00195089 -0.0045059 -0.0038702 0.951692 -0.00407998 0.201781 0.00402357 0.00348527 -0.00201969 -0.00107939 -0.00361806 0.00609367 0.000482747 0.00524652 -0.00503983 0.226234 0.0024516 0.0107244 0.00373412 -0.0667248 -0.00348793 0.00177825 0.00595662 0.00157524 
91.4862 0.02 -0.167816 0.00176012 -0.00441059 -0.00385476 0.949122 -0.00418905 0.206605 0.00408829 0.00364235 -0.00198907 -0.00104409 -0.00341229 0.00599834 0.000372191 0.00513803 -0.00496949 0.230634 0.00244528 0.0117289 0.00386612 -0.0682938 -0.00354812 0.00181501 0.0061262 0.00166718 
89.5551 0.02 -0.171981 0.00171667 -0.00432892 -0.00390205 0.946496 -0.00409402 0.211414 0.0041601 0.00373298 -0.00196442 -0.00101915 -0.00331468 0.00592386 0.000253524 0.0049578 -0.00498718 0.234968 0.00237347 0.0127673 0.00383877 -0.0698321 -0.0036291 0.00185234 0.00632799 0.00171129 
91.3044 0.02 -0.176199 0.00163758 -0.00422146 -0.00390754 0.943818 -0.00384041 0.2162 0.00415194 0.0038595 -0.00191976 -0.000979571 -0.00326653 0.00580355 0.000113498 0.00465386 -0.00491889 0.239236 0.00224591 0.0138311 0.0037212 -0.0713073 -0.003669 0.00191404 0.00640103 0.00178884 
91.3981 0.02 -0.180431 0.00157705 -0.00411864 -0.00390143 0.941099 -0.00356245 0.220964 0.00407005 0.00403745 -0.00189112 -0.000954577 -0.00315314 0.00570935 -1.13551e-05 0.00427086 -0.00484368 0.243419 0.00210725 0.0149233 0.00360536 -0.0727679 -0.00365817 0.0020097 0.00634086 0.00189992 
89.2219 0.02 -0.184691 0.00143981 -0.00399123 -0.00394503 0.938323 -0.00331807 0.22573 0.00396578 0.00419788 -0.00185884 -0.000912234 -0.00300962 0.00557377 -0.000123039 0.00396804 -0.00486051 0.24752 0.00197231 0.0160564 0.00350803 -0.0742363 -0.00362977 0.00209562 0.00623811 0.00200505 
90.0925 0.02 -0.189095 0.00126255 -0.00379374 -0.00395017 0.93543 -0.00303147 0.230574 0.00387262 0.0043448 -0.00180739 -0.000849015 -0.00290827 0.00537205 -0.000232763 0.00367875 -0.00482325 0.251604 0.0018311 0.0172549 0.00337018 -0.0757299 -0.00360055 0.00226943 0.00614666 0.00207093 
93.0033 0.02 -0.193612 0.000991487 -0.00364897 -0.00389634 0.932453 -0.00270768 0.235445 0.00372505 0.00450626 -0.00174571 -0.000801208 -0.00279949 0.00520087 -0.000298662 0.00336105 -0.00472308 0.255657 0.00167525 0.0184753 0.00323724 -0.0771914 -0.00354094 0.00249608 0.00596054 0.00212634 
92.1341 0.02 -0.19816 0.000653658 -0.00354229 -0.00383411 0.929415 -0.0024362 0.240336 0.00361178 0.00467932 -0.00167919 -0.000772673 -0.00270742 0.00507549 -0.000320951 0.00309132 -0.00464751 0.259636 0.00152055 0.0197215 0.00317271 -0.078699 -0.00351864 0.00273711 0.00585694 0.00218534 
92.9206 0.02 -0.202572 0.000455571 -0.0034038 -0.00370807 0.926403 -0.00219681 0.245165 0.00349837 0.00476335 -0.00162239 -0.000709779 -0.00266559 0.00488276 -0.000322163 0.00281729 -0.00448596 0.263457 0.00138813 0.020977 0.00306805 -0.0802768 -0.00350261 0.00297323 0.00576259 0.00216724 
91.8118 0.02 -0.206999 0.000288872 -0.00323972 -0.00356535 0.923335 -0.00185456 0.250036 0.00337698 0.00482797 -0.00157705 -0.0006245 -0.00260971 0.0046517 -0.000300618 0.00254888 -0.00430592 0.267204 0.00125046 0.022257 0.00287248 -0.0819755 -0.00349027 0.00313864 0.00566263 0.00216934 
88.9007 0.02 -0.211487 0.000102634 -0.00319499 -0.00341941 0.920185 -0.00153817 0.254984 0.00334728 0.00489342 -0.00154025 -0.000601701 -0.00252435 0.00456755 -0.000297548 0.00238134 -0.00409783 0.270907 0.00111766 0.0235614 0.00271305 -0.0838044 -0.00351392 0.00327608 0.00570976 0.00218672 
91.8008 0.02 -0.216046 3.36621e-05 -0.00316861 -0.00331257 0.916972 -0.00128245 0.25996 0.00333089 0.00489408 -0.00151509 -0.000600062 -0.00245979 0.00452935 -0.000292529 0.00222636 -0.00395731 0.274567 0.000991534 0.0248494 0.00259828 -0.0856371 -0.00353822 0.00340476 0.00577182 0.00215162 
91.3551 0.02 -0.220825 3.88225e-05 -0.00312261 -0.00321168 0.913606 -0.00100337 0.265081 0.00330175 0.00494953 -0.00148148 -0.000596255 -0.00244118 0.00448201 -0.000325389 0.00213921 -0.00379666 0.278261 0.00086241 0.02614 0.00248678 -0.0875675 -0.0035605 0.00356805 0.00581426 0.00215607 
90.1434 0.02 -0.225712 7.33729e-05 -0.00299631 -0.00310849 0.910148 -0.000777165 0.270314 0.00327943 0.00498923 -0.00145048 -0.000577481 -0.00241855 0.00439487 -0.000374208 0.00216773 -0.00361445 0.281966 0.000759997 0.0273782 0.00237332 -0.0896341 -0.00356546 0.00375309 0.00584216 0.00213786 
90.4209 0.02 -0.230776 -5.05206e-05 -0.00288585 -0.00300574 0.906532 -0.000533585 0.27575 0.00323801 0.00509418 -0.00141471 -0.000553373 -0.00237101 0.00430343 -0.000438269 0.00216493 -0.00341746 0.285696 0.00066527 0.028617 0.00221753 -0.0919036 -0.00357102 0.00387003 0.00584536 0.00221761 
85.2048 0.02 -0.236112 -4.51463e-05 -0.00282405 -0.00291108 0.902729 -0.000259481 0.281383 0.00316288 0.00521014 -0.00137183 -0.000528991 -0.00237609 0.0042305 -0.000523453 0.0021569 -0.00321063 0.289488 0.000561201 0.0298288 0.00205789 -0.0942843 -0.00357161 0.00401537 0.00580334 0.00229897 
82.9177 0.02 -0.241666 -6.72586e-05 -0.00282969 -0.00281675 0.898775 -5.82471e-05 0.287184 0.00305938 0.00533563 -0.00134522 -0.000537767 -0.00234917 0.00422643 -0.000601502 0.00216811 -0.00300635 0.293334 0.000464853 0.0309845 0.0019524 -0.0967846 -0.00356143 0.00416874 0.00570748 0.00238431 
79.1431 0.02 -0.247268 -0.000109127 -0.00290943 -0.00272291 0.894736 0.000118765 0.293134 0.00298547 0.00547524 -0.00131722 -0.000569881 -0.00232801 0.00428148 -0.000654992 0.00206437 -0.00281928 0.297176 0.000382866 0.0320755 0.00187818 -0.0995156 -0.00357214 0.00439565 0.00567402 0.00245199 
79.7341 0.02 -0.252982 -6.83996e-05 -0.00301969 -0.00267478 0.890583 0.000351878 0.299252 0.00291601 0.00557873 -0.00129566 -0.000617195 -0.00229207 0.00437325 -0.000726658 0.00196899 -0.00269774 0.301042 0.000294312 0.0330897 0.00174654 -0.102444 -0.00359354 0.00462804 0.00566231 0.00248192 
74.9885 0.02 -0.258945 0.000106704 -0.00313051 -0.00266449 0.886249 0.000535589 0.305559 0.00288392 0.00566241 -0.0012783 -0.000691476 -0.00226543 0.00450882 -0.000822283 0.00193235 -0.00262168 0.304952 0.000205678 0.0340431 0.0016676 -0.105443 -0.00362721 0.00485079 0.00571315 0.00249796 
72.0198 0.02 -0.264975 0.000419954 -0.00318022 -0.00268233 0.881834 0.000722039 0.311969 0.00278379 0.00574335 -0.00127891 -0.000739748 -0.0022228 0.00459161 -0.000889429 0.00195588 -0.00261932 0.308842 0.000129734 0.0349343 0.00156743 -0.108533 -0.00362201 0.00497707 0.00563176 0.00256187 
69.4541 0.02 -0.271072 0.00063701 -0.00323447 -0.00273028 0.877336 0.000777651 0.318462 0.00263252 0.00570535 -0.00129195 -0.000815811 -0.00215758 0.00472037 -0.000918144 0.00199977 -0.00271022 0.312685 5.49523e-05 0.0357812 0.00159243 -0.111671 -0.00360171 0.00494691 0.00546561 0.00257543 
67.1218 0.02 -0.277179 0.000954289 -0.00330714 -0.00276847 0.872778 0.000906647 0.325001 0.00243242 0.00567626 -0.00129933 -0.000924347 -0.00209339 0.00489982 -0.000969988 0.00207858 -0.00275901 0.316424 -3.55286e-05 0.0366264 0.00158026 -0.114856 -0.00354195 0.00480788 0.0051854 0.00264601 
68.2681 0.02 -0.283146 0.00139329 -0.00332185 -0.00282826 0.868279 0.00113269 0.331429 0.00232126 0.00554914 -0.00130048 -0.000970461 -0.00204101 0.00497942 -0.00101761 0.00210066 -0.0028458 0.32002 -0.000131565 0.0374218 0.00151059 -0.11796 -0.00350263 0.00464591 0.00504414 0.00262729 
66.0949 0.02 -0.289067 0.00201338 -0.00318762 -0.00285731 0.863747 0.00125364 0.337824 0.00217995 0.0053891 -0.00127993 -0.000937476 -0.00200184 0.00491098 -0.00104416 0.00209301 -0.00289332 0.323449 -0.000201271 0.0382416 0.00149631 -0.120998 -0.00346055 0.00441697 0.00486227 0.00260379 
66.0668 0.02 -0.294906 0.00262573 -0.00305941 -0.00282895 0.859194 0.00121283 0.344177 0.00201658 0.00517022 -0.0012484 -0.000934204 -0.0019779 0.00488571 -0.00101665 0.00209712 -0.00288367 0.326689 -0.00024877 0.0390985 0.0015804 -0.123978 -0.00339233 0.0042804 0.00461208 0.0024663 
69.5671 0.02 -0.300514 0.00317624 -0.00285209 -0.00279991 0.854705 0.00113652 0.35041 0.00182176 0.00502565 -0.00121442 -0.000893612 -0.00196398 0.00479586 -0.00100514 0.00218965 -0.00285766 0.329688 -0.000301813 0.0400011 0.00170762 -0.126912 -0.00327904 0.00407909 0.00426114 0.00244333 
64.6267 0.02 -0.306153 0.00373531 -0.00266567 -0.00273784 0.850154 0.00122219 0.356569 0.00172059 0.00491226 -0.00118328 -0.000829368 -0.00192755 0.00467682 -0.000973374 0.00216973 -0.00278352 0.332529 -0.000328443 0.0409192 0.00166742 -0.129615 -0.00318668 0.00403485 0.00405366 0.0023717 
62.0121 0.02 -0.311634 0.00445222 -0.0025462 -0.00265388 0.845615 0.00136396 0.362634 0.0015997 0.00469678 -0.0011149 -0.000803036 -0.00191086 0.00462086 -0.000931198 0.00208341 -0.00267614 0.335148 -0.000356083 0.0418746 0.00158658 -0.132204 -0.00310896 0.0039991 0.00383644 0.00216739 
67.0188 0.02 -0.316957 0.00501813 -0.00224696 -0.00253596 0.841094 0.00147724 0.368606 0.00143196 0.00452949 -0.00108124 -0.000672684 -0.00185405 0.00437786 -0.000940745 0.00184688 -0.00245269 0.337557 -0.000378838 0.0428773 0.00152506 -0.134694 -0.00299518 0.00382707 0.0035073 0.00209719 
67.3009 0.02 -0.322198 0.00552736 -0.00190506 -0.00242991 0.836563 0.00155912 0.374484 0.00126136 0.00436118 -0.00101608 -0.00055179 -0.00186418 0.00413891 -0.000946177 0.00151921 -0.00225814 0.339793 -0.000398406 0.0438863 0.00148377 -0.136987 -0.00288943 0.00365551 0.00318375 0.00202317 
73.4006 0.02 -0.327338 0.00611461 -0.0016317 -0.00232661 0.832005 0.0014171 0.38029 0.000977699 0.00420719 -0.000930511 -0.000487341 -0.00187823 0.00398703 -0.000918638 0.00131175 -0.00209859 0.341816 -0.000368137 0.0449599 0.00150448 -0.139189 -0.00277259 0.00352745 0.00269563 0.00194526 
70.9297 0.02 -0.332538 0.00666784 -0.00141853 -0.00222881 0.82732 0.00135488 0.386087 0.00069689 0.00421566 -0.000839352 -0.000473241 -0.00190607 0.00391389 -0.000879373 0.00118487 -0.00196259 0.34367 -0.000336945 0.0460625 0.00149165 -0.141194 -0.00269056 0.00350324 0.00226896 0.00201719 
72.871 0.02 -0.337787 0.00711567 -0.00112008 -0.0021813 0.822517 0.00133175 0.391889 0.000519069 0.00420372 -0.000767443 -0.000430936 -0.00191734 0.00378976 -0.000861022 0.00108366 -0.00190539 0.345379 -0.000311115 0.0471753 0.00145968 -0.143006 -0.00263448 0.00354178 0.00201305 0.0020238 
77.53 0.02 -0.343029 0.00737769 -0.000850648 -0.00220973 0.817607 0.00127261 0.397721 0.000461383 0.00423307 -0.0007401 -0.000390342 -0.00190216 0.0036771 -0.000866199 0.000883972 -0.00197468 0.34691 -0.00029528 0.0483814 0.00146211 -0.144772 -0.00259092 0.00361244 0.00192623 0.00205557 
73.5079 0.02 -0.347917 0.00756249 -0.00072599 -0.0023152 0.812857 0.00130833 0.403341 0.000390104 0.0042519 -0.00075876 -0.000471835 -0.00182429 0.00375565 -0.000938952 0.000872879 -0.00212678 0.348255 -0.000309674 0.0495738 0.00145153 -0.146437 -0.0025601 0.00354145 0.00183886 0.00215765 
75.9487 0.02 -0.352844 0.00791725 -0.000749384 -0.00234025 0.807971 0.00130841 0.408994 0.000381324 0.00435668 -0.000706851 -0.000642889 -0.00179223 0.00398217 -0.000979398 0.000825877 -0.00214351 0.349429 -0.000309618 0.0508216 0.00143739 -0.148002 -0.00251418 0.00361111 0.00180612 0.00229106 
82.9366 0.02 -0.35766 0.00824173 -0.000685887 -0.00242417 0.803051 0.0012146 0.414604 0.000458302 0.00448697 -0.000591233 -0.000764226 -0.00188306 0.00412393 -0.00108198 0.000770241 -0.00220618 0.350422 -0.000346026 0.0521186 0.00150842 -0.149518 -0.00253445 0.00367772 0.00198897 0.0024448 
81.85 0.02 -0.362145 0.00862566 -0.000637999 -0.00246997 0.798211 0.00124223 0.420134 0.000547661 0.00473082 -0.000463808 -0.000962937 -0.00195718 0.004375 -0.00115284 0.000593649 -0.00222236 0.351197 -0.000369139 0.0534955 0.00151085 -0.15112 -0.00255108 0.00387982 0.00217588 0.00266606 
85.7503 0.02 -0.366268 0.00908584 -0.000524238 -0.00256205 0.793502 0.00137642 0.425529 0.00058197 0.00505487 -0.000224745 -0.00110967 -0.00219791 0.0045387 -0.00121982 0.000448059 -0.00234396 0.351795 -0.000394911 0.0549017 0.00146374 -0.152734 -0.0025221 0.00404933 0.00222194 0.00299908 
84.2106 0.02 -0.37044 0.00955387 -0.000545708 -0.0026333 0.788692 0.00159924 0.430918 0.000681075 0.00526328 2.08125e-05 -0.00131272 -0.00244552 0.00480134 -0.00125938 0.000530041 -0.00245658 0.352267 -0.0004386 0.0563353 0.00140327 -0.154222 -0.00249623 0.00411083 0.00235604 0.00324591 
89.9579 0.02 -0.374304 0.0102742 -0.000462152 -0.002691 0.783939 0.00174268 0.436267 0.000873284 0.00554293 0.000373741 -0.00145708 -0.00278197 0.00496989 -0.00123608 0.000373143 -0.00260199 0.352551 -0.00048335 0.0578463 0.00139007 -0.155798 -0.00250443 0.00428373 0.00266991 0.00351787 
85.9428 0.02 -0.378085 0.0106934 -0.000400512 -0.00272253 0.779198 0.00190517 0.44151 0.000987669 0.00572711 0.000638733 -0.00164004 -0.00309561 0.005194 -0.00114347 0.00026602 -0.00276985 0.352752 -0.00057874 0.0593133 0.00142637 -0.15719 -0.00253375 0.00436886 0.00291825 0.00371942 
91.511 0.02 -0.381991 0.0108091 -0.000283332 -0.00271918 0.774318 0.00197932 0.446774 0.00122646 0.00590089 0.000773173 -0.0017363 -0.00330414 0.00529629 -0.000974202 0.000251541 -0.00295758 0.352863 -0.000626496 0.0607813 0.00144435 -0.158411 -0.00256289 0.00452191 0.00333513 0.00387643 
92.3239 0.02 -0.385592 0.0106416 -0.000160307 -0.00275492 0.769573 0.00189402 0.451893 0.00146422 0.00604249 0.000779133 -0.00177328 -0.00341282 0.00532966 -0.000865219 0.000259783 -0.00315734 0.352877 -0.000628526 0.0622354 0.00148372 -0.159592 -0.00261431 0.00465639 0.00377975 0.00399777 
98.4441 0.02 -0.388966 0.010629 -0.000233462 -0.00285256 0.764966 0.00174668 0.456818 0.00169768 0.00623223 0.000784653 -0.00193516 -0.00346315 0.00555967 -0.000789623 0.00025019 -0.00344312 0.352825 -0.00060487 0.0636382 0.00152474 -0.160642 -0.00262607 0.00484065 0.00414472 0.00414482 
95.6108 0.02 -0.391874 0.0105586 -0.00025804 -0.00289723 0.760731 0.00172635 0.461365 0.00196334 0.00639123 0.000834691 -0.0020938 -0.00361168 0.00576651 -0.000667483 0.000233191 -0.00366939 0.352812 -0.000646853 0.0648748 0.00157448 -0.161475 -0.00260495 0.00488878 0.00450434 0.00433547 
90.5425 0.02 -0.394592 0.010301 -0.000332579 -0.00287692 0.756638 0.00149847 0.465711 0.00220919 0.0064707 0.000786845 -0.00223104 -0.0036632 0.00594895 -0.000495246 0.000314458 -0.00381531 0.352792 -0.000710993 0.0660061 0.00173894 -0.162102 -0.00258249 0.00480463 0.00481927 0.0044999 
94.607 0.02 -0.396967 0.0101439 -0.000509466 -0.00284809 0.75281 0.00116249 0.469762 0.00234907 0.00671353 0.000652043 -0.00242078 -0.00350888 0.00620931 -0.000366818 0.000204422 -0.00388393 0.352779 -0.000829103 0.0670227 0.00202451 -0.162551 -0.00252289 0.00476006 0.00492799 0.00486075 
94.6116 0.02 -0.398893 0.00987175 -0.000781111 -0.0028137 0.749334 0.000863288 0.473481 0.0024984 0.00693379 0.00053725 -0.00263903 -0.00344618 0.00651755 -0.000246287 1.23601e-05 -0.00394116 0.35284 -0.000882186 0.0678808 0.0022139 -0.162812 -0.00248555 0.00470351 0.0050809 0.00519164 
98.6125 0.02 -0.400365 0.00921222 -0.000804456 -0.0028586 0.746193 0.00048684 0.476885 0.00249966 0.00712614 0.000237981 -0.00266937 -0.00328682 0.00655769 -0.00020094 -0.000117066 -0.00407517 0.352919 -0.000958342 0.0686469 0.00244194 -0.162957 -0.00243999 0.00485498 0.00502034 0.00536366 
100.175 0.02 -0.401657 0.00839606 -0.00063946 -0.00280012 0.743173 0.000211064 0.480151 0.00239001 0.00722709 -0.000101671 -0.00254 -0.0031086 0.00638311 -8.42261e-05 -0.000317612 -0.00406842 0.352994 -0.00105403 0.0693524 0.00261528 -0.16299 -0.00234628 0.00488678 0.00472595 0.0054915 
97.4778 0.02 -0.402453 0.0073914 -0.000432765 -0.00275795 0.740384 -0.000176061 0.483284 0.00219533 0.00736619 -0.000520797 -0.00235843 -0.00291234 0.00614074 2.73284e-05 -0.000610948 -0.00409973 0.353014 -0.00117141 0.0700497 0.00285015 -0.163084 -0.00226212 0.00493625 0.00433016 0.00565893 
101.551 0.02 -0.402753 0.00631122 -0.000483932 -0.00277808 0.737968 -0.000597688 0.486098 0.00208699 0.00746557 -0.00102526 -0.00240778 -0.00262149 0.00623114 5.18981e-05 -0.00103997 -0.00416539 0.353097 -0.00135079 0.0706184 0.00318649 -0.163062 -0.00217122 0.00489858 0.00402631 0.00582352 
97.6698 0.02 -0.402637 0.005247 -0.000365736 -0.00276517 0.735853 -0.000937588 0.488654 0.00192731 0.00753967 -0.00159782 -0.00238442 -0.00221382 0.00619821 0.000125023 -0.00150596 -0.00421832 0.353216 -0.00155947 0.0710965 0.00353042 -0.16296 -0.00206342 0.00491002 0.00362802 0.00592193 
99.8844 0.02 -0.402179 0.00435128 -0.000129709 -0.00271023 0.734058 -0.00106138 0.490903 0.0019067 0.00762142 -0.00220012 -0.00227005 -0.0016795 0.00603608 0.000224819 -0.00208995 -0.00421515 0.353446 -0.00164965 0.0714304 0.00368061 -0.162656 -0.00198418 0.00489678 0.0034639 0.00604478 
100.54 0.02 -0.401391 0.00352896 0.000269143 -0.00259632 0.732492 -0.00120685 0.492966 0.00208752 0.0076859 -0.00278231 -0.00200076 -0.00113724 0.00565914 0.000313399 -0.00261672 -0.00408251 0.35373 -0.00171044 0.0716869 0.00379635 -0.162273 -0.0018899 0.00493967 0.00354433 0.00610618 
101.252 0.02 -0.400384 0.00264238 0.000706487 -0.00250501 0.731162 -0.0012892 0.494771 0.00237418 0.0077148 -0.00347629 -0.00167743 -0.000472034 0.00522148 0.000366844 -0.0032039 -0.00396447 0.354138 -0.0017003 0.071771 0.00381011 -0.161632 -0.00177168 0.0050027 0.00372479 0.00610785 
