#1 rho_s 
#2 coeffs 
106.35 0.1 1.25957 0.000605801 -4.33733e-16 -2.51344e-16 0.000574916 2.31668e-18 -9.30315e-06 -2.93817e-18 -4.69357e-16 0.000548681 -4.57737e-18 0.000141669 -5.96331e-16 2.91673e-16 1.41913e-18 -8.5004e-16 0.000526919 -7.34138e-18 0.000199157 -1.02576e-18 -1.24817e-05 1.49554e-18 6.14937e-16 3.26867e-18 -3.93007e-16 
0.917645 0.1 -7.74043 -8.1877 -2.9457 -5.36927 -8.99943 9 8.99999 -9 -9 -8.66592 5.89333 -7.76201 6.81059 -6.16067 5.74575 -4.08322 -8.44418 3.85929 -8.10392 2.60751 -7.68334 -2.93227 3.90943 -4.34861 -4.48951 
0.950415 0.1 -7.74043 -5.36273 -0.530774 -1.71762 -8.99943 8.32391 8.99999 -8.36139 -9 -6.38086 2.15218 -4.56987 3.1456 -2.40859 2.02109 -0.954356 -5.89133 0.855782 -5.19815 0.436402 -4.43444 -0.526792 0.877125 -1.08269 -1.15633 
0.974601 0.1 -7.74043 -1.71257 -0.0585038 -0.238584 -8.99943 5.63792 7.4676 -5.71577 -7.31447 -2.63941 0.326969 -1.20008 0.59253 -0.386279 0.29878 -0.113992 -2.15031 0.100303 -1.5932 0.0472639 -1.12709 -0.0580217 0.103225 -0.132571 -0.143632 
1.05609 0.1 -6.34319 -0.237146 -0.00591245 -0.0249143 -7.26208 1.92977 4.08039 -1.99533 -3.84375 -0.444393 0.0347026 -0.150228 0.0660704 -0.0414486 0.0315468 -0.0116364 -0.326146 0.0102137 -0.215641 0.00476683 -0.139214 -0.00586321 0.0105168 -0.0135787 -0.0147413 
1.67706 0.1 -3.43399 -0.0306301 -0.000745698 -0.00315274 -4.16146 0.347801 1.14926 -0.364287 -1.02849 -0.0601107 0.00439892 -0.0193108 0.00842132 -0.00526026 0.00399668 -0.0014691 -0.0430757 0.00128915 -0.028048 0.000601089 -0.0179848 -0.000739482 0.00132749 -0.00171489 -0.0018621 
2.05136 0.1 -1.15867 -0.00731459 -0.000188224 -0.00079608 -1.98104 0.0924852 0.34515 -0.09711 -0.30324 -0.0149004 0.00111095 -0.00478215 0.00212809 -0.00132866 0.0010093 -0.00037086 -0.0105497 0.000325426 -0.00696018 0.00015172 -0.00456063 -0.000186655 0.000335104 -0.000432924 -0.000470097 
0.0942755 0.1 0.119275 -0.0021321 -6.49989e-05 -0.00027493 -0.883804 0.0323259 0.124686 -0.0339629 -0.108953 -0.00479699 0.000383688 -0.00155972 0.000735076 -0.00045889 0.000348578 -0.000128071 -0.00330362 0.000112381 -0.00227542 5.23927e-05 -0.00158398 -6.4457e-05 0.000115723 -0.000149505 -0.000162344 
0.231226 0.1 0.751131 -0.000458216 -2.5252e-05 -0.000106813 -0.38188 0.0126082 0.049178 -0.0132494 -0.0428948 -0.00152945 0.000149068 -0.000519449 0.000285599 -0.000178287 0.000135427 -4.97558e-05 -0.000961924 4.36599e-05 -0.000762495 2.03544e-05 -0.000623118 -2.50415e-05 4.49584e-05 -5.80832e-05 -6.3071e-05 
0.499733 0.1 1.04742 0.000188247 -9.90843e-06 -4.19118e-05 -0.156606 0.0049548 0.0194065 -0.00520717 -0.016919 -0.000266943 5.84926e-05 -0.000117762 0.000112068 -6.99578e-05 5.31398e-05 -1.95234e-05 -5.73803e-05 1.71314e-05 -0.000178221 7.98672e-06 -0.000252102 -9.82582e-06 1.76409e-05 -2.27909e-05 -2.4748e-05 
1.9773 0.1 1.1816 0.000456457 -3.5437e-06 -1.49896e-05 -0.0567858 0.00177319 0.00695199 -0.00186356 -0.00606417 0.000256947 2.09197e-05 4.88818e-05 4.00809e-05 -2.50202e-05 1.90053e-05 -6.98243e-06 0.000317932 6.12697e-06 6.4183e-05 2.85641e-06 -9.8183e-05 -3.51415e-06 6.30919e-06 -8.15106e-06 -8.85102e-06 
15.3394 0.1 1.23808 0.000565089 -9.6603e-07 -4.08625e-06 -0.015193 0.000483504 0.0018903 -0.000508154 -0.00165458 0.000469149 5.70283e-06 0.000116374 1.09263e-05 -6.82067e-06 5.18095e-06 -1.90345e-06 0.000469946 1.67024e-06 0.000162361 7.78671e-07 -3.58446e-05 -9.57977e-07 1.71992e-06 -2.22202e-06 -2.41284e-06 
86.0302 0.1 1.25638 0.000599776 -1.42956e-07 -6.04697e-07 -0.00176475 7.15564e-05 0.000271898 -7.52048e-05 -0.000244919 0.000536911 8.43924e-07 0.000137926 1.61692e-06 -1.00935e-06 7.66694e-07 -2.81679e-07 0.000518488 2.47168e-07 0.000193711 1.1523e-07 -1.5939e-05 -1.41765e-07 2.54519e-07 -3.28822e-07 -3.5706e-07 
106.666 0.1 1.25922 0.000605134 -1.58399e-08 -6.70017e-08 0.000315568 7.9287e-06 2.18561e-05 -8.33295e-06 -2.71388e-05 0.000547377 9.35085e-08 0.000141254 1.79158e-07 -1.11838e-07 8.49513e-08 -3.12106e-08 0.000525985 2.73867e-08 0.000198553 1.27678e-08 -1.28647e-05 -1.57078e-08 2.82013e-08 -3.64342e-08 -3.95629e-08 
106.71 0.1 1.25931 0.000604994 -2.13621e-08 -2.72168e-08 0.000204094 7.76531e-06 -2.57142e-05 -8.27347e-06 -7.98181e-06 0.000546975 7.8069e-08 0.000141141 1.80966e-07 -4.19573e-08 8.00634e-08 -4.53951e-08 0.000525727 3.06385e-09 0.000198349 3.56162e-09 -1.30915e-05 3.69793e-08 3.4529e-08 -3.62329e-09 1.58402e-08 
106.715 0.1 1.25936 0.000604911 -2.33415e-08 -1.94652e-08 0.000140902 3.52666e-07 -1.79118e-05 -1.84717e-05 -2.92916e-06 0.000546803 9.62417e-08 0.000141087 1.93002e-07 1.46308e-09 1.12846e-07 -4.21873e-08 0.000525636 3.65271e-08 0.000198238 1.03126e-08 -1.32227e-05 4.01509e-08 3.29932e-08 -6.26997e-09 2.72655e-08 
106.746 0.1 1.25936 0.000604849 -1.94242e-08 -2.51253e-08 0.000106413 2.65166e-06 -1.11844e-05 -1.79403e-05 -5.78191e-06 0.000546671 1.0497e-07 0.000141048 2.0728e-07 -9.25517e-09 1.12609e-07 -3.68384e-08 0.000525567 1.83204e-08 0.00019817 1.7485e-09 -1.32718e-05 2.00283e-08 3.72602e-08 -1.47748e-08 2.67113e-08 
106.63 0.1 1.25911 0.000604317 2.2562e-08 4.60903e-08 2.92917e-05 2.02929e-06 2.62502e-05 5.88882e-05 4.5832e-05 0.000545315 1.01106e-07 0.000140701 9.37628e-08 9.20664e-08 -8.22221e-08 -1.53643e-07 0.000524517 3.12405e-08 0.000197584 -6.31424e-08 -1.346e-05 3.12381e-08 -3.4738e-08 5.28759e-08 8.75628e-08 
106.751 0.1 1.25931 0.000604739 -1.07227e-08 -1.03661e-08 9.04294e-05 2.52267e-06 -3.42618e-06 -2.01763e-06 4.91501e-06 0.00054639 1.04169e-07 0.000140976 1.83754e-07 1.17434e-08 7.22306e-08 -6.10458e-08 0.000525349 2.09981e-08 0.000198048 -1.16999e-08 -1.33108e-05 2.23515e-08 2.23388e-08 -7.54389e-10 3.93226e-08 
106.756 0.1 1.25931 0.000604693 -1.42848e-08 -6.57674e-10 7.48482e-05 -6.53572e-06 -9.43828e-07 -5.2949e-06 1.07069e-05 0.000546259 1.3068e-07 0.000140937 2.01524e-07 4.37742e-08 9.65569e-08 -5.88804e-08 0.000525258 4.45715e-08 0.000198005 -1.0421e-08 -1.33292e-05 1.82423e-08 1.08611e-08 -1.80684e-08 3.32208e-08 
106.731 0.1 1.2594 0.000604252 -1.61233e-08 -2.41371e-08 -8.15808e-07 -1.9468e-05 5.46907e-05 1.45492e-05 -5.14578e-06 0.000545136 4.60466e-07 0.000140527 2.49931e-07 -2.18889e-08 6.96756e-08 1.38301e-07 0.000524524 2.61461e-07 0.000197519 2.78135e-08 -1.32771e-05 2.48763e-08 2.51683e-08 1.42838e-07 8.38218e-08 
106.756 0.1 1.25933 0.000604614 -1.46132e-08 -4.85269e-09 6.13294e-05 -8.8463e-06 8.99639e-06 -1.7494e-06 7.87457e-06 0.000546058 1.89602e-07 0.000140864 2.10172e-07 3.20424e-08 9.17541e-08 -2.36505e-08 0.000525127 8.33226e-08 0.000197919 -3.58971e-09 -1.33199e-05 1.94276e-08 1.34173e-08 1.06803e-08 4.22615e-08 
106.758 0.1 1.25933 0.000604563 -1.60362e-08 -4.82394e-09 5.04298e-05 -9.24625e-06 6.20619e-06 -3.82603e-06 7.56163e-06 0.000545889 1.95777e-07 0.000140816 2.11707e-07 3.36347e-08 1.01118e-07 -1.61652e-08 0.000524996 7.64546e-08 0.000197867 -6.28612e-09 -1.33418e-05 1.58871e-08 1.462e-08 2.60086e-09 4.2536e-08 
