#1 rho_s 
#2 coeffs 
int deriv = 4;
256.362 23.6914 0.02 0.00323427 -0.0036511 -0.00328862 1.86859 -0.0051025 0.00869677 0.0392888 0.0108651 -0.00974756 0.00951588 -0.0155885 -0.0462425 0.0253224 0.320578 -0.000565778 0.393577 -0.0193007 -0.00627945 -0.0216111 0.0228098 0.046964 0.00675911 -0.0132726 0.017624 -0.0106915 
255.87 101.352 0.02 0.00323427 -0.0036511 -0.00328862 1.86859 0.0048975 0.00869677 0.0392888 0.0108651 -0.00974756 0.00951588 -0.0155885 -0.0462425 0.0253224 0.320578 -0.000565778 0.393577 -0.0193007 -0.00627945 -0.0216111 0.0228098 0.046964 0.00675911 -0.0132726 0.017624 -0.0106915 
256.411 156.441 0.02 0.00323427 -0.0036511 -0.00328862 1.86859 0.0148975 0.00869677 0.0392888 0.0108651 -0.00974756 0.00951588 -0.0155885 -0.0462425 0.0253224 0.320578 -0.000565778 0.393577 -0.0193007 -0.00627945 -0.0216111 0.0228098 0.046964 0.00675911 -0.0132726 0.017624 -0.0106915 
257.896 183.657 0.02 0.00323427 -0.0036511 -0.00328862 1.86859 0.0248975 0.00869677 0.0392888 0.0108651 -0.00974756 0.00951588 -0.0155885 -0.0462425 0.0253224 0.320578 -0.000565778 0.393577 -0.0193007 -0.00627945 -0.0216111 0.0228098 0.046964 0.00675911 -0.0132726 0.017624 -0.0106915 
260.09 196.898 0.02 0.00323427 -0.0036511 -0.00328862 1.86859 0.0348975 0.00869677 0.0392888 0.0108651 -0.00974756 0.00951588 -0.0155885 -0.0462425 0.0253224 0.320578 -0.000565778 0.393577 -0.0193007 -0.00627945 -0.0216111 0.0228098 0.046964 0.00675911 -0.0132726 0.017624 -0.0106915 
262.714 207.286 0.02 0.00323427 -0.0036511 -0.00328862 1.86859 0.0448975 0.00869677 0.0392888 0.0108651 -0.00974756 0.00951588 -0.0155885 -0.0462425 0.0253224 0.320578 -0.000565778 0.393577 -0.0193007 -0.00627945 -0.0216111 0.0228098 0.046964 0.00675911 -0.0132726 0.017624 -0.0106915 
265.465 212.544 0.02 0.00323427 -0.0036511 -0.00328862 1.86859 0.0548975 0.00869677 0.0392888 0.0108651 -0.00974756 0.00951588 -0.0155885 -0.0462425 0.0253224 0.320578 -0.000565778 0.393577 -0.0193007 -0.00627945 -0.0216111 0.0228098 0.046964 0.00675911 -0.0132726 0.017624 -0.0106915 
268.062 201.061 0.02 0.00323427 -0.0036511 -0.00328862 1.86859 0.0648975 0.00869677 0.0392888 0.0108651 -0.00974756 0.00951588 -0.0155885 -0.0462425 0.0253224 0.320578 -0.000565778 0.393577 -0.0193007 -0.00627945 -0.0216111 0.0228098 0.046964 0.00675911 -0.0132726 0.017624 -0.0106915 
270.238 161.162 0.02 0.00323427 -0.0036511 -0.00328862 1.86859 0.0748975 0.00869677 0.0392888 0.0108651 -0.00974756 0.00951588 -0.0155885 -0.0462425 0.0253224 0.320578 -0.000565778 0.393577 -0.0193007 -0.00627945 -0.0216111 0.0228098 0.046964 0.00675911 -0.0132726 0.017624 -0.0106915 
271.728 86.6243 0.02 0.00323427 -0.0036511 -0.00328862 1.86859 0.0848975 0.00869677 0.0392888 0.0108651 -0.00974756 0.00951588 -0.0155885 -0.0462425 0.0253224 0.320578 -0.000565778 0.393577 -0.0193007 -0.00627945 -0.0216111 0.0228098 0.046964 0.00675911 -0.0132726 0.017624 -0.0106915 
272.229 -20.6464 0.02 0.00323427 -0.0036511 -0.00328862 1.86859 0.0948975 0.00869677 0.0392888 0.0108651 -0.00974756 0.00951588 -0.0155885 -0.0462425 0.0253224 0.320578 -0.000565778 0.393577 -0.0193007 -0.00627945 -0.0216111 0.0228098 0.046964 0.00675911 -0.0132726 0.017624 -0.0106915 
271.482 -153.394 0.02 0.00323427 -0.0036511 -0.00328862 1.86859 0.104897 0.00869677 0.0392888 0.0108651 -0.00974756 0.00951588 -0.0155885 -0.0462425 0.0253224 0.320578 -0.000565778 0.393577 -0.0193007 -0.00627945 -0.0216111 0.0228098 0.046964 0.00675911 -0.0132726 0.017624 -0.0106915 
269.29 -305.987 0.02 0.00323427 -0.0036511 -0.00328862 1.86859 0.114897 0.00869677 0.0392888 0.0108651 -0.00974756 0.00951588 -0.0155885 -0.0462425 0.0253224 0.320578 -0.000565778 0.393577 -0.0193007 -0.00627945 -0.0216111 0.0228098 0.046964 0.00675911 -0.0132726 0.017624 -0.0106915 
265.549 -472.722 0.02 0.00323427 -0.0036511 -0.00328862 1.86859 0.124897 0.00869677 0.0392888 0.0108651 -0.00974756 0.00951588 -0.0155885 -0.0462425 0.0253224 0.320578 -0.000565778 0.393577 -0.0193007 -0.00627945 -0.0216111 0.0228098 0.046964 0.00675911 -0.0132726 0.017624 -0.0106915 
260.228 -644.57 0.02 0.00323427 -0.0036511 -0.00328862 1.86859 0.134898 0.00869677 0.0392888 0.0108651 -0.00974756 0.00951588 -0.0155885 -0.0462425 0.0253224 0.320578 -0.000565778 0.393577 -0.0193007 -0.00627945 -0.0216111 0.0228098 0.046964 0.00675911 -0.0132726 0.017624 -0.0106915 
253.359 -811.259 0.02 0.00323427 -0.0036511 -0.00328862 1.86859 0.144898 0.00869677 0.0392888 0.0108651 -0.00974756 0.00951588 -0.0155885 -0.0462425 0.0253224 0.320578 -0.000565778 0.393577 -0.0193007 -0.00627945 -0.0216111 0.0228098 0.046964 0.00675911 -0.0132726 0.017624 -0.0106915 
245.028 -964.929 0.02 0.00323427 -0.0036511 -0.00328862 1.86859 0.154898 0.00869677 0.0392888 0.0108651 -0.00974756 0.00951588 -0.0155885 -0.0462425 0.0253224 0.320578 -0.000565778 0.393577 -0.0193007 -0.00627945 -0.0216111 0.0228098 0.046964 0.00675911 -0.0132726 0.017624 -0.0106915 
235.348 -1100.13 0.02 0.00323427 -0.0036511 -0.00328862 1.86859 0.164898 0.00869677 0.0392888 0.0108651 -0.00974756 0.00951588 -0.0155885 -0.0462425 0.0253224 0.320578 -0.000565778 0.393577 -0.0193007 -0.00627945 -0.0216111 0.0228098 0.046964 0.00675911 -0.0132726 0.017624 -0.0106915 
224.454 -1216.63 0.02 0.00323427 -0.0036511 -0.00328862 1.86859 0.174898 0.00869677 0.0392888 0.0108651 -0.00974756 0.00951588 -0.0155885 -0.0462425 0.0253224 0.320578 -0.000565778 0.393577 -0.0193007 -0.00627945 -0.0216111 0.0228098 0.046964 0.00675911 -0.0132726 0.017624 -0.0106915 
212.488 -1316.17 0.02 0.00323427 -0.0036511 -0.00328862 1.86859 0.184898 0.00869677 0.0392888 0.0108651 -0.00974756 0.00951588 -0.0155885 -0.0462425 0.0253224 0.320578 -0.000565778 0.393577 -0.0193007 -0.00627945 -0.0216111 0.0228098 0.046964 0.00675911 -0.0132726 0.017624 -0.0106915 
step:0.01
rho_limit:8039.75
d_min:20.0001
