#1 rho_s 
#2 coeffs 
Epsilon: -8.51618 + 7.59123i
1.49344 17 0.05 0 0.01 0.01 1 0 0 0 0 0 0.01 0.01 0.01 0.01 0.01 0.01 0.01 0.000327413 0.022097 0.0452985 1.75535 0.000708407 -0.00111488 -0.000595561 -0.000132863 0.000273764 0.00239363 -0.0200583 0.0925986 0.102056 0.22149 0.147308 0.234968 
1.69612 17 0.05 0 0.0112297 0.0125208 1.09768 0 0 0 0 0 0.0101332 0.00888378 0.015153 0.0156793 0.0223256 0.0181975 0.0230757 -0.000502598 0.034419 0.0863295 2.25256 -0.000199166 0.00061735 -0.000250894 -0.00101014 0.000207658 0.00143209 -0.0716718 0.184148 0.260371 0.526627 0.304731 0.568241 
1.97053 17 0.05 0 0.0125687 0.0156546 1.19218 0 0 0 0 0 0.0102216 0.00667151 0.0217482 0.0243638 0.0402253 0.0289799 0.0423005 -0.000420359 0.0449266 0.154114 2.93672 0.00268046 -0.00785054 0.0123499 -0.000750532 0.000947819 0.00956601 -0.180029 0.327627 0.580818 0.908496 0.56359 0.954032 
2.34507 17 0.05 0 0.0138993 0.0194634 1.28276 0 0 0 0 0 0.0104031 0.00297224 0.0298107 0.0370996 0.062381 0.0425577 0.0657882 0.00241815 0.036945 0.237512 3.89963 0.00517643 -0.0164256 0.0151218 -0.00170659 0.00273214 0.0425402 -0.369537 0.571145 1.17913 1.33761 0.986097 1.33842 
2.86164 17 0.05 0 0.0149885 0.0237635 1.36933 0 0 0 0 0 0.0108882 -0.00245034 0.0395269 0.0549329 0.087 0.059138 0.0911729 -0.00974152 -0.00766906 0.326272 5.3207 -0.00273395 -0.00171264 -0.0127496 -0.00419322 -0.00227621 0.183554 -0.670777 0.97726 2.27261 1.82186 1.67336 1.6808 
3.59756 17 0.05 0 0.0155864 0.0282231 1.45177 0 0 0 0 0 0.0122552 -0.00960081 0.0510166 0.0788409 0.112261 0.0787784 0.116055 -0.00695364 -0.166437 0.387855 7.3841 0.00128752 -0.0169564 -0.0151326 -0.00600559 -0.00196138 0.645083 -1.14674 1.64164 4.29645 2.23314 2.73126 1.82678 
4.61997 17 0.05 0 0.0152937 0.0323957 1.52974 0 0 0 0 0 0.0155869 -0.0183384 0.0642726 0.109859 0.136037 0.101146 0.13802 0.0077213 -0.509183 0.463702 9.2885 -0.00187489 -0.0180559 0.0245666 0.00713113 -0.00507816 1.39731 -1.79264 2.34779 6.73401 2.46248 3.29366 1.86852 
5.48231 17 0.05 0 0.0137149 0.0363005 1.60441 0 0 0 0 0 0.0215165 -0.0287647 0.0790724 0.147885 0.157795 0.12429 0.157009 -0.0278036 0.627333 3.17086 1.47269 -0.0331395 0.0483299 -0.0260659 0.0112017 0.0100623 -4.84111 -5.75245 0.326664 -0.136659 2.60686 -4.22567 3.43689 
5.58763 17 0.05 0 0.0139686 0.0467396 1.66539 0 0 0 0 0 0.0147399 -0.0502778 0.0912399 0.176861 0.180667 0.132218 0.179692 0.0375647 2.01091 5.46212 -3.51826 -0.0161429 -0.0344275 0.00116494 -0.000267487 0.0192768 -10.6507 -8.15688 -1.34628 -5.9746 2.94321 -9.47938 5.9484 
6.28981 17 0.05 0 0.0175142 0.0626668 1.69886 0 0 0 0 0 -0.00754733 -0.0778886 0.0968342 0.185527 0.200387 0.121397 0.204344 0.0509954 2.04894 5.27931 -1.82982 0.0429989 0.000513171 0.0201023 -0.0236862 0.00664983 -10.1807 -6.86692 -1.21699 -6.29099 3.3175 -8.82332 8.61079 
7.17031 17 0.05 0 0.0229561 0.0817008 1.72103 0 0 0 0 0 -0.0380335 -0.107734 0.0992845 0.183248 0.219516 0.101244 0.234412 -0.0309934 -0.521613 1.60622 -4.40785 -0.0385295 0.0585287 0.074686 -0.0017391 0.00411625 -2.16893 -2.00109 0.047218 -2.95084 1.67688 -5.54906 7.62141 
7.192 17 0.05 0 0.0269114 0.100013 1.73417 0 0 0 0 0 -0.0668371 -0.135773 0.101434 0.177455 0.238001 0.0768325 0.269975 0.0198369 -2.79981 -3.77864 -5.31764 0.0453807 0.0266736 -0.0167645 0.0191737 -0.0128254 4.68642 3.73603 1.21098 3.89349 -0.0336045 -2.31567 2.84375 
7.09586 17 0.05 0 0.0268206 0.111088 1.73885 0 0 0 0 0 -0.0858298 -0.155295 0.104804 0.177328 0.253912 0.0528655 0.304228 -0.0557326 -1.79354 -4.60205 -2.8352 0.0177405 -0.083012 -0.123604 0.0507903 -0.00958713 2.78496 4.23537 0.601667 4.5347 0.322128 -1.37073 1.50187 
7.07597 17 0.05 0 0.0245529 0.115188 1.7395 0 0 0 0 0 -0.0990915 -0.167252 0.108495 0.182749 0.268262 0.0301715 0.336103 0.0723451 -0.929442 -4.24231 -2.68053 0.0459852 -0.0615533 0.0124595 -0.0170455 -0.0161818 1.45473 3.63097 -0.0216128 3.84102 -0.0877996 -0.874072 -0.107435 
7.06788 17 0.05 0 0.0214228 0.113723 1.73685 0 0 0 0 0 -0.10911 -0.173495 0.111744 0.192179 0.280889 0.00898187 0.36426 -0.0768623 -0.374929 -3.26754 -3.47299 -0.082808 -0.00429167 0.0189413 -0.00269148 0.00163048 0.737982 2.31968 -0.0994356 2.41991 -1.00229 -0.550485 -1.67707 
7.0564 17 0.05 0 0.0181754 0.108509 1.73034 0 0 0 0 0 -0.117187 -0.176305 0.11453 0.203505 0.290984 -0.0106259 0.387436 -0.0550643 -0.133721 -1.5733 -4.17913 -0.0374173 0.0256287 -0.0755962 0.0163044 0.01203 0.714143 0.930222 0.0225039 0.937871 -2.05421 -0.0943398 -2.72383 
7.03421 17 0.05 0 0.0151029 0.101956 1.71951 0 0 0 0 0 -0.123583 -0.177719 0.117057 0.214782 0.297593 -0.0283285 0.404983 -0.0405034 -0.385223 -0.340582 -4.09351 -0.0587811 0.00384849 0.0362094 -0.0161175 0.0052177 1.28692 -0.531354 0.347861 -0.567015 -2.71431 0.529935 -3.03382 
7.0229 17 0.05 0 0.0118869 0.0956694 1.70492 0 0 0 0 0 -0.127795 -0.179619 0.119738 0.224232 0.300301 -0.0435902 0.417129 -0.0824693 -0.885314 0.7311 -3.47907 -0.0656209 -0.0456295 0.00121276 0.038543 0.0249149 2.14104 -1.65767 0.708219 -1.21841 -2.93641 1.31179 -2.83408 
7.03292 17 0.05 0 0.00795169 0.0908934 1.68771 0 0 0 0 0 -0.129038 -0.183288 0.122984 0.23127 0.299251 -0.0557329 0.424672 0.0662463 -1.67965 1.37393 -2.13705 -0.00933208 0.0378837 0.0282402 -0.0334346 -0.0138555 3.08697 -2.1683 1.06362 -1.58272 -2.41566 2.12526 -2.04399 
7.06479 17 0.05 0 0.00243043 0.0882282 1.66973 0 0 0 0 0 -0.126504 -0.189149 0.127158 0.235719 0.295452 -0.0641267 0.42903 -0.0283302 -2.15363 1.34644 -0.828453 -0.0448695 0.00527214 0.0579767 -0.0244185 0.00845523 3.83624 -2.13773 1.34755 -1.0667 -1.74252 2.59485 -1.40568 
7.12976 17 0.05 0 -0.00507883 0.0874226 1.65257 0 0 0 0 0 -0.119693 -0.196944 0.132502 0.23846 0.289977 -0.0686084 0.431288 0.0132787 -2.50099 0.675773 0.147575 0.0158401 -0.0834724 -0.0437912 0.0793518 0.0697308 4.09806 -1.70453 1.50193 0.176928 -1.04051 2.69574 -1.26035 
7.20945 17 0.05 0 -0.014797 0.0874961 1.6373 0 0 0 0 0 -0.108715 -0.205978 0.139091 0.241137 0.283816 -0.0694572 0.431831 0.0374243 -2.54471 -0.628381 0.779756 -0.0349531 0.0110226 0.0800782 -0.047432 -0.00792926 4.11765 -0.725582 1.7343 1.88079 -0.385617 2.47587 -1.52784 
7.34037 17 0.05 0 -0.0265598 0.0868189 1.62447 0 0 0 0 0 -0.0939575 -0.214973 0.147076 0.245773 0.277812 -0.0672927 0.430513 -0.0395517 -2.35568 -1.76879 0.576573 -0.0435664 0.0446546 0.0251063 -0.00660983 -0.0220187 3.77015 0.279078 1.79062 3.54563 -0.228042 2.06575 -2.40047 
7.49523 17 0.05 0 -0.0399186 0.0841199 1.61362 0 0 0 0 0 -0.0762346 -0.22273 0.156371 0.254131 0.272145 -0.0629058 0.426491 0.00904556 -1.8949 -2.67068 -0.12013 0.0388272 -0.0375155 -0.0604125 -0.0281747 0.00570277 3.11625 0.591885 1.7818 4.75935 -0.637583 1.66924 -3.4897 
7.71148 17 0.05 0 -0.0541278 0.0785556 1.60375 0 0 0 0 0 -0.0566745 -0.228989 0.166803 0.267228 0.266312 -0.057007 0.418777 0.0399922 -0.725253 -2.53935 -1.14364 0.00833199 0.00556066 0.0811076 -0.097813 -0.0439187 1.31521 0.150685 1.57148 4.91247 -1.66948 0.865714 -4.23667 
7.88645 17 0.05 0 -0.0677404 0.0705754 1.59354 0 0 0 0 0 -0.0375633 -0.234432 0.178017 0.284761 0.259113 -0.0506925 0.406871 0.00957554 1.6609 -0.858507 -1.54766 0.0878292 0.0773257 -0.0162897 0.0735764 -0.0328973 -2.36584 -1.44567 0.531365 3.30321 -2.66819 -0.67302 -3.02661 
7.90039 17 0.05 0 -0.0780639 0.0623662 1.5825 0 0 0 0 0 -0.0231099 -0.241045 0.188759 0.304465 0.249478 -0.045789 0.392569 0.00447662 3.90124 1.92103 -1.49915 -0.0901597 0.0202064 0.0483024 -0.0127592 -0.035672 -6.13578 -3.50748 -1.00398 -0.184622 -2.72879 -2.33224 0.256632 
7.83941 17 0.05 0 -0.0827267 0.057278 1.5709 0 0 0 0 0 -0.0173694 -0.25105 0.197181 0.321851 0.237681 -0.0441344 0.380093 -0.0274544 4.66958 3.41444 -1.80354 0.0034996 0.0123626 -0.015394 0.0668783 0.00436201 -7.20076 -4.22552 -1.62994 -3.12283 -1.91678 -2.76022 2.45731 
7.88219 17 0.05 0 -0.0814883 0.0566993 1.55856 0 0 0 0 0 -0.0205608 -0.264748 0.202756 0.333638 0.225051 -0.0458403 0.371883 0.00989884 3.96613 3.58564 -1.62142 -0.023151 0.0255505 0.013371 0.00796077 -0.0568406 -5.9509 -3.87479 -1.44342 -3.57791 -0.743404 -1.79853 3.16245 
8.01034 17 0.05 0 -0.0758815 0.0602561 1.54574 0 0 0 0 0 -0.0301604 -0.281343 0.206081 0.340069 0.212962 -0.0494016 0.368165 -0.00737862 2.81037 2.0126 -0.709588 -0.0486392 -0.0541765 -0.0706429 -0.0644218 0.0222256 -3.80902 -2.04996 -1.00988 -1.87697 0.914732 -0.451525 3.11607 
8.08159 17 0.05 0 -0.0676202 0.0657586 1.53336 0 0 0 0 0 -0.0431628 -0.298657 0.207931 0.343735 0.203093 -0.0531302 0.368359 -0.0231494 1.57335 0.448838 -0.301661 -0.0201805 -0.0529712 -0.0528249 -0.0892753 0.0248716 -1.58249 -0.440212 -0.429649 0.299441 1.65049 0.740492 2.30438 
8.08768 17 0.05 0 -0.0583065 0.0712734 1.52177 0 0 0 0 0 -0.0567942 -0.314891 0.209118 0.347409 0.196025 -0.0556662 0.371184 0.0826741 0.371813 -0.900888 -0.437116 0.0556626 0.0632849 0.152379 -0.071124 0.0328201 0.248576 1.06204 0.148624 1.88402 1.77451 1.40571 1.08946 
8.05014 17 0.05 0 -0.0494106 0.0752394 1.51072 0 0 0 0 0 -0.0688937 -0.328412 0.210369 0.352936 0.191661 -0.0563391 0.375016 0.0480634 -0.916391 -1.73875 -1.16468 0.0742889 0.0552948 -0.140196 0.0599061 -0.0504887 2.57612 1.856 0.613759 2.33453 1.52159 2.04937 -0.0287623 
8.00824 17 0.05 0 -0.0424221 0.0768006 1.49936 0 0 0 0 0 -0.0768452 -0.338493 0.21222 0.360671 0.189486 -0.0545539 0.378454 0.0835642 -1.90165 -2.16815 -1.64947 0.0623395 -0.0990896 -0.000876389 0.136501 0.0750423 4.29536 2.23299 0.949567 2.45678 1.33255 2.53067 -0.861671 
8.05145 17 0.05 0 -0.0383459 0.0756697 1.48717 0 0 0 0 0 -0.0789868 -0.34497 0.215001 0.370524 0.189084 -0.0499802 0.380546 -0.0308767 -1.92292 -1.82087 -1.22514 -0.0889273 0.0334467 0.0365695 0.00729941 -0.0436277 4.16022 1.69392 0.976246 2.25148 1.01488 2.53573 -0.942688 
8.10895 17 0.05 0 -0.036924 0.0725082 1.47473 0 0 0 0 0 -0.0760317 -0.348829 0.21866 0.382071 0.189915 -0.0428689 0.381327 -0.0486873 -1.46621 -0.995509 -0.470301 -0.0545709 -0.0150132 -0.0146935 0.0281766 0.0815122 3.20878 0.723533 0.872535 1.88185 0.758994 2.17596 -0.67379 
8.1796 17 0.05 0 -0.0373707 0.068464 1.46289 0 0 0 0 0 -0.0695548 -0.351471 0.22301 0.394764 0.191566 -0.0338469 0.381238 -0.061224 -0.623771 -0.18791 0.153555 -0.0375782 -0.00122224 0.0326233 -0.119626 0.00479899 1.73004 -0.206281 0.548061 1.24298 0.511215 1.51297 -0.184121 
8.19235 17 0.05 0 -0.0385227 0.0645624 1.45231 0 0 0 0 0 -0.0615973 -0.35412 0.227621 0.407792 0.193678 -0.0238351 0.380937 -0.0649672 0.259583 1.03915 0.63045 -0.0400428 -0.0811567 -0.0652054 0.0107342 0.0627275 0.207032 -1.55522 0.322246 0.0392442 0.128275 0.860813 0.28239 
8.20274 17 0.05 0 -0.0392568 0.0622694 1.44345 0 0 0 0 0 -0.0541091 -0.358409 0.232204 0.419689 0.195754 -0.0136883 0.381004 -0.00326899 0.843789 1.53254 0.587513 0.00565761 0.00628421 0.113436 -0.0171492 0.0532429 -0.803719 -2.28855 -0.0952825 -0.766127 -0.107017 0.251704 0.412726 
8.19727 17 0.05 0 -0.0388944 0.0620558 1.43612 0 0 0 0 0 -0.0482861 -0.365098 0.236251 0.429563 0.19751 -0.00416212 0.381569 0.0414225 1.22685 1.86315 0.0320232 -0.0265777 -0.105651 0.0198581 0.0470567 0.0404917 -1.50094 -2.16491 -0.279922 -1.4385 -0.203489 -0.133061 0.6283 
8.18828 17 0.05 0 -0.0370558 0.0641545 1.4295 0 0 0 0 0 -0.0448475 -0.373833 0.239581 0.436756 0.198854 0.00432101 0.382855 0.0484528 1.37895 1.40359 0.057187 0.0141161 0.0354505 -0.063208 -0.00655672 -0.0709321 -2.08603 -1.70623 -0.298302 -0.947035 -0.438131 -0.500521 0.370305 
8.18236 17 0.05 0 -0.033675 0.0678021 1.42357 0 0 0 0 0 -0.0443149 -0.383882 0.242234 0.442111 0.199529 0.0114014 0.384482 0.0276584 1.55795 0.663543 -0.107029 0.00619497 0.0126011 -0.0625331 -0.0497605 0.00801682 -2.47654 -1.00695 -0.433604 -0.399677 -0.424962 -0.877971 0.0930128 
8.19472 17 0.05 0 -0.0286543 0.0719449 1.41804 0 0 0 0 0 -0.0469326 -0.394267 0.244099 0.446472 0.199611 0.016731 0.386075 0.0247371 1.45512 -0.294438 -0.0416439 -0.0254498 0.0411393 0.0177782 0.0685742 -0.0170368 -2.59175 -0.0510684 -0.353327 0.646662 -0.506047 -0.984699 -0.316924 
8.2328 17 0.05 0 -0.0222573 0.0753345 1.41298 0 0 0 0 0 -0.0525836 -0.40376 0.245347 0.45125 0.199046 0.0203259 0.387122 -0.0374479 1.18576 -0.491401 -0.53521 0.0239538 -0.118682 -0.0586614 -0.0041397 0.082754 -2.05431 0.609256 -0.452516 0.620591 -0.236832 -0.936728 -0.201037 
8.2213 17 0.05 0 -0.0149354 0.0777867 1.40769 0 0 0 0 0 -0.0603355 -0.411606 0.245903 0.45638 0.19823 0.0223969 0.387816 -0.00590934 0.65268 -0.64943 -0.373523 -0.0780658 -0.0106542 -0.0981777 -0.0202809 0.106567 -1.111 0.628977 -0.210932 0.748971 -0.227846 -0.483825 -0.451215 
8.26142 17 0.05 0 -0.00744016 0.0791793 1.4024 0 0 0 0 0 -0.0688115 -0.417927 0.246137 0.462007 0.197196 0.0236562 0.387866 0.0435645 0.00690453 -0.86461 -0.641883 -0.0795893 -0.0295538 0.00828867 0.0169455 0.0827176 -0.00404406 0.800249 -0.0759344 0.622558 -0.0742073 -0.0632357 -0.578407 
8.23743 17 0.05 0 -0.000618452 0.0793207 1.39677 0 0 0 0 0 -0.076521 -0.422633 0.246251 0.467931 0.196159 0.0247186 0.38716 0.0513168 -0.533182 -0.650318 -0.538699 0.142021 0.0635236 -0.00042066 0.0700722 -0.105063 0.968068 0.797281 0.149924 0.526321 -0.125636 0.365814 -0.608637 
8.22936 17 0.05 0 0.00488023 0.0785955 1.39093 0 0 0 0 0 -0.0822554 -0.425861 0.246551 0.474005 0.195052 0.0261642 0.385719 0.0996113 -0.992116 -0.606302 -0.790257 0.0268902 -0.0521555 0.00740777 0.0873914 0.0316095 1.70438 0.691331 0.201717 0.39826 -0.147742 0.68085 -0.689799 
8.229 17 0.05 0 0.00855897 0.0771339 1.38459 0 0 0 0 0 -0.0852048 -0.427877 0.247091 0.480048 0.193851 0.0283787 0.383496 -0.0530724 -1.13909 -0.101385 -0.830628 -0.0206314 -0.034776 0.0439107 0.144687 -0.0582866 1.98994 0.398014 0.230824 -0.224338 -0.144904 0.852457 -0.463229 
8.25639 17 0.05 0 0.0103766 0.0756717 1.37773 0 0 0 0 0 -0.0852236 -0.429175 0.247889 0.485234 0.192567 0.0315278 0.38086 -0.0480351 -0.979705 0.182207 -0.337874 0.0723339 -0.107624 0.0675928 0.0948652 -0.0743412 1.62155 -0.271766 0.355062 -0.487405 -0.362245 0.695325 -0.65189 
8.25304 17 0.05 0 0.0107065 0.0745896 1.37104 0 0 0 0 0 -0.0830551 -0.430721 0.249093 0.489286 0.190914 0.0353243 0.377588 -0.00169828 -0.795568 0.369733 -0.434992 0.0263541 -0.0415057 -0.0963846 -0.00763252 0.0408084 1.32199 -0.548381 0.203138 -0.8387 -0.406266 0.485 -0.553544 
8.24887 17 0.05 0 0.00992427 0.0741099 1.36437 0 0 0 0 0 -0.0792886 -0.432869 0.250462 0.491824 0.18886 0.0394309 0.373864 -0.0421161 -0.49323 0.554737 0.0907278 -0.0107102 0.100316 -0.0884273 0.135245 0.00815124 0.490211 -1.00587 0.173226 -0.845563 -0.686807 0.22313 -0.758274 
8.29328 17 0.05 0 0.00853741 0.0744352 1.35844 0 0 0 0 0 -0.0751963 -0.4362 0.251942 0.492969 0.186052 0.0434656 0.369443 -0.0864355 -0.430857 0.494108 -0.023196 0.0778401 -0.0374226 0.00117103 0.054323 0.00937486 0.246622 -0.791863 0.171522 -0.683695 -0.799582 0.133837 -0.837575 
8.30329 17 0.05 0 0.0066819 0.0754145 1.35303 0 0 0 0 0 -0.0711392 -0.44032 0.253524 0.493062 0.182397 0.0473142 0.364269 -0.16602 -0.0485193 0.221284 -0.23643 -0.0430402 -0.0274411 -0.0606427 0.105959 -0.0611848 -0.143743 -0.601131 0.00313862 -0.604938 -0.789409 -0.199404 -0.801331 
8.3139 17 0.05 0 0.0049294 0.0766126 1.34778 0 0 0 0 0 -0.0676563 -0.4449 0.254965 0.492302 0.177976 0.0505303 0.358453 -0.0515411 0.246073 -0.0690916 -0.447581 -0.0345749 -0.080667 0.0591246 -0.0438004 0.0607631 -0.592072 -0.1163 -0.177523 -0.368061 -0.767982 -0.438642 -0.825906 
8.30858 17 0.05 0 0.00368498 0.077603 1.34239 0 0 0 0 0 -0.0653281 -0.449222 0.256022 0.491094 0.17288 0.0528322 0.35201 -0.014318 0.365024 -0.19957 -0.689761 -0.0429399 -0.0260386 -0.0202698 -0.000637386 0.167297 -0.766402 0.152341 -0.220781 -0.127051 -0.797187 -0.504251 -0.843429 
8.33593 17 0.05 0 0.00307396 0.0782184 1.33652 0 0 0 0 0 -0.0643036 -0.452928 0.256669 0.489817 0.167124 0.0542052 0.344964 -0.00527804 0.443031 -0.576126 -1.20839 -0.0115461 -0.0496395 -0.0423186 0.0629444 -0.0255501 -0.92745 0.525828 -0.362167 0.032667 -0.626878 -0.642029 -0.699688 
8.33778 17 0.05 0 0.00315391 0.0779519 1.32946 0 0 0 0 0 -0.0647019 -0.455538 0.256737 0.488705 0.161004 0.0545317 0.33757 0.0638154 0.426362 -0.538563 -1.04019 0.055176 0.0235369 0.153149 0.0692811 -0.033646 -0.796286 0.74677 -0.253561 0.0561405 -0.677262 -0.642791 -0.732232 
8.36513 17 0.05 0 0.0038417 0.076933 1.32155 0 0 0 0 0 -0.0662124 -0.456827 0.256433 0.487778 0.154474 0.0539003 0.329806 0.022812 0.205262 -0.743265 -1.20399 -0.10285 0.00909493 -0.0726264 0.00854992 -0.00792729 -0.770682 0.692178 -0.159138 -0.211215 -0.441973 -0.493687 -0.651371 
8.38989 17 0.05 0 0.00476411 0.0749277 1.31263 0 0 0 0 0 -0.0687033 -0.45699 0.255925 0.486629 0.147909 0.0526095 0.321816 -0.0345736 0.0298816 -0.402763 -0.965052 -0.027816 -0.0645348 -0.13163 0.0960824 -0.0395673 -0.356306 0.193191 -0.132874 0.0226438 -0.634575 -0.269766 -0.818281 
8.41391 17 0.05 0 0.00564476 0.072518 1.30312 0 0 0 0 0 -0.0714856 -0.456855 0.25527 0.48562 0.141022 0.051043 0.313367 0.0207494 -0.141356 -0.151273 -0.870147 0.0194632 0.0061229 -0.034024 -0.0722922 -0.0356999 -0.0223699 -0.00263179 0.00847458 -0.145243 -0.641969 -0.169695 -0.796129 
8.42406 17 0.05 0 0.0062348 0.0701083 1.29321 0 0 0 0 0 -0.0740428 -0.456736 0.254688 0.48449 0.133826 0.049371 0.304526 -0.0482224 -0.364641 -0.00416571 -0.656109 0.0414081 -0.0696315 -0.068772 0.0480662 -0.0237576 0.409137 -0.214594 0.118186 -0.232005 -0.633918 -0.0351804 -0.844977 
8.43474 17 0.05 0 0.00622689 0.0679162 1.28324 0 0 0 0 0 -0.075753 -0.456948 0.254336 0.48312 0.126354 0.0478019 0.295248 0.0441862 -0.272725 0.314338 -0.522049 0.0476374 -0.0106339 -0.074724 0.0223307 0.017048 0.48952 -0.473308 0.248603 -0.191969 -0.773509 -0.104173 -0.92392 
