#1 rho_s 
#2 coeffs 
41.2157 0.1 0.832184 0.000400245 -5.42079e-16 4.20109e-16 0.00037984 1.72633e-18 -6.14647e-06 6.39825e-19 -7.2226e-16 0.000362507 -6.7936e-20 9.35988e-05 -3.25254e-16 -3.51351e-16 -5.19509e-18 -2.7837e-16 0.000348129 2.04057e-18 0.00013158 2.98197e-19 -8.24647e-06 1.13965e-18 4.5577e-16 2.53822e-18 2.85092e-17 
1.06394 0.1 9.83218 5.3904 -0.542993 0.0106349 -8.99962 7.14053 7.92012 8.65231 8.67881 7.00529 0.985861 4.71548 -2.21282 -2.78229 -1.73859 2.67356 6.99973 2.1797 5.60853 -1.30875 -4.46751 -0.364089 -2.24808 -2.07919 -1.24909 
1.00734 0.1 9.83218 1.73364 -0.0599875 0.00106552 -8.35501 3.58915 4.85205 6.34923 6.40954 3.40113 0.118472 1.28309 -0.340485 -0.483663 -0.242528 0.453896 3.3936 0.333063 1.90552 -0.167502 -1.14457 -0.0389077 -0.348484 -0.311102 -0.158 
1.00721 0.1 9.60183 0.24192 -0.00606401 0.000106573 -5.70287 0.747601 1.36511 2.60508 2.67079 0.678878 0.0121036 0.163468 -0.0362272 -0.0528446 -0.0253445 0.0493184 0.676209 0.0353891 0.275155 -0.017266 -0.141853 -0.00391815 -0.037133 -0.0329223 -0.0162583 
1.00093 0.1 7.45188 0.0256347 -0.000607063 1.06575e-05 -1.98428 0.0858367 0.176669 0.435766 0.453154 0.0772551 0.001213 0.0169214 -0.00364645 -0.00533506 -0.00254605 0.0049759 0.0769016 0.00356155 0.0290436 -0.00173198 -0.0145614 -0.000392091 -0.00373824 -0.00331182 -0.0016306 
0.854697 0.1 4.48069 0.00435649 -9.47801e-05 1.66377e-06 -0.440312 0.0135962 0.0284139 0.073283 0.0764364 0.0125236 0.000189404 0.00272811 -0.000569608 -0.000833623 -0.000397642 0.000777455 0.0124548 0.000556339 0.00466721 -0.000270463 -0.00228577 -6.12146e-05 -0.000583956 -0.000517307 -0.000254628 
2.51777 0.1 2.5753 0.00151932 -2.6795e-05 4.70354e-07 -0.132361 0.00385119 0.00806111 0.0209364 0.0218472 0.00380647 5.35465e-05 0.000838664 -0.000161043 -0.000235696 -0.000112421 0.000219813 0.00377668 0.000157291 0.00141465 -7.64637e-05 -0.000652318 -1.73057e-05 -0.0001651 -0.000146255 -7.19866e-05 
0.0334837 0.1 1.61349 0.000802695 -9.63485e-06 1.69128e-07 -0.0481686 0.00138548 0.00289764 0.00754842 0.00787773 0.00160142 1.92542e-05 0.000361532 -5.79083e-05 -8.47529e-05 -4.04244e-05 7.90416e-05 0.00158149 5.65592e-05 0.000593017 -2.74947e-05 -0.000239858 -6.22271e-06 -5.93671e-05 -5.25907e-05 -2.58849e-05 
0.0863692 0.1 1.16056 0.000553925 -3.67898e-06 6.45799e-08 -0.0182695 0.000529123 0.00110304 0.00288499 0.00301097 0.000835647 7.35204e-06 0.00019591 -2.21119e-05 -3.23625e-05 -1.54358e-05 3.01816e-05 0.00081915 2.15968e-05 0.000307786 -1.04987e-05 -9.66878e-05 -2.37609e-06 -2.26689e-05 -2.00814e-05 -9.88393e-06 
0.843671 0.1 0.955339 0.000455513 -1.32305e-06 2.32245e-08 -0.00634296 0.000190299 0.0003928 0.0010379 0.00108324 0.00053267 2.64398e-06 0.000130393 -7.95202e-06 -1.16384e-05 -5.55109e-06 1.08541e-05 0.00051753 7.76675e-06 0.00019495 -3.77558e-06 -4.00525e-05 -8.54501e-07 -8.15234e-06 -7.22179e-06 -3.55451e-06 
10.3449 0.1 0.868004 0.00041604 -3.78095e-07 6.63697e-09 -0.00154321 5.43839e-05 0.000107869 0.000296648 0.000309609 0.000411136 7.55581e-07 0.000104114 -2.27248e-06 -3.32596e-06 -1.58636e-06 3.10183e-06 0.00039654 2.21954e-06 0.00014969 -1.07896e-06 -1.73359e-05 -2.44194e-07 -2.32973e-06 -2.0638e-06 -1.01579e-06 
40.4873 0.1 0.838742 0.00040312 -6.88166e-08 1.20799e-09 2.97176e-05 9.89844e-06 1.46057e-05 5.39952e-05 5.63544e-05 0.000371358 1.37522e-07 9.55126e-05 -4.13612e-07 -6.05354e-07 -2.88732e-07 5.6456e-07 0.00035694 4.03976e-07 0.000134876 -1.96381e-07 -9.90083e-06 -4.44455e-08 -4.24032e-07 -3.75631e-07 -1.84882e-07 
42.0295 0.1 0.834687 0.000401342 -2.62404e-08 4.60617e-10 0.000246329 3.77437e-06 1.76652e-06 2.0589e-05 2.14886e-05 0.000365882 5.24386e-08 9.43286e-05 -1.57714e-07 -2.30827e-07 -1.10096e-07 2.15272e-07 0.000351489 1.5404e-07 0.000132837 -7.48819e-08 -8.87729e-06 -1.69475e-08 -1.61687e-07 -1.43231e-07 -7.04974e-08 
41.4165 0.1 0.837329 0.000399297 -3.63294e-07 -8.07062e-08 -0.000870115 -5.94824e-05 0.000179396 -0.000202336 -3.93344e-05 0.000356597 1.47654e-07 9.14218e-05 5.10752e-07 -1.22999e-06 9.15779e-07 -5.59011e-07 0.000344363 3.40098e-07 0.000128014 4.002e-07 -1.15453e-05 -1.12407e-06 -1.11125e-07 -6.56871e-07 2.16044e-08 
42.0396 0.1 0.834974 0.000401119 -6.285e-08 -8.35544e-09 0.000125041 -3.09644e-06 2.10606e-05 -3.6253e-06 1.48822e-05 0.000364873 6.27806e-08 9.40128e-05 -8.51077e-08 -3.39353e-07 1.33096e-09 1.31172e-07 0.000350715 1.74249e-07 0.000132313 -2.32802e-08 -9.16708e-06 -1.372e-07 -1.56195e-07 -1.99021e-07 -6.04936e-08 
42.0405 0.1 0.834899 0.000400735 -7.18001e-08 -6.13274e-09 7.35183e-05 2.33378e-06 -3.48898e-05 1.97901e-06 2.2256e-05 0.000363325 7.39783e-08 9.35996e-05 4.83792e-08 -3.44264e-07 -1.79573e-07 1.04261e-07 0.00034938 1.56679e-07 0.000131722 -1.71799e-07 -9.33817e-06 -3.22798e-08 -2.09532e-07 -2.14884e-07 -4.55315e-08 
42.0411 0.1 0.834951 0.000400604 -3.06304e-08 -1.34558e-08 5.52903e-05 2.00345e-06 -2.63557e-05 9.29424e-06 2.36521e-05 0.000362559 1.69982e-07 9.35328e-05 9.19387e-08 -3.58406e-07 -1.3946e-07 8.63541e-08 0.000348836 2.23052e-07 0.000131453 -1.73645e-07 -9.26222e-06 -4.37049e-09 -1.8325e-07 -1.9224e-07 -2.38652e-08 
42.0334 0.1 0.834781 0.000399837 -9.09461e-08 -8.5493e-08 2.72895e-05 -2.25981e-05 5.011e-05 -4.0403e-05 -0.00027778 0.000358924 -5.32938e-07 9.22675e-05 -4.54616e-07 -1.65835e-06 2.48526e-07 2.89674e-07 0.000345588 3.10653e-07 0.000130277 -1.87071e-06 -9.36654e-06 3.58939e-07 4.31997e-08 1.79284e-08 3.91759e-08 
42.0413 0.1 0.834927 0.000400493 -3.93721e-08 -2.38964e-08 5.1232e-05 -1.56214e-06 -1.52731e-05 2.09138e-06 -2.00372e-05 0.000362032 6.81056e-08 9.33494e-05 1.2725e-08 -5.46811e-07 -8.32284e-08 1.15822e-07 0.000348365 2.35748e-07 0.000131282 -4.19606e-07 -9.27733e-06 4.8285e-08 -1.5043e-07 -1.61779e-07 -1.47285e-08 
42.0415 0.1 0.834922 0.000400415 -6.28592e-08 -1.31025e-08 5.10892e-05 1.93007e-06 -2.26334e-05 1.34677e-07 1.33898e-06 0.000361652 8.18073e-08 9.32625e-05 -3.35964e-08 -5.26957e-07 -6.52985e-08 7.5241e-08 0.00034801 2.55923e-07 0.000131157 -3.06394e-07 -9.12204e-06 5.28197e-08 -1.35151e-07 -1.18855e-07 -8.27691e-09 
42.0412 0.1 0.834922 0.000399304 -3.97633e-07 -9.29357e-09 3.45985e-05 1.09269e-05 -2.71549e-05 3.42538e-05 4.65744e-05 0.000356287 -3.99544e-07 9.17604e-05 3.11346e-07 -9.19702e-07 -1.94451e-08 3.29462e-07 0.000343768 -3.85492e-07 0.000129284 2.38332e-07 -8.57542e-06 1.89972e-07 -1.50285e-07 -3.35769e-07 -1.02396e-07 
42.0412 0.1 0.834922 0.000400232 -1.17859e-07 -1.24768e-08 4.83799e-05 3.40815e-06 -2.33763e-05 5.74013e-06 8.77076e-06 0.000360771 2.72619e-09 9.30157e-05 2.30741e-08 -5.91481e-07 -5.77653e-08 1.17007e-07 0.000347313 1.50545e-07 0.000130849 -2.16901e-07 -9.03224e-06 7.53524e-08 -1.37638e-07 -1.54492e-07 -2.37397e-08 
42.0412 0.1 0.834922 0.000400397 -6.83591e-08 -1.304e-08 5.08182e-05 2.07788e-06 -2.27077e-05 6.95223e-07 2.08216e-06 0.000361564 7.38992e-08 9.32378e-05 -2.79293e-08 -5.33409e-07 -6.45452e-08 7.94176e-08 0.000347941 2.45385e-07 0.000131126 -2.97445e-07 -9.11306e-06 5.50729e-08 -1.354e-07 -1.22419e-07 -9.8232e-09 
42.0404 0.1 0.834922 0.000400413 -6.34092e-08 -1.30963e-08 5.10621e-05 1.94485e-06 -2.26409e-05 1.90732e-07 1.4133e-06 0.000361643 8.10165e-08 9.326e-05 -3.30297e-08 -5.27602e-07 -6.52232e-08 7.56586e-08 0.000348003 2.54869e-07 0.000131154 -3.05499e-07 -9.12114e-06 5.3045e-08 -1.35176e-07 -1.19212e-07 -8.43154e-09 
42.0411 0.1 0.834922 0.000400415 -6.29142e-08 -1.31019e-08 5.10864e-05 1.93155e-06 -2.26342e-05 1.40282e-07 1.34641e-06 0.000361651 8.17282e-08 9.32622e-05 -3.35397e-08 -5.27021e-07 -6.5291e-08 7.52827e-08 0.00034801 2.55817e-07 0.000131156 -3.06305e-07 -9.12195e-06 5.28422e-08 -1.35154e-07 -1.18891e-07 -8.29238e-09 
42.0414 0.1 0.834922 0.000400415 -6.28647e-08 -1.31025e-08 5.10889e-05 1.93022e-06 -2.26335e-05 1.35238e-07 1.33973e-06 0.000361652 8.17994e-08 9.32625e-05 -3.35907e-08 -5.26963e-07 -6.52977e-08 7.52451e-08 0.00034801 2.55912e-07 0.000131157 -3.06385e-07 -9.12203e-06 5.28219e-08 -1.35152e-07 -1.18859e-07 -8.27846e-09 
42.037 0.1 0.834922 0.000400415 -6.28597e-08 -1.31025e-08 5.10891e-05 1.93009e-06 -2.26334e-05 1.34733e-07 1.33906e-06 0.000361652 8.18065e-08 9.32625e-05 -3.35958e-08 -5.26957e-07 -6.52984e-08 7.52414e-08 0.00034801 2.55922e-07 0.000131157 -3.06393e-07 -9.12204e-06 5.28199e-08 -1.35151e-07 -1.18856e-07 -8.27707e-09 
42.0403 0.1 0.834922 0.000400415 -6.28592e-08 -1.31025e-08 5.10892e-05 1.93007e-06 -2.26334e-05 1.34683e-07 1.33899e-06 0.000361652 8.18072e-08 9.32625e-05 -3.35963e-08 -5.26957e-07 -6.52985e-08 7.5241e-08 0.00034801 2.55923e-07 0.000131157 -3.06394e-07 -9.12204e-06 5.28197e-08 -1.35151e-07 -1.18855e-07 -8.27693e-09 
42.041 0.1 0.834922 0.000400415 -6.28592e-08 -1.31025e-08 5.10892e-05 1.93007e-06 -2.26334e-05 1.34678e-07 1.33898e-06 0.000361652 8.18073e-08 9.32625e-05 -3.35964e-08 -5.26957e-07 -6.52985e-08 7.5241e-08 0.00034801 2.55923e-07 0.000131157 -3.06394e-07 -9.12204e-06 5.28197e-08 -1.35151e-07 -1.18855e-07 -8.27691e-09 
42.0412 0.1 0.834922 0.000400415 -6.28592e-08 -1.31025e-08 5.10892e-05 1.93007e-06 -2.26334e-05 1.34677e-07 1.33898e-06 0.000361652 8.18073e-08 9.32625e-05 -3.35964e-08 -5.26957e-07 -6.52985e-08 7.5241e-08 0.00034801 2.55923e-07 0.000131157 -3.06394e-07 -9.12204e-06 5.28197e-08 -1.35151e-07 -1.18855e-07 -8.27691e-09 
42.0411 0.1 0.834922 0.000400415 -6.28592e-08 -1.31025e-08 5.10892e-05 1.93007e-06 -2.26334e-05 1.34677e-07 1.33898e-06 0.000361652 8.18073e-08 9.32625e-05 -3.35964e-08 -5.26957e-07 -6.52985e-08 7.5241e-08 0.00034801 2.55923e-07 0.000131157 -3.06394e-07 -9.12204e-06 5.28197e-08 -1.35151e-07 -1.18855e-07 -8.27691e-09 
42.0413 0.1 0.834922 0.000400415 -6.28592e-08 -1.31025e-08 5.10892e-05 1.93007e-06 -2.26334e-05 1.34677e-07 1.33898e-06 0.000361652 8.18073e-08 9.32625e-05 -3.35964e-08 -5.26957e-07 -6.52985e-08 7.5241e-08 0.00034801 2.55923e-07 0.000131157 -3.06394e-07 -9.12204e-06 5.28197e-08 -1.35151e-07 -1.18855e-07 -8.27691e-09 
42.0409 0.1 0.834922 0.000400415 -6.28592e-08 -1.31025e-08 5.10892e-05 1.93007e-06 -2.26334e-05 1.34677e-07 1.33898e-06 0.000361652 8.18073e-08 9.32625e-05 -3.35964e-08 -5.26957e-07 -6.52985e-08 7.5241e-08 0.00034801 2.55923e-07 0.000131157 -3.06394e-07 -9.12204e-06 5.28197e-08 -1.35151e-07 -1.18855e-07 -8.27691e-09 
42.0413 0.1 0.834922 0.000400415 -6.28592e-08 -1.31025e-08 5.10892e-05 1.93007e-06 -2.26334e-05 1.34677e-07 1.33898e-06 0.000361652 8.18073e-08 9.32625e-05 -3.35964e-08 -5.26957e-07 -6.52985e-08 7.5241e-08 0.00034801 2.55923e-07 0.000131157 -3.06394e-07 -9.12204e-06 5.28197e-08 -1.35151e-07 -1.18855e-07 -8.27691e-09 
42.0411 0.1 0.834922 0.000400415 -6.28592e-08 -1.31025e-08 5.10892e-05 1.93007e-06 -2.26334e-05 1.34677e-07 1.33898e-06 0.000361652 8.18073e-08 9.32625e-05 -3.35964e-08 -5.26957e-07 -6.52985e-08 7.5241e-08 0.00034801 2.55923e-07 0.000131157 -3.06394e-07 -9.12204e-06 5.28197e-08 -1.35151e-07 -1.18855e-07 -8.27691e-09 
42.0412 0.1 0.834922 0.000400415 -6.28592e-08 -1.31025e-08 5.10892e-05 1.93007e-06 -2.26334e-05 1.34677e-07 1.33898e-06 0.000361652 8.18073e-08 9.32625e-05 -3.35964e-08 -5.26957e-07 -6.52985e-08 7.5241e-08 0.00034801 2.55923e-07 0.000131157 -3.06394e-07 -9.12204e-06 5.28197e-08 -1.35151e-07 -1.18855e-07 -8.27691e-09 
42.041 0.1 0.834922 0.000400415 -6.28592e-08 -1.31025e-08 5.10892e-05 1.93007e-06 -2.26334e-05 1.34677e-07 1.33898e-06 0.000361652 8.18073e-08 9.32625e-05 -3.35964e-08 -5.26957e-07 -6.52985e-08 7.5241e-08 0.00034801 2.55923e-07 0.000131157 -3.06394e-07 -9.12204e-06 5.28197e-08 -1.35151e-07 -1.18855e-07 -8.27691e-09 
42.0411 0.1 0.834922 0.000400415 -6.28592e-08 -1.31025e-08 5.10892e-05 1.93007e-06 -2.26334e-05 1.34677e-07 1.33898e-06 0.000361652 8.18073e-08 9.32625e-05 -3.35964e-08 -5.26957e-07 -6.52985e-08 7.5241e-08 0.00034801 2.55923e-07 0.000131157 -3.06394e-07 -9.12204e-06 5.28197e-08 -1.35151e-07 -1.18855e-07 -8.27691e-09 
42.0408 0.1 0.834922 0.000400415 -6.28592e-08 -1.31025e-08 5.10892e-05 1.93007e-06 -2.26334e-05 1.34677e-07 1.33898e-06 0.000361652 8.18073e-08 9.32625e-05 -3.35964e-08 -5.26957e-07 -6.52985e-08 7.5241e-08 0.00034801 2.55923e-07 0.000131157 -3.06394e-07 -9.12204e-06 5.28197e-08 -1.35151e-07 -1.18855e-07 -8.27691e-09 
42.0413 0.1 0.834922 0.000400415 -6.28592e-08 -1.31025e-08 5.10892e-05 1.93007e-06 -2.26334e-05 1.34677e-07 1.33898e-06 0.000361652 8.18073e-08 9.32625e-05 -3.35964e-08 -5.26957e-07 -6.52985e-08 7.5241e-08 0.00034801 2.55923e-07 0.000131157 -3.06394e-07 -9.12204e-06 5.28197e-08 -1.35151e-07 -1.18855e-07 -8.27691e-09 
42.0409 0.1 0.834922 0.000400415 -6.28592e-08 -1.31025e-08 5.10892e-05 1.93007e-06 -2.26334e-05 1.34677e-07 1.33898e-06 0.000361652 8.18073e-08 9.32625e-05 -3.35964e-08 -5.26957e-07 -6.52985e-08 7.5241e-08 0.00034801 2.55923e-07 0.000131157 -3.06394e-07 -9.12204e-06 5.28197e-08 -1.35151e-07 -1.18855e-07 -8.27691e-09 
42.0413 0.1 0.834922 0.000400415 -6.28592e-08 -1.31025e-08 5.10892e-05 1.93007e-06 -2.26334e-05 1.34677e-07 1.33898e-06 0.000361652 8.18073e-08 9.32625e-05 -3.35964e-08 -5.26957e-07 -6.52985e-08 7.5241e-08 0.00034801 2.55923e-07 0.000131157 -3.06394e-07 -9.12204e-06 5.28197e-08 -1.35151e-07 -1.18855e-07 -8.27691e-09 
42.0412 0.1 0.834922 0.000400415 -6.28592e-08 -1.31025e-08 5.10892e-05 1.93007e-06 -2.26334e-05 1.34677e-07 1.33898e-06 0.000361652 8.18073e-08 9.32625e-05 -3.35964e-08 -5.26957e-07 -6.52985e-08 7.5241e-08 0.00034801 2.55923e-07 0.000131157 -3.06394e-07 -9.12204e-06 5.28197e-08 -1.35151e-07 -1.18855e-07 -8.27691e-09 
42.0412 0.1 0.834922 0.000400415 -6.28592e-08 -1.31025e-08 5.10892e-05 1.93007e-06 -2.26334e-05 1.34677e-07 1.33898e-06 0.000361652 8.18073e-08 9.32625e-05 -3.35964e-08 -5.26957e-07 -6.52985e-08 7.5241e-08 0.00034801 2.55923e-07 0.000131157 -3.06394e-07 -9.12204e-06 5.28197e-08 -1.35151e-07 -1.18855e-07 -8.27691e-09 
42.0406 0.1 0.834922 0.000400415 -6.28592e-08 -1.31025e-08 5.10892e-05 1.93007e-06 -2.26334e-05 1.34677e-07 1.33898e-06 0.000361652 8.18073e-08 9.32625e-05 -3.35964e-08 -5.26957e-07 -6.52985e-08 7.5241e-08 0.00034801 2.55923e-07 0.000131157 -3.06394e-07 -9.12204e-06 5.28197e-08 -1.35151e-07 -1.18855e-07 -8.27691e-09 
42.0413 0.1 0.834922 0.000400415 -6.28592e-08 -1.31025e-08 5.10892e-05 1.93007e-06 -2.26334e-05 1.34677e-07 1.33898e-06 0.000361652 8.18073e-08 9.32625e-05 -3.35964e-08 -5.26957e-07 -6.52985e-08 7.5241e-08 0.00034801 2.55923e-07 0.000131157 -3.06394e-07 -9.12204e-06 5.28197e-08 -1.35151e-07 -1.18855e-07 -8.27691e-09 
42.0413 0.1 0.834922 0.000400415 -6.28592e-08 -1.31025e-08 5.10892e-05 1.93007e-06 -2.26334e-05 1.34677e-07 1.33898e-06 0.000361652 8.18073e-08 9.32625e-05 -3.35964e-08 -5.26957e-07 -6.52985e-08 7.5241e-08 0.00034801 2.55923e-07 0.000131157 -3.06394e-07 -9.12204e-06 5.28197e-08 -1.35151e-07 -1.18855e-07 -8.27691e-09 
42.041 0.1 0.834922 0.000400415 -6.28592e-08 -1.31025e-08 5.10892e-05 1.93007e-06 -2.26334e-05 1.34677e-07 1.33898e-06 0.000361652 8.18073e-08 9.32625e-05 -3.35964e-08 -5.26957e-07 -6.52985e-08 7.5241e-08 0.00034801 2.55923e-07 0.000131157 -3.06394e-07 -9.12204e-06 5.28197e-08 -1.35151e-07 -1.18855e-07 -8.27691e-09 
42.0412 0.1 0.834922 0.000400415 -6.28592e-08 -1.31025e-08 5.10892e-05 1.93007e-06 -2.26334e-05 1.34677e-07 1.33898e-06 0.000361652 8.18073e-08 9.32625e-05 -3.35964e-08 -5.26957e-07 -6.52985e-08 7.5241e-08 0.00034801 2.55923e-07 0.000131157 -3.06394e-07 -9.12204e-06 5.28197e-08 -1.35151e-07 -1.18855e-07 -8.27691e-09 
42.0415 0.1 0.834922 0.000400415 -6.28592e-08 -1.31025e-08 5.10892e-05 1.93007e-06 -2.26334e-05 1.34677e-07 1.33898e-06 0.000361652 8.18073e-08 9.32625e-05 -3.35964e-08 -5.26957e-07 -6.52985e-08 7.5241e-08 0.00034801 2.55923e-07 0.000131157 -3.06394e-07 -9.12204e-06 5.28197e-08 -1.35151e-07 -1.18855e-07 -8.27691e-09 
42.0405 0.1 0.834922 0.000400415 -6.28592e-08 -1.31025e-08 5.10892e-05 1.93007e-06 -2.26334e-05 1.34677e-07 1.33898e-06 0.000361652 8.18073e-08 9.32625e-05 -3.35964e-08 -5.26957e-07 -6.52985e-08 7.5241e-08 0.00034801 2.55923e-07 0.000131157 -3.06394e-07 -9.12204e-06 5.28197e-08 -1.35151e-07 -1.18855e-07 -8.27691e-09 
42.041 0.1 0.834922 0.000400415 -6.28592e-08 -1.31025e-08 5.10892e-05 1.93007e-06 -2.26334e-05 1.34677e-07 1.33898e-06 0.000361652 8.18073e-08 9.32625e-05 -3.35964e-08 -5.26957e-07 -6.52985e-08 7.5241e-08 0.00034801 2.55923e-07 0.000131157 -3.06394e-07 -9.12204e-06 5.28197e-08 -1.35151e-07 -1.18855e-07 -8.27691e-09 
42.0413 0.1 0.834922 0.000400415 -6.28592e-08 -1.31025e-08 5.10892e-05 1.93007e-06 -2.26334e-05 1.34677e-07 1.33898e-06 0.000361652 8.18073e-08 9.32625e-05 -3.35964e-08 -5.26957e-07 -6.52985e-08 7.5241e-08 0.00034801 2.55923e-07 0.000131157 -3.06394e-07 -9.12204e-06 5.28197e-08 -1.35151e-07 -1.18855e-07 -8.27691e-09 
42.041 0.1 0.834922 0.000400415 -6.28592e-08 -1.31025e-08 5.10892e-05 1.93007e-06 -2.26334e-05 1.34677e-07 1.33898e-06 0.000361652 8.18073e-08 9.32625e-05 -3.35964e-08 -5.26957e-07 -6.52985e-08 7.5241e-08 0.00034801 2.55923e-07 0.000131157 -3.06394e-07 -9.12204e-06 5.28197e-08 -1.35151e-07 -1.18855e-07 -8.27691e-09 
42.041 0.1 0.834922 0.000400415 -6.28592e-08 -1.31025e-08 5.10892e-05 1.93007e-06 -2.26334e-05 1.34677e-07 1.33898e-06 0.000361652 8.18073e-08 9.32625e-05 -3.35964e-08 -5.26957e-07 -6.52985e-08 7.5241e-08 0.00034801 2.55923e-07 0.000131157 -3.06394e-07 -9.12204e-06 5.28197e-08 -1.35151e-07 -1.18855e-07 -8.27691e-09 
42.0409 0.1 0.834922 0.000400415 -6.28592e-08 -1.31025e-08 5.10892e-05 1.93007e-06 -2.26334e-05 1.34677e-07 1.33898e-06 0.000361652 8.18073e-08 9.32625e-05 -3.35964e-08 -5.26957e-07 -6.52985e-08 7.5241e-08 0.00034801 2.55923e-07 0.000131157 -3.06394e-07 -9.12204e-06 5.28197e-08 -1.35151e-07 -1.18855e-07 -8.27691e-09 
42.041 0.1 0.834922 0.000400415 -6.28592e-08 -1.31025e-08 5.10892e-05 1.93007e-06 -2.26334e-05 1.34677e-07 1.33898e-06 0.000361652 8.18073e-08 9.32625e-05 -3.35964e-08 -5.26957e-07 -6.52985e-08 7.5241e-08 0.00034801 2.55923e-07 0.000131157 -3.06394e-07 -9.12204e-06 5.28197e-08 -1.35151e-07 -1.18855e-07 -8.27691e-09 
42.0409 0.1 0.834922 0.000400415 -6.28592e-08 -1.31025e-08 5.10892e-05 1.93007e-06 -2.26334e-05 1.34677e-07 1.33898e-06 0.000361652 8.18073e-08 9.32625e-05 -3.35964e-08 -5.26957e-07 -6.52985e-08 7.5241e-08 0.00034801 2.55923e-07 0.000131157 -3.06394e-07 -9.12204e-06 5.28197e-08 -1.35151e-07 -1.18855e-07 -8.27691e-09 
42.0412 0.1 0.834922 0.000400415 -6.28592e-08 -1.31025e-08 5.10892e-05 1.93007e-06 -2.26334e-05 1.34677e-07 1.33898e-06 0.000361652 8.18073e-08 9.32625e-05 -3.35964e-08 -5.26957e-07 -6.52985e-08 7.5241e-08 0.00034801 2.55923e-07 0.000131157 -3.06394e-07 -9.12204e-06 5.28197e-08 -1.35151e-07 -1.18855e-07 -8.27691e-09 
42.041 0.1 0.834922 0.000400415 -6.28592e-08 -1.31025e-08 5.10892e-05 1.93007e-06 -2.26334e-05 1.34677e-07 1.33898e-06 0.000361652 8.18073e-08 9.32625e-05 -3.35964e-08 -5.26957e-07 -6.52985e-08 7.5241e-08 0.00034801 2.55923e-07 0.000131157 -3.06394e-07 -9.12204e-06 5.28197e-08 -1.35151e-07 -1.18855e-07 -8.27691e-09 
42.0413 0.1 0.834922 0.000400415 -6.28592e-08 -1.31025e-08 5.10892e-05 1.93007e-06 -2.26334e-05 1.34677e-07 1.33898e-06 0.000361652 8.18073e-08 9.32625e-05 -3.35964e-08 -5.26957e-07 -6.52985e-08 7.5241e-08 0.00034801 2.55923e-07 0.000131157 -3.06394e-07 -9.12204e-06 5.28197e-08 -1.35151e-07 -1.18855e-07 -8.27691e-09 
42.0411 0.1 0.834922 0.000400415 -6.28592e-08 -1.31025e-08 5.10892e-05 1.93007e-06 -2.26334e-05 1.34677e-07 1.33898e-06 0.000361652 8.18073e-08 9.32625e-05 -3.35964e-08 -5.26957e-07 -6.52985e-08 7.5241e-08 0.00034801 2.55923e-07 0.000131157 -3.06394e-07 -9.12204e-06 5.28197e-08 -1.35151e-07 -1.18855e-07 -8.27691e-09 
42.0412 0.1 0.834922 0.000400415 -6.28592e-08 -1.31025e-08 5.10892e-05 1.93007e-06 -2.26334e-05 1.34677e-07 1.33898e-06 0.000361652 8.18073e-08 9.32625e-05 -3.35964e-08 -5.26957e-07 -6.52985e-08 7.5241e-08 0.00034801 2.55923e-07 0.000131157 -3.06394e-07 -9.12204e-06 5.28197e-08 -1.35151e-07 -1.18855e-07 -8.27691e-09 
42.0414 0.1 0.834922 0.000400415 -6.28592e-08 -1.31025e-08 5.10892e-05 1.93007e-06 -2.26334e-05 1.34677e-07 1.33898e-06 0.000361652 8.18073e-08 9.32625e-05 -3.35964e-08 -5.26957e-07 -6.52985e-08 7.5241e-08 0.00034801 2.55923e-07 0.000131157 -3.06394e-07 -9.12204e-06 5.28197e-08 -1.35151e-07 -1.18855e-07 -8.27691e-09 
42.0414 0.1 0.834922 0.000400415 -6.28592e-08 -1.31025e-08 5.10892e-05 1.93007e-06 -2.26334e-05 1.34677e-07 1.33898e-06 0.000361652 8.18073e-08 9.32625e-05 -3.35964e-08 -5.26957e-07 -6.52985e-08 7.5241e-08 0.00034801 2.55923e-07 0.000131157 -3.06394e-07 -9.12204e-06 5.28197e-08 -1.35151e-07 -1.18855e-07 -8.27691e-09 
42.0414 0.1 0.834922 0.000400415 -6.28592e-08 -1.31025e-08 5.10892e-05 1.93007e-06 -2.26334e-05 1.34677e-07 1.33898e-06 0.000361652 8.18073e-08 9.32625e-05 -3.35964e-08 -5.26957e-07 -6.52985e-08 7.5241e-08 0.00034801 2.55923e-07 0.000131157 -3.06394e-07 -9.12204e-06 5.28197e-08 -1.35151e-07 -1.18855e-07 -8.27691e-09 
42.0399 0.1 0.834922 0.000400415 -6.28592e-08 -1.31025e-08 5.10892e-05 1.93007e-06 -2.26334e-05 1.34677e-07 1.33898e-06 0.000361652 8.18073e-08 9.32625e-05 -3.35964e-08 -5.26957e-07 -6.52985e-08 7.5241e-08 0.00034801 2.55923e-07 0.000131157 -3.06394e-07 -9.12204e-06 5.28197e-08 -1.35151e-07 -1.18855e-07 -8.27691e-09 
42.04 0.1 0.834922 0.000400415 -6.28592e-08 -1.31025e-08 5.10892e-05 1.93007e-06 -2.26334e-05 1.34677e-07 1.33898e-06 0.000361652 8.18073e-08 9.32625e-05 -3.35964e-08 -5.26957e-07 -6.52985e-08 7.5241e-08 0.00034801 2.55923e-07 0.000131157 -3.06394e-07 -9.12204e-06 5.28197e-08 -1.35151e-07 -1.18855e-07 -8.27691e-09 
42.0409 0.1 0.834922 0.000400415 -6.28592e-08 -1.31025e-08 5.10892e-05 1.93007e-06 -2.26334e-05 1.34677e-07 1.33898e-06 0.000361652 8.18073e-08 9.32625e-05 -3.35964e-08 -5.26957e-07 -6.52985e-08 7.5241e-08 0.00034801 2.55923e-07 0.000131157 -3.06394e-07 -9.12204e-06 5.28197e-08 -1.35151e-07 -1.18855e-07 -8.27691e-09 
42.0412 0.1 0.834922 0.000400415 -6.28592e-08 -1.31025e-08 5.10892e-05 1.93007e-06 -2.26334e-05 1.34677e-07 1.33898e-06 0.000361652 8.18073e-08 9.32625e-05 -3.35964e-08 -5.26957e-07 -6.52985e-08 7.5241e-08 0.00034801 2.55923e-07 0.000131157 -3.06394e-07 -9.12204e-06 5.28197e-08 -1.35151e-07 -1.18855e-07 -8.27691e-09 
42.0413 0.1 0.834922 0.000400415 -6.28592e-08 -1.31025e-08 5.10892e-05 1.93007e-06 -2.26334e-05 1.34677e-07 1.33898e-06 0.000361652 8.18073e-08 9.32625e-05 -3.35964e-08 -5.26957e-07 -6.52985e-08 7.5241e-08 0.00034801 2.55923e-07 0.000131157 -3.06394e-07 -9.12204e-06 5.28197e-08 -1.35151e-07 -1.18855e-07 -8.27691e-09 
42.0413 0.1 0.834922 0.000400415 -6.28592e-08 -1.31025e-08 5.10892e-05 1.93007e-06 -2.26334e-05 1.34677e-07 1.33898e-06 0.000361652 8.18073e-08 9.32625e-05 -3.35964e-08 -5.26957e-07 -6.52985e-08 7.5241e-08 0.00034801 2.55923e-07 0.000131157 -3.06394e-07 -9.12204e-06 5.28197e-08 -1.35151e-07 -1.18855e-07 -8.27691e-09 
42.0413 0.1 0.834922 0.000400415 -6.28592e-08 -1.31025e-08 5.10892e-05 1.93007e-06 -2.26334e-05 1.34677e-07 1.33898e-06 0.000361652 8.18073e-08 9.32625e-05 -3.35964e-08 -5.26957e-07 -6.52985e-08 7.5241e-08 0.00034801 2.55923e-07 0.000131157 -3.06394e-07 -9.12204e-06 5.28197e-08 -1.35151e-07 -1.18855e-07 -8.27691e-09 
42.0409 0.1 0.834922 0.000400415 -6.28592e-08 -1.31025e-08 5.10892e-05 1.93007e-06 -2.26334e-05 1.34677e-07 1.33898e-06 0.000361652 8.18073e-08 9.32625e-05 -3.35964e-08 -5.26957e-07 -6.52985e-08 7.5241e-08 0.00034801 2.55923e-07 0.000131157 -3.06394e-07 -9.12204e-06 5.28197e-08 -1.35151e-07 -1.18855e-07 -8.27691e-09 
42.0414 0.1 0.834922 0.000400415 -6.28592e-08 -1.31025e-08 5.10892e-05 1.93007e-06 -2.26334e-05 1.34677e-07 1.33898e-06 0.000361652 8.18073e-08 9.32625e-05 -3.35964e-08 -5.26957e-07 -6.52985e-08 7.5241e-08 0.00034801 2.55923e-07 0.000131157 -3.06394e-07 -9.12204e-06 5.28197e-08 -1.35151e-07 -1.18855e-07 -8.27691e-09 
42.0413 0.1 0.834922 0.000400415 -6.28592e-08 -1.31025e-08 5.10892e-05 1.93007e-06 -2.26334e-05 1.34677e-07 1.33898e-06 0.000361652 8.18073e-08 9.32625e-05 -3.35964e-08 -5.26957e-07 -6.52985e-08 7.5241e-08 0.00034801 2.55923e-07 0.000131157 -3.06394e-07 -9.12204e-06 5.28197e-08 -1.35151e-07 -1.18855e-07 -8.27691e-09 
42.0413 0.1 0.834922 0.000400415 -6.28592e-08 -1.31025e-08 5.10892e-05 1.93007e-06 -2.26334e-05 1.34677e-07 1.33898e-06 0.000361652 8.18073e-08 9.32625e-05 -3.35964e-08 -5.26957e-07 -6.52985e-08 7.5241e-08 0.00034801 2.55923e-07 0.000131157 -3.06394e-07 -9.12204e-06 5.28197e-08 -1.35151e-07 -1.18855e-07 -8.27691e-09 
42.041 0.1 0.834922 0.000400415 -6.28592e-08 -1.31025e-08 5.10892e-05 1.93007e-06 -2.26334e-05 1.34677e-07 1.33898e-06 0.000361652 8.18073e-08 9.32625e-05 -3.35964e-08 -5.26957e-07 -6.52985e-08 7.5241e-08 0.00034801 2.55923e-07 0.000131157 -3.06394e-07 -9.12204e-06 5.28197e-08 -1.35151e-07 -1.18855e-07 -8.27691e-09 
42.0411 0.1 0.834922 0.000400415 -6.28592e-08 -1.31025e-08 5.10892e-05 1.93007e-06 -2.26334e-05 1.34677e-07 1.33898e-06 0.000361652 8.18073e-08 9.32625e-05 -3.35964e-08 -5.26957e-07 -6.52985e-08 7.5241e-08 0.00034801 2.55923e-07 0.000131157 -3.06394e-07 -9.12204e-06 5.28197e-08 -1.35151e-07 -1.18855e-07 -8.27691e-09 
42.0413 0.1 0.834922 0.000400415 -6.28592e-08 -1.31025e-08 5.10892e-05 1.93007e-06 -2.26334e-05 1.34677e-07 1.33898e-06 0.000361652 8.18073e-08 9.32625e-05 -3.35964e-08 -5.26957e-07 -6.52985e-08 7.5241e-08 0.00034801 2.55923e-07 0.000131157 -3.06394e-07 -9.12204e-06 5.28197e-08 -1.35151e-07 -1.18855e-07 -8.27691e-09 
42.0411 0.1 0.834922 0.000400415 -6.28592e-08 -1.31025e-08 5.10892e-05 1.93007e-06 -2.26334e-05 1.34677e-07 1.33898e-06 0.000361652 8.18073e-08 9.32625e-05 -3.35964e-08 -5.26957e-07 -6.52985e-08 7.5241e-08 0.00034801 2.55923e-07 0.000131157 -3.06394e-07 -9.12204e-06 5.28197e-08 -1.35151e-07 -1.18855e-07 -8.27691e-09 
42.0411 0.1 0.834922 0.000400415 -6.28592e-08 -1.31025e-08 5.10892e-05 1.93007e-06 -2.26334e-05 1.34677e-07 1.33898e-06 0.000361652 8.18073e-08 9.32625e-05 -3.35964e-08 -5.26957e-07 -6.52985e-08 7.5241e-08 0.00034801 2.55923e-07 0.000131157 -3.06394e-07 -9.12204e-06 5.28197e-08 -1.35151e-07 -1.18855e-07 -8.27691e-09 
42.0408 0.1 0.834922 0.000400415 -6.28592e-08 -1.31025e-08 5.10892e-05 1.93007e-06 -2.26334e-05 1.34677e-07 1.33898e-06 0.000361652 8.18073e-08 9.32625e-05 -3.35964e-08 -5.26957e-07 -6.52985e-08 7.5241e-08 0.00034801 2.55923e-07 0.000131157 -3.06394e-07 -9.12204e-06 5.28197e-08 -1.35151e-07 -1.18855e-07 -8.27691e-09 
42.0411 0.1 0.834922 0.000400415 -6.28592e-08 -1.31025e-08 5.10892e-05 1.93007e-06 -2.26334e-05 1.34677e-07 1.33898e-06 0.000361652 8.18073e-08 9.32625e-05 -3.35964e-08 -5.26957e-07 -6.52985e-08 7.5241e-08 0.00034801 2.55923e-07 0.000131157 -3.06394e-07 -9.12204e-06 5.28197e-08 -1.35151e-07 -1.18855e-07 -8.27691e-09 
