#1 rho_s 
#2 coeffs 
Epsilon: -8.51618 + 0.759123i
3.76085 17 0.05 0 0.0133503 0.309997 0.0155218 0 0 0 0 0 1.34175 -0.0867435 0.0470842 0.250578 0.024292 -0.0524798 0.152976 -2.56751 -3.22405 -59.2477 1.22022 -1.12898 -1.41236 -2.93402 0.380384 0.167041 -24.0112 -0.0845051 -4.08794 -26.46 2.65118 3.40345 -3.12263 
4.48326 17 0.05 0 0.0128871 0.301484 0.0156971 0 0 0 0 0 1.3383 -0.0867556 0.0464968 0.246776 0.0246729 -0.0519908 0.152527 0.660332 -4.81732 -79.5095 -3.36734 0.197192 -0.326022 -0.0952611 -0.22438 -0.242511 -32.7295 -0.434119 -6.55886 -36.8609 -4.69733 0.262026 -3.74653 
5.81348 17 0.05 0 0.0123964 0.293041 0.0155529 0 0 0 0 0 1.33485 -0.0867881 0.0458461 0.242919 0.024526 -0.0517794 0.152111 -6.84959 -7.18109 -121.388 -11.2154 1.97599 2.87034 -6.37185 -3.77366 -1.72368 -51.6973 -0.639312 -9.5189 -54.7925 -15.996 -5.22333 -6.24649 
8.19511 17 0.05 0 0.0119118 0.284777 0.0150982 0 0 0 0 0 1.3314 -0.0868257 0.0452036 0.239167 0.023906 -0.0518559 0.151694 -3.97425 -11.5843 -208.116 -2.57711 8.01499 9.58742 -5.92169 -0.179987 -1.27126 -88.3225 0.310422 -16.3386 -101.932 -2.97091 9.42519 -10.0731 
10.4645 17 0.05 0 0.0114579 0.276838 0.0148271 0 0 0 0 0 1.32805 -0.0868384 0.0445834 0.235424 0.0235466 -0.0517174 0.151301 -17.8177 -11.2271 -303.761 -15.3329 4.78362 6.16486 -15.3812 -11.5024 -6.93141 -127.192 6.62601 -16.6819 -153.893 -19.0798 -1.85929 -14.4879 
15.1383 17 0.05 0 0.0110815 0.269034 0.0145043 0 0 0 0 0 1.32478 -0.08677 0.0440539 0.231622 0.0231327 -0.0516626 0.150922 20.969 -36.0818 -512.837 -29.7435 11.4145 11.7593 9.49187 12.0097 6.60754 -216.767 -12.0652 -52.8981 -252.742 -45.0871 -3.89577 -23.3433 
23.0265 17 0.05 0 0.0106417 0.261486 0.014135 0 0 0 0 0 1.3216 -0.0868144 0.0434208 0.227926 0.0226129 -0.0516597 0.150565 -26.0518 -31.6448 -868.166 -28.6864 7.88422 13.9356 -23.6742 1.14309 -1.04927 -366.57 19.8762 -41.2334 -442.086 -37.2612 12.6122 -41.3858 
30.0441 17 0.05 0 0.0102887 0.254166 0.0138305 0 0 0 0 0 1.31851 -0.0867605 0.0429295 0.224276 0.0221963 -0.0516092 0.150218 -14.8974 -46.8977 -1125.3 -40.165 -5.34967 -11.0979 -11.7855 2.81346 -0.0444949 -466.217 15.4703 -76.5907 -605.022 -64.5754 14.6894 -51.6613 
48.1867 17 0.05 0 0.00995076 0.246757 0.0135397 0 0 0 0 0 1.31541 -0.0866871 0.0424295 0.220466 0.0217732 -0.0515399 0.149871 97.924 -27.6517 -902.347 -84.0675 -10.1745 -5.31935 99.3169 -35.049 -26.0932 -392.918 21.6664 -48.898 -510.193 -132.751 -38.9246 -39.9061 
50.5425 17 0.05 0 0.00963139 0.239096 0.0131307 0 0 0 0 0 1.31217 -0.0865828 0.0419391 0.216424 0.021155 -0.0515736 0.149518 -49.1326 45.186 396.387 158.235 31.3014 33.775 -50.9654 -55.9471 -38.7938 155.363 18.0358 57.4863 175.551 281.841 114.231 8.89077 
38.7713 17 0.05 0 0.0094522 0.233331 0.0131155 0 0 0 0 0 1.3097 -0.0864544 0.0416386 0.21331 0.0212229 -0.051359 0.149231 -9.30575 31.0605 1186.98 44.6377 10.4093 18.7143 -12.7339 4.89724 -1.63152 491.06 -45.9184 26.6765 667.346 66.129 -9.12172 50.6902 
42.2411 17 0.05 0 0.00937253 0.231104 0.0131838 0 0 0 0 0 1.30872 -0.0864396 0.0414596 0.212154 0.0213925 -0.0512133 0.149106 15.7332 50.382 1223.54 34.3647 -6.12857 1.79416 12.7341 -10.7074 -6.0228 491.632 -22.4964 80.1461 709.616 56.22 -15.4685 52.7944 
41.5278 17 0.05 0 0.00938864 0.231265 0.0132912 0 0 0 0 0 1.30872 -0.0864631 0.0414441 0.212355 0.0216135 -0.0511231 0.14909 7.93563 46.7489 1217.9 28.837 -10.9106 -16.1566 15.4922 33.4213 26.0258 495.161 -24.7741 69.0111 693.692 43.8128 -24.9562 58.3761 
44.4157 17 0.05 0 0.00946752 0.23311 0.0134189 0 0 0 0 0 1.30941 -0.0865171 0.0415287 0.213494 0.0218544 -0.051085 0.14916 47.6146 61.1321 1149.95 25.0877 -28.7099 -23.3312 56.7607 0.918339 7.32058 456.115 -3.67795 77.9979 650.21 33.8904 -31.3935 50.9182 
46.8908 17 0.05 0 0.00961338 0.236156 0.0135584 0 0 0 0 0 1.31059 -0.086567 0.0417014 0.215296 0.0221002 -0.0510942 0.149284 13.3151 82.6584 976.219 0.219355 -26.7921 -18.9102 15.4658 -32.5765 -16.4043 400.106 31.9315 124.017 530.378 -16.781 -55.313 50.6032 
51.1563 17 0.05 0 0.00984243 0.240001 0.0136789 0 0 0 0 0 1.3121 -0.0865701 0.0420053 0.217512 0.0222908 -0.0511713 0.149455 74.3027 125.416 392.235 -90.8075 -7.79252 -4.48154 72.7172 -46.1096 -30.1151 149.57 115.871 201.009 198.242 -162.554 -119.92 28.4766 
49.415 17 0.05 0 0.010204 0.243936 0.0136737 0 0 0 0 0 1.31364 -0.0864284 0.0425281 0.219745 0.0222591 -0.0513899 0.149643 16.9343 18.859 -867.449 11.499 7.63442 13.8265 18.9033 -5.23454 -10.5906 -363.362 80.205 32.7011 -525.278 31.712 32.4491 -44.6102 
45.9179 17 0.05 0 0.0105431 0.246327 0.0136831 0 0 0 0 0 1.31455 -0.0862074 0.043025 0.221062 0.0222698 -0.0515418 0.149754 12.6795 -32.1515 -1132.95 -0.470552 6.14853 8.15649 27.5152 -10.9817 -7.39538 -479.252 40.97 -44.1158 -655.148 -2.01893 39.8934 -56.1779 
47.6755 17 0.05 0 0.0107972 0.247072 0.0136906 0 0 0 0 0 1.31478 -0.0859702 0.0434008 0.221436 0.0222767 -0.0516261 0.149784 -14.4788 17.8705 -950.242 -69.4947 -13.3024 -15.6146 -14.3436 -9.40057 -3.51972 -404.76 76.8817 31.6336 -553.672 -110.396 -26.3523 -42.524 
45.8946 17 0.05 0 0.0110399 0.246655 0.013619 0 0 0 0 0 1.31452 -0.0856759 0.0437657 0.221141 0.0221585 -0.0517297 0.149762 25.8859 -58.2291 -1116.93 -28.7572 -14.7476 -7.79088 26.7509 -17.3464 -10.4035 -475.07 6.14182 -99.5668 -632.084 -40.3937 23.1469 -56.7577 
49.0768 17 0.05 0 0.0111876 0.24508 0.0135255 0 0 0 0 0 1.31379 -0.0854134 0.0439746 0.220198 0.0220119 -0.0517945 0.149682 -18.6819 -18.5905 -926.043 -18.0599 -0.616106 -12.497 -13.9903 -38.4579 -18.4483 -402.443 40.89 -29.0202 -539.062 -31.4796 19.0407 -45.2322 
52.0255 17 0.05 0 0.0112982 0.2427 0.0134237 0 0 0 0 0 1.3127 -0.085138 0.0441283 0.21879 0.0218488 -0.0518315 0.149563 136.89 -53.4347 -229.944 -33.0917 -6.52887 4.50011 140.427 -0.824005 -4.10859 -121.667 -47.4851 -95.167 -133.274 -65.8935 -9.0901 -15.6674 
51.6959 17 0.05 0 0.0113412 0.240292 0.0132956 0 0 0 0 0 1.31159 -0.0849389 0.0441654 0.217367 0.0216298 -0.0518749 0.149438 -141.425 -127.952 -29.5574 50.4466 45.7803 42.9592 -149.13 10.2906 2.63899 -36.6484 -142.544 -204.262 -10.834 84.388 71.4057 -14.7443 
50.6179 17 0.05 0 0.0112413 0.238072 0.013234 0 0 0 0 0 1.31054 -0.0849129 0.0439772 0.216063 0.0215225 -0.0518367 0.149308 39.4602 50.1976 713.891 54.7581 17.0367 23.6569 42.5029 -13.4522 -13.0487 283.051 10.8614 77.3659 386.361 86.2022 9.09295 32.5965 
49.4456 17 0.05 0 0.011206 0.236854 0.0132381 0 0 0 0 0 1.3099 -0.0848778 0.0438922 0.215313 0.0215195 -0.0517926 0.149227 12.3624 52.8594 882.411 27.5562 30.121 39.6988 5.53124 -9.77898 -12.3901 348.288 5.30847 70.4034 477.79 41.7577 -16.2486 39.9177 
48.3426 17 0.05 0 0.0112312 0.236714 0.0132712 0 0 0 0 0 1.30971 -0.0848409 0.0438919 0.215156 0.0215616 -0.0517708 0.149198 55.6395 -57.2564 801.977 -58.7514 7.41129 19.5483 43.3733 46.1258 25.3352 297.112 -120.563 -104.864 483.886 -129.517 -69.2057 35.1407 
49.9828 17 0.05 0 0.0111929 0.237441 0.0132383 0 0 0 0 0 1.30985 -0.0849359 0.0437804 0.215529 0.0214617 -0.0518248 0.149209 -142.385 -37.0757 709.453 52.8366 -14.8752 -24.4793 -141.516 3.25088 8.28825 270.064 -95.0043 -74.9999 396.005 88.6997 32.8685 22.1872 
50.1687 17 0.05 0 0.0111192 0.238844 0.0132648 0 0 0 0 0 1.31027 -0.0851219 0.0436008 0.216284 0.0214659 -0.0518384 0.149242 -8.75899 19.0609 687.149 76.3073 29.6751 39.3094 -4.67554 -23.9763 -22.619 265.569 -24.8462 32.9694 362.522 134.174 40.3504 26.0004 
52.6503 17 0.05 0 0.0110731 0.240834 0.0133694 0 0 0 0 0 1.31092 -0.0853154 0.0434741 0.217346 0.0216117 -0.051808 0.1493 -72.1608 -23.4103 31.5953 8.01624 -26.0404 -35.3215 -69.6936 -54.3924 -29.5999 -7.06501 -32.1935 -48.0759 7.2795 12.8554 12.9807 -3.40002 
52.6166 17 0.05 0 0.0110061 0.24268 0.0134733 0 0 0 0 0 1.31151 -0.0855262 0.0433072 0.218322 0.0217583 -0.0517664 0.149349 13.277 48.1199 372.648 53.4104 19.3634 24.8193 8.77689 -0.354036 -2.98853 139.611 30.805 71.9983 174.061 91.6643 24.0979 18.3137 
50.5971 17 0.05 0 0.0109972 0.244759 0.0136253 0 0 0 0 0 1.31219 -0.0856843 0.0432336 0.219396 0.0219904 -0.0517026 0.149413 -278.486 73.3551 -339.717 39.8264 -18.8909 -39.121 -285.114 -17.0239 -1.81518 -142.446 104.446 120.891 -243.702 77.3563 28.3406 -14.9969 
50.7914 17 0.05 0 0.011069 0.246275 0.0138065 0 0 0 0 0 1.31266 -0.0857139 0.0432984 0.220104 0.0222852 -0.0516138 0.149455 15.0318 -15.2612 -722.825 34.7854 -4.76978 -3.06603 15.9504 -9.11892 -4.55804 -313.2 27.3634 -20.5327 -428.789 79.4606 64.2218 -36.3646 
51.5714 17 0.05 0 0.0111169 0.24685 0.014007 0 0 0 0 0 1.31274 -0.0857108 0.0433342 0.220275 0.0226362 -0.0514644 0.149453 -8.72911 5.47618 -596.329 -30.1425 22.2274 30.645 -18.0507 -42.1089 -32.5464 -265.319 49.4177 14.4746 -343.799 -48.8476 -6.02818 -27.9945 
49.8881 17 0.05 0 0.0111661 0.24672 0.0141552 0 0 0 0 0 1.31252 -0.0856542 0.0433824 0.220054 0.0228998 -0.0513361 0.149421 -73.1251 -84.2456 -664.955 -33.1073 20.9847 20.754 -77.0818 3.25655 -1.03696 -296.071 -61.895 -146.128 -369.553 -45.3762 14.2156 -36.8378 
49.9773 17 0.05 0 0.0111186 0.245879 0.0142524 0 0 0 0 0 1.312 -0.0856706 0.0432665 0.219453 0.0230875 -0.0512051 0.149352 -151.25 56.9515 -746.55 -57.8944 -34.1765 -51.6389 -153.725 35.3953 27.1251 -315.434 113.203 89.0842 -443.814 -92.1981 -37.3114 -28.7728 
50.699 17 0.05 0 0.0111379 0.244313 0.0142768 0 0 0 0 0 1.31119 -0.0855624 0.0432593 0.218431 0.0231559 -0.0511281 0.149258 -148.848 -25.0809 -542.092 -85.4025 29.1624 32.1329 -160.055 -24.6166 -16.762 -242.98 6.7601 -41.7032 -310.616 -130.97 -47.0156 -24.3425 
