#1 rho_s 
#2 coeffs 
Epsilon: -8.51618 + 7.59123i
1.50802 17 0.05 0 1 0.02 0.02 0 0 0 0 0 0.02 0.02 0.02 0.02 0.02 0.02 0.02 0.00311067 1.71925 0.085056 0.0431077 -0.0006457 0.000999801 0.000509765 -0.000150256 0.000938509 0.0927413 0.244576 0.498155 0.517289 0.291414 0.31591 0.0837856 
1.61289 17 0.05 0 1.04445 0.0221988 0.0211144 0 0 0 0 0 0.0223975 0.0263227 0.0328781 0.0333727 0.0275335 0.0281668 0.022166 0.00153731 1.96507 0.125177 0.0505173 0.0012755 0.000800695 0.00103424 -0.000893797 0.00114237 0.110473 0.407973 0.787725 0.893607 0.424706 0.467476 0.0964862 
1.74591 17 0.05 0 1.08657 0.0246184 0.0221857 0 0 0 0 0 0.0247237 0.0338562 0.0477038 0.049675 0.0357733 0.037184 0.0242277 0.00124719 2.27484 0.191077 0.0613171 0.00158307 0.00141185 0.000541503 -0.00103531 0.00165165 0.191328 0.640095 1.12635 1.42578 0.597485 0.661282 0.102997 
1.91546 17 0.05 0 1.12601 0.027322 0.0232137 0 0 0 0 0 0.0273782 0.0426016 0.063947 0.0688945 0.0445941 0.0468909 0.0260974 0.00163338 2.6843 0.284437 0.0820007 0.00248933 0.00353876 -0.000661093 0.00259559 0.00175588 0.368754 0.96321 1.53322 2.14864 0.815446 0.916085 0.0922772 
2.14185 17 0.05 0 1.1626 0.0303153 0.0242257 0 0 0 0 0 0.0307494 0.0524925 0.0810826 0.0907852 0.0538166 0.0571302 0.0276632 -0.00114805 3.23796 0.445186 0.110117 0.000861294 0.00244936 0.00142525 -0.00613509 0.000130874 0.715365 1.42713 2.01055 3.16543 1.11837 1.26569 0.0592529 
2.4387 17 0.05 0 1.19629 0.0336744 0.025226 0 0 0 0 0 0.0352491 0.0634451 0.0985107 0.115049 0.0633179 0.0677596 0.0288388 -0.000913711 4.01375 0.667748 0.161747 -0.000642229 0.00143113 -0.00550704 -0.00152418 0.00189029 1.3267 2.0768 2.5673 4.52464 1.51222 1.74704 -0.0438813 
2.84484 17 0.05 0 1.22725 0.0373966 0.0262465 0 0 0 0 0 0.0412597 0.0753436 0.115696 0.141227 0.0729539 0.0786707 0.0294836 -0.00329826 5.10103 1.00252 0.236344 -0.000666562 -0.000749979 -0.00635421 0.00584923 -0.00220825 2.34284 3.01773 3.19162 6.39124 2.05455 2.43484 -0.262784 
3.39893 17 0.05 0 1.25577 0.0414825 0.0273016 0 0 0 0 0 0.0490819 0.0880883 0.13213 0.168848 0.0826167 0.0897955 0.0294533 -0.00172131 6.51043 1.44784 0.317403 0.0118769 -0.00701602 -0.000820743 -0.00464049 0.000772399 3.79972 4.2757 3.78661 8.75444 2.72357 3.3086 -0.681641 
4.10178 17 0.05 0 1.28228 0.0459112 0.0283762 0 0 0 0 0 0.0588173 0.101609 0.147453 0.197523 0.0922339 0.101079 0.0286001 -0.0242763 7.6308 1.7702 0.364322 0.00647577 -0.000526025 -0.0447413 -0.00246875 -0.00102732 5.0453 5.56643 3.98517 10.9604 3.4036 3.95663 -1.35629 
4.87613 17 0.05 0 1.30747 0.0505787 0.0294482 0 0 0 0 0 0.0701482 0.116008 0.161617 0.227279 0.101961 0.112458 0.0267589 0.00330917 6.13476 1.14261 0.0538927 0.0100163 -0.00996903 0.0346111 -0.0071232 0.0120026 3.44646 5.43012 2.88613 10.9941 3.32246 2.85533 -1.7874 
5.33838 17 0.05 0 1.33181 0.0550944 0.0303192 0 0 0 0 0 0.0816466 0.131457 0.174857 0.259022 0.112121 0.123522 0.0239129 0.0160445 -1.01224 -1.6111 -0.991744 0.0164247 0.0195076 -0.006309 -0.00912556 -0.0161287 -4.60384 1.71604 0.362981 6.56677 1.521 -1.89955 -0.608827 
5.27762 17 0.05 0 1.35199 0.0577533 0.0303136 0 0 0 0 0 0.0880349 0.146057 0.186526 0.291337 0.122022 0.131596 0.0210004 -0.046857 -7.65372 -4.45854 -2.09887 -0.0157578 0.0208648 -0.0965036 0.0308781 -0.00718066 -12.4348 -2.13983 -1.00231 2.90492 -0.339922 -6.53937 1.70821 
5.24375 17 0.05 0 1.36281 0.0568742 0.028907 0 0 0 0 0 0.084772 0.156155 0.19507 0.318791 0.129612 0.133602 0.0198421 0.0770049 -8.9451 -5.38982 -2.62451 0.0283539 0.0584214 0.0296381 -0.0454352 0.0150619 -14.463 -2.95313 -0.924742 3.2052 -0.836774 -8.06483 2.96449 
5.49282 17 0.05 0 1.36608 0.0530503 0.0262783 0 0 0 0 0 0.0738026 0.16235 0.201227 0.342169 0.135074 0.130483 0.0206586 0.0284217 -8.59796 -5.50304 -2.96628 0.03303 -0.0235014 0.10729 -0.0294956 -0.0377781 -14.3774 -2.61039 -0.637775 4.47499 -0.99431 -8.67481 3.80805 
5.93438 17 0.05 0 1.36424 0.047099 0.0226127 0 0 0 0 0 0.0574649 0.165985 0.20586 0.363353 0.138959 0.123448 0.0233015 0.0395824 -7.92571 -5.05958 -3.19468 0.0223826 -0.0212583 0.12299 -0.0133644 -0.0325149 -13.2679 -1.76007 -0.347651 5.29963 -1.0825 -9.07222 4.50848 
6.4738 17 0.05 0 1.35891 0.0397331 0.0180382 0 0 0 0 0 0.0375424 0.168155 0.209535 0.383468 0.141662 0.113255 0.0276587 -0.0518109 -6.83964 -3.59577 -3.22113 -0.0235506 -0.00557997 0.021757 0.0241558 -0.0228684 -10.6383 -0.31085 0.0753242 4.75151 -1.11733 -8.9 5.07646 
6.93824 17 0.05 0 1.35122 0.0317897 0.012654 0 0 0 0 0 0.015641 0.16987 0.212714 0.402846 0.143464 0.100472 0.0337041 0.0186079 -5.02783 -0.612589 -2.71929 -0.0264964 -0.0119878 -0.0421688 0.0466787 0.017328 -5.69006 2.42387 0.205098 2.30614 -1.01713 -7.83943 5.09934 
7.19195 17 0.05 0 1.34219 0.0245076 0.00668689 0 0 0 0 0 -0.00622768 0.172467 0.21561 0.420974 0.144599 0.0856862 0.0413197 -0.0310176 -3.07433 3.23688 -2.00464 0.0232248 -0.00866235 -0.0147689 -0.0400005 0.0108994 -0.0440362 5.51864 0.106676 -1.7546 -1.05002 -5.75331 4.60491 
7.21809 17 0.05 0 1.33278 0.0194494 0.000477266 0 0 0 0 0 -0.0257472 0.17723 0.21824 0.436361 0.145145 0.0699508 0.0501521 -0.0163285 -1.73004 6.81139 -0.908599 0.00520491 0.027004 -0.0281076 -0.0348246 -0.00482842 4.76822 8.10353 -0.249121 -6.46068 -0.877021 -3.36136 3.86468 
7.1791 17 0.05 0 1.32374 0.0179508 -0.00538261 0 0 0 0 0 -0.040861 0.184937 0.220447 0.447103 0.145246 0.0546424 0.0596026 -0.0596143 -0.779759 8.62693 -0.0303362 0.0176711 0.0272407 0.0449467 0.0355243 -0.0225847 7.09617 9.55822 -0.647206 -9.17597 -0.545915 -1.69425 3.18962 
7.22201 17 0.05 0 1.31556 0.0202618 -0.0104899 0 0 0 0 0 -0.0510284 0.195641 0.222095 0.452599 0.145105 0.0406234 0.069155 0.00491464 -0.346339 9.29494 0.628702 -0.00583178 0.0882913 -0.0446656 0.00631572 -0.0212297 7.89911 9.95668 -1.05188 -10.2594 -0.353392 -0.621853 2.57998 
7.36468 17 0.05 0 1.30832 0.0260222 -0.0146686 0 0 0 0 0 -0.0566618 0.208953 0.2231 0.453224 0.144839 0.0282053 0.0784877 -0.0624767 0.0257521 8.53904 0.972824 -0.0293144 0.00494303 -0.0333096 -0.0061902 0.0211314 7.52392 9.73976 -1.36387 -9.30797 0.0505025 0.0941408 2.00081 
7.58118 17 0.05 0 1.30198 0.0344276 -0.0179472 0 0 0 0 0 -0.0586387 0.224447 0.223444 0.450111 0.144627 0.0173618 0.0874516 0.0163263 -0.130194 6.82757 1.09192 -0.0361336 0.0274121 0.039015 -0.0388868 0.0124184 6.01326 8.44688 -1.47792 -7.32575 0.278895 0.679024 1.10496 
7.80817 17 0.05 0 1.2963 0.044551 -0.0204375 0 0 0 0 0 -0.0580602 0.2415 0.223176 0.444499 0.144546 0.00798679 0.0958489 -0.00483296 -0.256898 4.14771 0.928023 -0.00757689 -0.0271576 -0.00604898 -0.0796255 0.00337623 3.83258 6.74229 -1.4687 -3.89078 0.883068 1.12622 0.063774 
7.94722 17 0.05 0 1.29108 0.055286 -0.0223206 0 0 0 0 0 -0.0560486 0.259489 0.222363 0.437928 0.144817 -2.28948e-05 0.10344 -0.0108559 -0.705242 1.273 0.492406 -0.0142377 -0.0189733 0.021228 -0.0889759 0.0158118 1.41673 4.81999 -1.28406 -0.521594 1.28734 1.49722 -1.07474 
7.99561 17 0.05 0 1.28606 0.0655273 -0.0238363 0 0 0 0 0 -0.0536675 0.277704 0.221122 0.431761 0.145567 -0.00670465 0.109908 -0.0734759 -1.42603 -1.31089 -0.0884101 0.0241004 0.0269861 -0.0796549 0.00317316 -0.0287983 -0.978656 2.93727 -0.960618 2.12411 1.45934 1.75948 -2.18643 
7.9725 17 0.05 0 1.28094 0.0743098 -0.025248 0 0 0 0 0 -0.0518922 0.295409 0.219615 0.427001 0.146826 -0.0120768 0.114917 -0.0161182 -2.19362 -3.2055 -0.56743 -0.00968296 0.0961896 -0.122639 0.0223011 -0.0381605 -2.84964 1.4319 -0.627534 3.59546 1.64409 1.90094 -3.16796 
7.96281 17 0.05 0 1.27544 0.080988 -0.0267525 0 0 0 0 0 -0.0514191 0.312016 0.217999 0.424121 0.148621 -0.0161857 0.118192 -0.042681 -2.61672 -4.53513 -0.871659 -0.0227817 -0.0110913 -0.0378607 -0.0548036 -0.035868 -3.92686 0.540531 -0.46214 4.62026 1.79698 1.87568 -3.7675 
7.95502 17 0.05 0 1.26942 0.085206 -0.0284593 0 0 0 0 0 -0.0525607 0.327226 0.216357 0.423366 0.15096 -0.0191462 0.119644 -0.0167007 -2.91258 -5.22823 -1.13895 -0.0994645 -0.000573798 -0.00421581 -0.0368758 -0.00229664 -4.43157 -0.088266 -0.239376 4.7717 1.74703 1.7231 -4.13984 
7.9775 17 0.05 0 1.26282 0.0869163 -0.0304538 0 0 0 0 0 -0.0553636 0.340904 0.214779 0.424596 0.153768 -0.0211257 0.119297 -0.00344066 -3.00422 -5.40118 -1.16029 0.108656 -0.000742979 0.0139446 -0.0496155 -0.0215746 -4.47349 -0.442296 -0.207133 4.78769 1.77445 1.65326 -4.17223 
8.05584 17 0.05 0 1.25568 0.086293 -0.0327169 0 0 0 0 0 -0.0596834 0.353056 0.213275 0.427623 0.15701 -0.0222474 0.117311 -0.070536 -2.56863 -5.21227 -1.03644 -0.0218914 -0.00814949 -0.0274475 -0.0413988 -0.00837324 -3.91012 -0.40036 -0.307492 4.86139 1.68062 1.52318 -3.82137 
8.13738 17 0.05 0 1.24819 0.0836348 -0.0351764 0 0 0 0 0 -0.0651548 0.363865 0.211793 0.43231 0.160613 -0.0226475 0.113982 0.0150693 -2.13779 -4.97256 -0.898097 0.00379776 0.00302565 -0.0254389 0.0428761 0.0491583 -3.1375 -0.143018 -0.478497 4.66807 1.57558 1.36626 -3.37364 
8.23256 17 0.05 0 1.24056 0.079223 -0.0377628 0 0 0 0 0 -0.0713689 0.37358 0.21026 0.438434 0.164506 -0.0224575 0.109609 -0.0641159 -1.63372 -4.16834 -0.644879 -0.0493724 -0.0477761 -0.0677728 -0.0499484 0.0826283 -2.27888 0.0649836 -0.653916 4.14595 1.3033 1.15461 -2.74314 
8.32506 17 0.05 0 1.23298 0.0735295 -0.0403691 0 0 0 0 0 -0.0779273 0.38241 0.208605 0.445669 0.168564 -0.0218157 0.104531 0.0202439 -1.22346 -3.44227 -0.394986 -0.0201339 -0.01354 -0.0449399 0.0477291 0.0181279 -1.34295 0.474398 -0.790079 3.50036 1.17853 0.990832 -2.15479 
8.39936 17 0.05 0 1.2256 0.066949 -0.0428971 0 0 0 0 0 -0.0844318 0.390621 0.206778 0.453673 0.172732 -0.0208266 0.0990375 0.124595 -0.726456 -2.20371 -0.0816024 0.0655796 0.032533 0.0470219 -0.0707386 0.0361045 -0.308861 1.08984 -1.09163 2.6279 0.97425 0.915539 -1.46938 
8.45541 17 0.05 0 1.21859 0.0600532 -0.0452291 0 0 0 0 0 -0.0904734 0.398537 0.204665 0.462039 0.176925 -0.019548 0.0934339 -0.00423163 -0.919768 -1.15997 0.176291 0.0134074 -0.0387788 0.0677793 -0.0513699 0.01468 -0.0272698 1.45417 -1.0561 1.01084 0.739466 0.806728 -1.02175 
8.48865 17 0.05 0 1.21182 0.0532927 -0.0472773 0 0 0 0 0 -0.095982 0.40635 0.2023 0.470075 0.18105 -0.0180466 0.0879072 0.00268009 -0.828822 -0.174031 0.346944 0.100958 0.0338456 -0.0858595 0.00545122 -0.00832513 0.560826 2.14577 -1.10282 -0.425293 0.528139 0.810224 -0.503705 
8.48454 17 0.05 0 1.20531 0.0470681 -0.0489938 0 0 0 0 0 -0.100756 0.414366 0.199681 0.477206 0.185026 -0.0163374 0.0826655 -0.0140587 -0.996259 0.854361 0.551124 -0.00231543 0.0180816 0.0221382 0.0227947 0.00357128 0.580036 2.36965 -1.01767 -1.71021 0.26836 0.74239 -0.24434 
8.51064 17 0.05 0 1.19897 0.0417735 -0.0503188 0 0 0 0 0 -0.10485 0.42267 0.196864 0.482958 0.188757 -0.0144656 0.0777944 -0.0300521 -0.999344 1.27415 0.624896 0.0787733 0.00593819 -0.0452456 0.104752 0.00583687 0.757847 2.67958 -0.991083 -2.42577 0.100288 0.704986 0.0342305 
8.51516 17 0.05 0 1.19277 0.0375125 -0.0512529 0 0 0 0 0 -0.108242 0.431374 0.193876 0.487138 0.192191 -0.0124599 0.0733827 -0.0229148 -0.988771 1.54909 0.669096 0.071619 0.0147255 -0.0409888 0.0809244 0.00547655 0.855571 2.82787 -1.00435 -2.81207 0.0216591 0.677165 0.193631 
8.54571 17 0.05 0 1.18671 0.0343178 -0.0518096 0 0 0 0 0 -0.11095 0.440513 0.190724 0.489708 0.195319 -0.0103429 0.06946 0.0462649 -0.864704 1.86435 0.749855 0.113325 0.0124942 -0.018318 0.0120546 -0.0287387 0.855758 2.81109 -1.09283 -2.96165 0.0301205 0.632955 0.345011 
8.56185 17 0.05 0 1.18083 0.0322372 -0.0519852 0 0 0 0 0 -0.113033 0.450047 0.187381 0.490739 0.198173 -0.00814223 0.0660499 0.0032217 -0.77839 1.48275 0.661912 -0.0271694 -0.0564919 -0.0704862 0.0640309 -0.0477319 0.987486 2.56493 -1.07785 -2.45996 -0.00874103 0.636378 0.359649 
8.58844 17 0.05 0 1.17514 0.0310056 -0.0518509 0 0 0 0 0 -0.114486 0.459847 0.183866 0.490583 0.200761 -0.00586072 0.0631121 0.0325711 -0.509668 0.978803 0.58821 -0.0297027 -0.0368515 -0.0124306 -0.120965 0.0291568 1.05253 2.07222 -1.05791 -1.62988 0.0181173 0.662838 0.461033 
8.61591 17 0.05 0 1.16974 0.0303252 -0.051465 0 0 0 0 0 -0.115335 0.469682 0.180197 0.48971 0.203121 -0.00349008 0.060649 0.0229852 -0.552532 0.507881 0.643732 -0.0873406 0.0625172 0.0132658 -0.00503701 -0.0095119 0.986551 1.53781 -0.986034 -1.04922 0.00357977 0.58444 0.602365 
8.63504 17 0.05 0 1.16459 0.0299367 -0.0508227 0 0 0 0 0 -0.11566 0.479318 0.176416 0.488442 0.205269 -0.0010704 0.0586826 0.00128286 0.0432658 -0.175157 0.610632 -0.0488217 -0.0475488 -0.059557 0.0467525 -0.0357059 1.30501 1.09236 -1.17569 0.0858158 0.0792841 0.566465 0.693495 
8.65362 17 0.05 0 1.15992 0.0295034 -0.0499596 0 0 0 0 0 -0.115358 0.488578 0.17244 0.487328 0.207257 0.00138828 0.0572123 -0.00126689 -0.214706 -0.542427 0.754735 -0.00912112 -0.0967446 -0.0402077 -0.011375 0.0715519 1.0363 0.62939 -1.13955 0.515174 -0.0488516 0.5645 0.790203 
8.67577 17 0.05 0 1.15558 0.028859 -0.0488264 0 0 0 0 0 -0.114605 0.497286 0.1683 0.486554 0.209041 0.0038839 0.056241 0.0256859 -0.643233 -0.930411 0.712348 0.00138816 0.0221209 -0.0640777 0.00418917 -0.000567874 0.618851 -0.0529349 -0.820365 0.602747 -0.0472649 0.521487 0.912828 
8.66777 17 0.05 0 1.15133 0.0278392 -0.0474641 0 0 0 0 0 -0.113632 0.505175 0.164155 0.486131 0.210641 0.00639537 0.0557839 -0.0127346 -0.948546 -1.24984 0.697443 0.0752365 0.00668061 0.0479836 0.0154603 0.0300859 0.211767 -0.590507 -0.65838 0.699089 -0.172572 0.502302 0.876325 
8.6701 17 0.05 0 1.14702 0.026324 -0.0458978 0 0 0 0 0 -0.112648 0.512066 0.160078 0.486076 0.212014 0.00891401 0.0557814 -0.0376507 -1.13221 -1.38891 0.67374 -0.0712556 0.00674015 0.0688169 0.0798423 -0.0887177 0.112508 -0.835202 -0.49067 0.688152 -0.26771 0.514049 1.04035 
8.68839 17 0.05 0 1.14257 0.0242872 -0.0441546 0 0 0 0 0 -0.111701 0.517928 0.156142 0.486354 0.213134 0.0114464 0.0562737 -0.0239062 -1.83447 -1.40111 0.590173 -0.102717 -0.0701401 -0.0588767 0.0504696 -0.0271015 -0.46391 -1.23022 -0.108692 0.25016 -0.369653 0.378719 1.00759 
8.66941 17 0.05 0 1.13765 0.0217655 -0.0422885 0 0 0 0 0 -0.111063 0.522662 0.152515 0.486726 0.213973 0.0139277 0.057204 -0.115915 -1.56558 -1.62345 0.598315 0.0500172 -0.0611309 0.0900643 -0.0701158 -0.0108373 -0.394978 -1.29822 -0.197613 0.301633 -0.250442 0.389281 0.960251 
8.68441 17 0.05 0 1.13243 0.0186902 -0.0403046 0 0 0 0 0 -0.110675 0.526332 0.149126 0.48721 0.214614 0.0163691 0.0585135 -0.128412 -1.37808 -1.56133 0.496745 0.0384168 -0.0472532 0.0797989 -0.0929961 0.00115762 -0.170214 -1.17087 -0.3442 0.41436 -0.176854 0.321903 0.83843 
8.72031 17 0.05 0 1.12701 0.0151356 -0.0382607 0 0 0 0 0 -0.110406 0.529092 0.14588 0.487851 0.215109 0.018743 0.0601118 -0.00926755 -0.996388 -1.29901 0.38541 0.0641501 -0.0710069 -0.195799 0.0135734 -0.0550954 0.193984 -0.926052 -0.578103 0.684156 -0.15897 0.258322 0.55823 
8.73174 17 0.05 0 1.1216 0.011268 -0.0362149 0 0 0 0 0 -0.110066 0.531143 0.142649 0.488771 0.215481 0.0210258 0.0618381 0.0835579 -0.754117 -1.13121 0.271091 0.0233149 0.0495905 0.00484003 -0.0223843 0.0214874 0.48543 -0.674542 -0.754962 0.824862 -0.143906 0.170472 0.403187 
8.7378 17 0.05 0 1.11631 0.007194 -0.0342226 0 0 0 0 0 -0.109517 0.532669 0.13934 0.490015 0.215747 0.0231833 0.0636059 0.0775434 -0.519374 -0.896814 0.142308 0.024482 0.0320926 0.033889 -0.0113707 0.0306614 0.754892 -0.384371 -0.902103 0.808717 -0.037841 0.128523 0.181415 
8.74987 17 0.05 0 1.11125 0.00304551 -0.0323424 0 0 0 0 0 -0.108639 0.533862 0.135883 0.491551 0.21597 0.0252067 0.065302 0.0718275 -0.439978 -0.655666 0.0155352 0.0254672 0.0270707 0.0314914 -0.00829318 0.0265124 0.888786 -0.140293 -0.930998 0.634135 0.0167512 0.0731153 -0.0166397 
8.76043 17 0.05 0 1.10643 -0.00105236 -0.0306276 0 0 0 0 0 -0.107393 0.534875 0.132273 0.493266 0.21618 0.0270806 0.0668334 0.0651863 -0.512908 -0.396709 -0.0943283 0.0265834 0.0207861 0.0289751 -0.00166684 0.0200489 0.891047 0.055607 -0.857081 0.322425 0.035233 0.0185027 -0.185598 
8.77036 17 0.05 0 1.1018 -0.00497478 -0.029119 0 0 0 0 0 -0.105807 0.535822 0.12856 0.494987 0.216389 0.0287911 0.0681289 -0.124538 -0.53372 0.101521 -0.159773 -0.0468946 -0.0161764 0.0329474 -0.024845 0.0385583 0.777206 0.297593 -0.716824 -0.215091 0.016781 -0.0573129 -0.225447 
8.75076 17 0.05 0 1.09732 -0.00848304 -0.0278318 0 0 0 0 0 -0.103967 0.536836 0.12482 0.496439 0.216588 0.0303143 0.0691888 0.0615182 -0.55369 0.303722 -0.258233 -0.00985925 -0.0214038 0.090372 0.00987481 -0.0390366 0.725029 0.357084 -0.632601 -0.578465 0.244291 -0.152749 -0.376048 
8.76496 17 0.05 0 1.09296 -0.0115095 -0.0267975 0 0 0 0 0 -0.101922 0.53794 0.121097 0.497456 0.216895 0.0316175 0.0699557 0.126032 -0.963505 0.503858 -0.316388 0.0330273 0.000664723 0.129224 0.0107218 0.0782292 0.378993 0.273644 -0.355912 -0.788618 -0.0150311 -0.173278 -0.549073 
8.7678 17 0.05 0 1.08851 -0.0139922 -0.0260245 0 0 0 0 0 -0.0998671 0.539086 0.117533 0.497967 0.217165 0.0327095 0.0703644 -0.0746268 -1.11833 0.472165 -0.363385 -0.00187535 -0.041863 0.00813612 -0.00360888 0.0645599 0.239385 0.258592 -0.174684 -1.22072 0.037443 -0.228434 -0.510819 
8.76768 17 0.05 0 1.08387 -0.0159956 -0.0255148 0 0 0 0 0 -0.097877 0.540262 0.114208 0.497787 0.21743 0.0335796 0.0704658 0.0735524 -1.05059 0.559922 -0.378453 -0.00108543 0.0188937 -0.0666709 -0.0156594 -0.0126001 0.348094 0.34506 -0.104056 -1.22006 0.0375314 -0.214011 -0.657203 
8.80245 17 0.05 0 1.07911 -0.0175153 -0.0252536 0 0 0 0 0 -0.0958867 0.541512 0.111136 0.496975 0.217691 0.0342552 0.0702085 -0.0678835 -0.599299 0.737446 -0.324387 -0.0390154 -0.00188617 0.208502 -0.00225955 0.0431283 0.764993 0.546304 -0.421579 -0.795374 -0.0363595 -0.210574 -0.518843 
8.79975 17 0.05 0 1.07448 -0.0184987 -0.0251904 0 0 0 0 0 -0.0936717 0.542938 0.108124 0.495812 0.217908 0.0347552 0.0696972 0.0398227 -0.508772 0.593519 -0.335944 0.0652766 -0.0954032 -0.00581761 -0.0236293 -0.000689097 0.814934 0.467755 -0.425118 -0.661263 0.16437 -0.231019 -0.501386 
8.80256 17 0.05 0 1.06999 -0.0190704 -0.0253145 0 0 0 0 0 -0.0912227 0.544484 0.105162 0.494401 0.218193 0.035084 0.0689628 0.0372807 -0.0280524 0.488232 -0.439602 -0.0699671 0.0443421 -0.175658 0.0682533 0.0450537 1.2364 0.628681 -0.861722 0.0340556 0.0816428 -0.182538 -0.638071 
8.81143 17 0.05 0 1.06591 -0.0193232 -0.0256661 0 0 0 0 0 -0.0883293 0.546228 0.102008 0.493139 0.218496 0.0352829 0.0679498 0.0281743 -0.193895 0.289861 -0.374567 -0.0649987 0.0233427 0.0334075 0.016899 0.0226068 1.12005 0.390626 -0.747082 0.0115811 0.163847 -0.254955 -0.530105 
8.80792 17 0.05 0 1.06211 -0.0193936 -0.0261902 0 0 0 0 0 -0.0850918 0.548024 0.0987381 0.492002 0.218861 0.0353236 0.0667406 0.0483965 -0.618903 0.256185 -0.249777 0.134571 0.0167507 0.0291166 -0.0211403 0.0220864 0.66712 0.0587139 -0.442484 -0.341065 0.191108 -0.197817 -0.436221 
8.81874 17 0.05 0 1.05832 -0.019316 -0.0268034 0 0 0 0 0 -0.0817877 0.549685 0.0955287 0.490782 0.219297 0.0352512 0.0654033 -0.124323 -0.57623 0.189601 -0.115406 -0.0440219 0.0749035 0.156534 0.0475258 0.0340093 0.658733 0.0778173 -0.523131 -0.223789 0.0790231 -0.187083 -0.41519 
8.83987 17 0.05 0 1.05456 -0.0191401 -0.0274236 0 0 0 0 0 -0.0784253 0.551234 0.0923277 0.489552 0.219737 0.0350815 0.0639597 -0.044441 -0.978987 0.0460423 -0.0538985 0.00944613 -0.0168928 0.0984953 0.0239386 0.0445077 0.303482 -0.256506 -0.292 -0.325172 0.0447829 -0.212579 -0.19559 
8.854 17 0.05 0 1.0506 -0.0189549 -0.028016 0 0 0 0 0 -0.0752068 0.552494 0.0892619 0.488254 0.22016 0.0348085 0.0625414 -0.0833301 -0.776867 -0.120512 -0.179406 0.057214 0.0104081 0.0197211 -0.0217091 -0.0518385 0.379419 -0.368959 -0.39347 -0.00364022 -0.0603984 -0.0857699 -0.190554 
8.86015 17 0.05 0 1.04657 -0.018855 -0.0286544 0 0 0 0 0 -0.0720748 0.553429 0.0862604 0.487075 0.22051 0.0345126 0.0611479 0.0864442 -1.22651 -0.207853 0.0880795 0.0765157 0.020413 -0.0426689 0.125506 0.0846685 0.108227 -0.563017 -0.185425 -0.164338 -0.187356 -0.13949 -0.13764 
8.86292 17 0.05 0 1.04223 -0.0188826 -0.029183 0 0 0 0 0 -0.0691744 0.553956 0.0834344 0.485913 0.220721 0.0341651 0.0598067 0.0707082 -1.01228 -0.289198 0.152621 0.0833005 0.017708 -0.0490682 0.105476 0.0899683 0.251028 -0.561087 -0.314646 0.0663282 -0.169928 -0.10096 -0.0280719 
8.87055 17 0.05 0 1.03771 -0.0190732 -0.0295747 0 0 0 0 0 -0.0664019 0.554113 0.0806929 0.484898 0.220815 0.0337923 0.058575 0.0717298 -0.772406 -0.333394 0.207693 0.0857028 0.0158919 -0.0472757 0.104344 0.0908907 0.459904 -0.496739 -0.480961 0.330365 -0.14068 -0.0521046 0.0638009 
8.87818 17 0.05 0 1.03317 -0.0194381 -0.02981 0 0 0 0 0 -0.0636241 0.553968 0.0779311 0.484169 0.220818 0.0334244 0.0574955 0.0729926 -0.548066 -0.342894 0.251481 0.0875902 0.014091 -0.0451563 0.102818 0.0914202 0.660381 -0.40773 -0.628011 0.550605 -0.110303 -0.0100491 0.135605 
8.88603 17 0.05 0 1.02873 -0.0199679 -0.0298772 0 0 0 0 0 -0.0607236 0.553601 0.0750639 0.483827 0.220758 0.0330853 0.0565959 0.075063 -0.427846 -0.315451 0.284287 0.0891593 0.0125683 -0.0432822 0.100828 0.0916561 0.778867 -0.328306 -0.697688 0.651488 -0.0951511 0.0193692 0.185479 
8.88321 17 0.05 0 1.02447 -0.0206322 -0.0297719 0 0 0 0 0 -0.0576404 0.553076 0.0720582 0.483899 0.220647 0.0327893 0.0558893 -0.0630572 -0.191813 -0.140158 0.144164 -0.0570455 0.0218227 0.038838 -0.0245442 -0.0494525 0.846011 -0.268605 -0.696359 0.63236 -0.0118172 0.0701582 0.323258 
8.88891 17 0.05 0 1.02049 -0.0213165 -0.0295918 0 0 0 0 0 -0.0543492 0.552442 0.0689254 0.484336 0.22054 0.0325623 0.0554393 -0.0261351 -0.197865 -0.0110141 0.244955 -0.0195125 0.0288159 -0.00660106 -0.028657 -0.0343347 0.908826 -0.197956 -0.671962 0.564319 0.0277909 0.134351 0.302556 
8.89415 17 0.05 0 1.01677 -0.021943 -0.0292835 0 0 0 0 0 -0.0508294 0.551751 0.0656893 0.485065 0.22046 0.0324363 0.0552107 -0.0386214 -0.557714 0.0833362 0.245475 -0.0303795 0.0346574 -0.0292464 -0.0269738 -0.0403293 0.649896 -0.235143 -0.439207 0.206067 -0.0462393 0.128579 0.294898 
8.90122 17 0.05 0 1.01306 -0.0224609 -0.0288579 0 0 0 0 0 -0.0472533 0.550984 0.0624958 0.485849 0.220359 0.0323988 0.0551794 -0.048603 -0.916985 0.193633 0.229267 -0.0282517 0.0347401 -0.0298644 -0.0272364 -0.0391379 0.38304 -0.274513 -0.189683 -0.172362 -0.105632 0.102326 0.26011 
8.90263 17 0.05 0 1.00916 -0.0228139 -0.0283348 0 0 0 0 0 -0.0437842 0.550125 0.0594892 0.486456 0.220205 0.0324262 0.0553072 0.0180023 -1.05652 0.138821 0.171322 0.0205216 0.0149195 -0.0273568 -0.0132477 -0.0274808 0.122348 -0.312052 -0.0102187 -0.459623 -0.229076 0.0383465 0.235495 
8.91828 17 0.05 0 1.00498 -0.0230498 -0.0277576 0 0 0 0 0 -0.0405681 0.549159 0.0567598 0.486728 0.219927 0.0324742 0.055565 -0.0496096 -1.13003 0.268387 0.227077 0.0250582 0.000672348 0.0542925 -0.0236396 0.0233101 0.192898 -0.198116 0.0843817 -0.589548 -0.23832 -0.0212408 0.208333 
8.92419 17 0.05 0 1.00052 -0.0231003 -0.0270969 0 0 0 0 0 -0.0375383 0.548163 0.0543393 0.486616 0.21953 0.0325047 0.0559252 -0.0867554 -0.883597 0.310908 0.148962 0.0511096 -0.00887901 0.0661381 -0.0173937 0.0143078 0.391873 -0.0517515 -0.0455298 -0.423058 -0.158593 -0.0339363 0.14517 
8.93611 17 0.05 0 0.995931 -0.022956 -0.0264075 0 0 0 0 0 -0.0345548 0.54723 0.0521192 0.486257 0.219073 0.0325117 0.0563401 0.0783159 -1.26785 0.331374 0.0547642 -0.0125949 0.0367377 -0.0710272 -0.051356 0.0638259 0.0828338 -0.167718 0.211176 -0.72159 -0.100382 -0.0717172 -0.020577 
8.95735 17 0.05 0 0.990998 -0.0226215 -0.0257495 0 0 0 0 0 -0.0318023 0.546282 0.0502389 0.485487 0.218599 0.0324738 0.0567031 -0.0642435 0.0567312 0.386868 -0.0382387 -0.137438 -0.00909782 0.158876 3.25684e-05 -0.0118126 1.08237 0.410156 -0.581178 0.375447 0.152837 -0.056801 -0.154844 
8.93937 17 0.05 0 0.986567 -0.0220793 -0.0251774 0 0 0 0 0 -0.0286403 0.545677 0.0481768 0.485022 0.218263 0.0324044 0.056936 -0.115768 0.373875 0.33561 -0.136441 -0.0427283 0.0289266 0.0337119 -0.00491797 -0.0282434 1.28643 0.416299 -0.769216 0.744533 0.162205 -0.0515773 -0.0726944 
8.94481 17 0.05 0 0.982788 -0.0213795 -0.0247444 0 0 0 0 0 -0.024977 0.545389 0.0458312 0.485065 0.21806 0.0323094 0.0571015 -0.101441 0.278164 0.317268 -0.187036 -0.0464507 0.0253215 0.0319989 -0.0141832 -0.0259334 1.19757 0.376936 -0.729477 0.712103 0.162434 -0.0592624 -0.123526 
8.95203 17 0.05 0 0.979542 -0.0205473 -0.0244696 0 0 0 0 0 -0.0209111 0.545364 0.0432511 0.48555 0.217979 0.0321864 0.0571741 -0.110806 -0.16282 0.291661 -0.202798 -0.0480835 0.0233515 0.0306574 -0.0117721 -0.02945 0.830638 0.175888 -0.484079 0.385293 0.0850057 -0.0836683 -0.1472 
8.95828 17 0.05 0 0.9765 -0.0196103 -0.0243485 0 0 0 0 0 -0.016707 0.545452 0.0406104 0.486231 0.217958 0.0320223 0.0571471 -0.120651 -0.732088 0.262848 -0.205716 -0.0503666 0.0204423 0.0300676 -0.00932346 -0.0323842 0.363601 -0.0865803 -0.16354 -0.0552995 -0.0241901 -0.103922 -0.15463 
8.96358 17 0.05 0 0.973283 -0.0185955 -0.0243692 0 0 0 0 0 -0.0126707 0.545477 0.0381162 0.486813 0.217924 0.0318079 0.0570246 -0.129164 -1.184 0.221606 -0.202355 -0.0523018 0.0173346 0.0297481 -0.00730621 -0.0342672 -0.00819985 -0.308434 0.0817563 -0.39035 -0.113723 -0.113142 -0.151914 
8.96937 17 0.05 0 0.969616 -0.0175357 -0.0245168 0 0 0 0 0 -0.00902232 0.545303 0.0359106 0.487091 0.217821 0.0315417 0.056817 -0.135218 -1.34147 0.163715 -0.198087 -0.053074 0.0146874 0.0292672 -0.00602884 -0.0350306 -0.146024 -0.412631 0.146375 -0.460733 -0.145752 -0.107108 -0.14413 
8.97635 17 0.05 0 0.965438 -0.0164717 -0.0247774 0 0 0 0 0 -0.00581391 0.544881 0.0340081 0.487047 0.217635 0.0312322 0.0565368 -0.138726 -1.16964 0.0936743 -0.194752 -0.0524281 0.0127334 0.0285194 -0.00553914 -0.0348853 -0.0241959 -0.37849 0.0138319 -0.236847 -0.112127 -0.0856616 -0.133013 
8.98359 17 0.05 0 0.960903 -0.0154483 -0.0251387 0 0 0 0 0 -0.00292568 0.544255 0.0322952 0.486855 0.217393 0.0308969 0.0561974 -0.140512 -0.779933 0.0239238 -0.190365 -0.0507681 0.0111552 0.0278736 -0.00572101 -0.0341191 0.269375 -0.24534 -0.242948 0.175499 -0.0357093 -0.0528461 -0.11707 
8.99017 17 0.05 0 0.956293 -0.0145065 -0.025589 0 0 0 0 0 -0.000137057 0.54353 0.0305875 0.486795 0.217152 0.0305592 0.0558144 -0.141827 -0.367975 -0.0300528 -0.180889 -0.0489333 0.00930809 0.028131 -0.00641724 -0.0329096 0.583652 -0.0887103 -0.501426 0.591638 0.0426225 -0.0155918 -0.09377 
8.99617 17 0.05 0 0.951881 -0.0136738 -0.0261144 0 0 0 0 0 0.00276695 0.542816 0.0287153 0.487126 0.216961 0.0302434 0.0554067 -0.0161267 -0.330631 -0.0606272 -0.0402753 -0.0743691 0.0057309 0.0174051 0.0544352 -0.0407028 0.452954 -0.0469186 -0.377151 0.284355 0.0235554 -0.0654347 -0.077906 
8.99829 17 0.05 0 0.947672 -0.0129599 -0.0266164 0 0 0 0 0 0.00569185 0.542139 0.0267738 0.487612 0.216804 0.0299147 0.0549867 -0.00978009 -0.167716 -0.0516731 -0.00570531 -0.0656958 -0.00250645 0.0201873 0.0472109 -0.0543729 0.573174 0.0237208 -0.465907 0.452966 0.0193724 -0.0410227 -0.0477075 
9.00325 17 0.05 0 0.943752 -0.0123479 -0.0270743 0 0 0 0 0 0.00871628 0.541542 0.02471 0.48835 0.216674 0.0295902 0.0545752 -0.00909343 -0.159461 -0.0319168 0.0261437 -0.0656732 -0.00280173 0.0214909 0.0425104 -0.0540589 0.592162 0.0491454 -0.463476 0.460053 0.0084823 -0.0240612 -0.00788962 
9.00818 17 0.05 0 0.9401 -0.0118153 -0.0274714 0 0 0 0 0 0.0118452 0.541034 0.0225355 0.489323 0.216563 0.0292807 0.0541976 -0.00936474 -0.29436 0.00470996 0.0589848 -0.0654013 -0.00202504 0.0229376 0.0383211 -0.054338 0.504668 0.0215664 -0.372549 0.323989 -0.0319767 -0.0155242 0.028994 
9.0129 17 0.05 0 0.936599 -0.0113302 -0.0277914 0 0 0 0 0 0.0150126 0.540589 0.0203198 0.490418 0.21644 0.0289903 0.0538752 -0.0104125 -0.500025 0.0506064 0.0888122 -0.0647804 -0.000349526 0.0243291 0.0349623 -0.0551288 0.364422 -0.0324521 -0.239164 0.115255 -0.0860609 -0.0139234 0.0594243 
9.01743 17 0.05 0 0.933096 -0.0108574 -0.0280215 0 0 0 0 0 0.0181224 0.540165 0.0181549 0.491487 0.216272 0.0287182 0.0536233 -0.0119173 -0.677987 0.0954033 0.111217 -0.0637837 0.00186123 0.0254518 0.0326613 -0.056216 0.243652 -0.0757192 -0.123727 -0.0695968 -0.132478 -0.0164531 0.0803163 
9.01476 17 0.05 0 0.929471 -0.0103655 -0.0281548 0 0 0 0 0 0.0210999 0.53973 0.0161129 0.492407 0.216031 0.0284609 0.0534495 -0.0641193 -0.766499 -0.00514378 0.061233 -0.11444 -0.0291662 0.18022 0.00339589 -0.0391308 0.054316 -0.159204 -0.09597 -0.254884 -0.0181936 -0.0194704 0.0481926 
9.01125 17 0.05 0 0.925673 -0.00992387 -0.028234 0 0 0 0 0 0.0238305 0.539228 0.0142006 0.493067 0.2158 0.028215 0.0533248 0.00895915 -0.800962 -0.162507 0.0906716 0.00422003 -0.0179407 -0.0606477 -0.0293428 -0.0685785 -0.14214 -0.363898 -0.0181136 -0.235291 -0.119072 0.0274737 0.0390855 
9.01225 17 0.05 0 0.921692 -0.00963489 -0.028244 0 0 0 0 0 0.026204 0.538528 0.0124584 0.493504 0.215511 0.0280112 0.0532386 -0.0131084 0.237589 0.0534457 0.0433567 0.057113 0.0875603 -0.0550056 0.0299624 -0.0744281 0.818059 0.325994 -0.423778 0.468934 0.214863 0.0422857 -0.0406049 
9.03826 17 0.05 0 0.918254 -0.00933696 -0.0282234 0 0 0 0 0 0.0289102 0.538116 0.0105928 0.49422 0.215395 0.0278558 0.0531329 -0.13081 -0.0747544 0.105911 -0.00338009 -0.0716852 -0.0462528 0.00542835 -0.0260275 0.100756 0.541383 0.230703 -0.314773 0.155465 0.0754027 0.0400869 0.0125511 
9.02519 17 0.05 0 0.915092 -0.0089947 -0.0282071 0 0 0 0 0 0.03173 0.537903 0.00868894 0.494974 0.215343 0.0277427 0.0530459 -0.14273 -0.295965 -0.00338633 0.0147698 0.0174839 0.0561288 0.0209375 0.00119701 0.0574032 0.322909 -0.017373 -0.229899 0.213368 -0.0655202 0.0616768 -0.0280768 
