 #1 r1
 #2 r2
 #3 Rho_s
0.16 0.1555 1.40688
0.165 0.1555 2.03576
0.17 0.1555 2.92071
0.175 0.1555 4.14975
0.18 0.1555 5.80794
0.185 0.1555 7.99956
0.19 0.1555 10.7772
0.195 0.1555 14.1043
0.2 0.1555 17.8632
0.205 0.1555 21.8028
0.21 0.1555 25.6692
0.215 0.1555 29.1635
0.22 0.1555 32.1762
0.225 0.1555 34.6178
0.23 0.1555 36.5566
0.235 0.1555 38.0216
0.24 0.1555 39.1292
0.245 0.1555 39.9421
0.25 0.1555 40.5365
0.255 0.1555 40.9649
0.26 0.1555 41.2738
0.265 0.1555 41.4948
0.27 0.1555 41.6519
0.275 0.1555 41.7655
0.28 0.1555 41.8454
0.285 0.1555 41.9018
0.29 0.1555 41.9424
0.295 0.1555 41.9711
0.3 0.1555 41.9911
0.305 0.1555 42.0059
