 #1 r1
 #2 r2
 #3 Rho_s
0.21 0.2035 1.71164
0.215 0.2035 2.56629
0.22 0.2035 3.83952
0.225 0.2035 5.72715
0.23 0.2035 8.46805
0.235 0.2035 12.3866
0.24 0.2035 17.6854
0.245 0.2035 24.6482
0.25 0.2035 33.1763
0.255 0.2035 42.4262
0.26 0.2035 51.8841
0.265 0.2035 60.2041
0.27 0.2035 67.089
0.275 0.2035 72.4793
0.28 0.2035 76.5907
0.285 0.2035 79.5634
0.29 0.2035 81.5905
0.295 0.2035 82.9903
0.3 0.2035 84.0981
0.305 0.2035 84.8757
0.31 0.2035 85.2174
0.315 0.2035 85.6322
0.32 0.2035 85.8447
0.325 0.2035 85.996
0.33 0.2035 86.1364
0.335 0.2035 86.1581
0.34 0.2035 86.1845
0.345 0.2035 86.2641
0.35 0.2035 86.2921
0.355 0.2035 86.2576
