#1 rho_s 
#2 coeffs 
10
26.1551 0.02 0 0 0 0 1 0 1 0 1 0 0 0 0 0 0 0 0 0 0 0 0 0 0 0 0 
16.9332 0.02 0.16042 0.0160996 -0.000635867 -0.000568133 1.01715 0.00741289 0.948029 -0.000630302 1.03303 0.00763347 -0.0185275 -0.00378747 0.0018593 -0.000447866 0.0188485 0.0065159 -0.018091 0.00332475 -0.0295595 -0.00452926 -0.0339925 -0.000975696 -0.0442023 0.00556629 -0.0683595 
16.2411 0.02 0.144378 0.0144896 -0.00057228 -0.00051132 1.01544 0.0066716 0.953226 -0.000567272 1.02973 0.00687013 -0.0166747 -0.00340873 0.00167337 -0.00040308 0.0169637 0.00586431 -0.0162819 0.00299227 -0.0266035 -0.00407633 -0.0305933 -0.000878126 -0.0397821 0.00500966 -0.0615235 
9.36841 0.02 0.128336 0.0128796 -0.000508694 -0.000454507 1.01372 0.00593031 0.958423 -0.000504241 1.02642 0.00610678 -0.014822 -0.00302998 0.00148744 -0.000358293 0.0150788 0.00521272 -0.0144728 0.0026598 -0.0236476 -0.00362341 -0.027194 -0.000780557 -0.0353618 0.00445304 -0.0546876 
22.8756 0.02 0.112294 0.0112697 -0.000445107 -0.000397693 1.01201 0.00518902 0.96362 -0.000441211 1.02312 0.00534343 -0.0129692 -0.00265123 0.00130151 -0.000313506 0.013194 0.00456113 -0.0126637 0.00232732 -0.0206916 -0.00317048 -0.0237948 -0.000682987 -0.0309416 0.00389641 -0.0478516 
17.4407 0.02 0.0962518 0.00965974 -0.00038152 -0.00034088 1.01029 0.00444773 0.968817 -0.000378181 1.01982 0.00458008 -0.0111165 -0.00227248 0.00111558 -0.00026872 0.0113091 0.00390954 -0.0108546 0.00199485 -0.0177357 -0.00271755 -0.0203955 -0.000585418 -0.0265214 0.00333978 -0.0410157 
8.13384 0.02 0.0802098 0.00804978 -0.000317933 -0.000284067 1.00858 0.00370644 0.974014 -0.000315151 1.01651 0.00381674 -0.00926375 -0.00189374 0.000929649 -0.000223933 0.00942427 0.00325795 -0.0090455 0.00166237 -0.0147797 -0.00226463 -0.0169963 -0.000487848 -0.0221011 0.00278315 -0.0341797 
16.3527 0.02 0.0641679 0.00643982 -0.000254347 -0.000227253 1.00686 0.00296515 0.979212 -0.000252121 1.01321 0.00305339 -0.007411 -0.00151499 0.000743719 -0.000179146 0.00753942 0.00260636 -0.0072364 0.0013299 -0.0118238 -0.0018117 -0.013597 -0.000390278 -0.0176809 0.00222652 -0.0273438 
17.8629 0.02 0.0481259 0.00482987 -0.00019076 -0.00017044 1.00515 0.00222387 0.984409 -0.000189091 1.00991 0.00229004 -0.00555825 -0.00113624 0.000557789 -0.00013436 0.00565456 0.00195477 -0.0054273 0.000997425 -0.00886784 -0.00135878 -0.0101978 -0.000292709 -0.0132607 0.00166989 -0.0205078 
25.0052 0.02 0.0320839 0.00321991 -0.000127173 -0.000113627 1.00343 0.00148258 0.989606 -0.00012606 1.00661 0.00152669 -0.0037055 -0.000757495 0.000371859 -8.95732e-05 0.00376971 0.00130318 -0.0036182 0.00066495 -0.00591189 -0.000905851 -0.00679851 -0.000195139 -0.00884046 0.00111326 -0.0136719 
16.6599 0.02 0.016042 0.00160996 -6.35867e-05 -5.68133e-05 1.00172 0.000741289 0.994803 -6.30302e-05 1.0033 0.000763347 -0.00185275 -0.000378747 0.00018593 -4.47866e-05 0.00188485 0.00065159 -0.0018091 0.000332475 -0.00295595 -0.000452926 -0.00339925 -9.75696e-05 -0.00442023 0.000556629 -0.00683595 
27.7632 0.02 1.6697e-17 1.6757e-18 -6.61832e-20 -5.91333e-20 1 7.71558e-19 1 -6.56039e-20 1 7.94518e-19 -1.9284e-18 -3.94213e-19 1.93522e-19 -4.66154e-20 1.96182e-18 6.78197e-19 -1.88297e-18 3.46051e-19 -3.07665e-18 -4.71421e-19 -3.53806e-18 -1.01554e-19 -4.60073e-18 5.79359e-19 -7.11509e-18 
18.5339 0.02 -0.016042 -0.00160996 6.35867e-05 5.68133e-05 0.998285 -0.000741289 1.0052 6.30302e-05 0.996697 -0.000763347 0.00185275 0.000378747 -0.00018593 4.47866e-05 -0.00188485 -0.00065159 0.0018091 -0.000332475 0.00295595 0.000452926 0.00339925 9.75696e-05 0.00442023 -0.000556629 0.00683595 
25.9183 0.02 -0.0320839 -0.00321991 0.000127173 0.000113627 0.99657 -0.00148258 1.01039 0.00012606 0.993394 -0.00152669 0.0037055 0.000757495 -0.000371859 8.95732e-05 -0.00376971 -0.00130318 0.0036182 -0.00066495 0.00591189 0.000905851 0.00679851 0.000195139 0.00884046 -0.00111326 0.0136719 
16.8245 0.02 -0.0481259 -0.00482987 0.00019076 0.00017044 0.994854 -0.00222387 1.01559 0.000189091 0.990091 -0.00229004 0.00555825 0.00113624 -0.000557789 0.00013436 -0.00565456 -0.00195477 0.0054273 -0.000997425 0.00886784 0.00135878 0.0101978 0.000292709 0.0132607 -0.00166989 0.0205078 
27.0204 0.02 -0.0641679 -0.00643982 0.000254347 0.000227253 0.993139 -0.00296515 1.02079 0.000252121 0.986788 -0.00305339 0.007411 0.00151499 -0.000743719 0.000179146 -0.00753942 -0.00260636 0.0072364 -0.0013299 0.0118238 0.0018117 0.013597 0.000390278 0.0176809 -0.00222652 0.0273438 
8.62399 0.02 -0.0802098 -0.00804978 0.000317933 0.000284067 0.991424 -0.00370644 1.02599 0.000315151 0.983486 -0.00381674 0.00926375 0.00189374 -0.000929649 0.000223933 -0.00942427 -0.00325795 0.0090455 -0.00166237 0.0147797 0.00226463 0.0169963 0.000487848 0.0221011 -0.00278315 0.0341797 
26.6043 0.02 -0.0962518 -0.00965974 0.00038152 0.00034088 0.989709 -0.00444773 1.03118 0.000378181 0.980183 -0.00458008 0.0111165 0.00227248 -0.00111558 0.00026872 -0.0113091 -0.00390954 0.0108546 -0.00199485 0.0177357 0.00271755 0.0203955 0.000585418 0.0265214 -0.00333978 0.0410157 
27.9271 0.02 -0.112294 -0.0112697 0.000445107 0.000397693 0.987994 -0.00518902 1.03638 0.000441211 0.97688 -0.00534343 0.0129692 0.00265123 -0.00130151 0.000313506 -0.013194 -0.00456113 0.0126637 -0.00232732 0.0206916 0.00317048 0.0237948 0.000682987 0.0309416 -0.00389641 0.0478516 
18.0335 0.02 -0.128336 -0.0128796 0.000508694 0.000454507 0.986278 -0.00593031 1.04158 0.000504241 0.973577 -0.00610678 0.014822 0.00302998 -0.00148744 0.000358293 -0.0150788 -0.00521272 0.0144728 -0.0026598 0.0236476 0.00362341 0.027194 0.000780557 0.0353618 -0.00445304 0.0546876 
26.8101 0.02 -0.144378 -0.0144896 0.00057228 0.00051132 0.984563 -0.0066716 1.04677 0.000567272 0.970274 -0.00687013 0.0166747 0.00340873 -0.00167337 0.00040308 -0.0169637 -0.00586431 0.0162819 -0.00299227 0.0266035 0.00407633 0.0305933 0.000878126 0.0397821 -0.00500966 0.0615235 
27.7464 0.02 -0.16042 -0.0160996 0.000635867 0.000568133 0.982848 -0.00741289 1.05197 0.000630302 0.966971 -0.00763347 0.0185275 0.00378747 -0.0018593 0.000447866 -0.0188485 -0.0065159 0.018091 -0.00332475 0.0295595 0.00452926 0.0339925 0.000975696 0.0442023 -0.00556629 0.0683595 
29.1179 0.02 -0.176462 -0.0177095 0.000699454 0.000624947 0.981133 -0.00815417 1.05717 0.000693332 0.963668 -0.00839682 0.0203802 0.00416622 -0.00204523 0.000492653 -0.0207334 -0.00716749 0.0199001 -0.00365722 0.0325154 0.00498218 0.0373918 0.00107327 0.0486225 -0.00612292 0.0751954 
26.1432 0.02 -0.192504 -0.0193195 0.00076304 0.00068176 0.979417 -0.00889546 1.06237 0.000756362 0.960365 -0.00916017 0.022233 0.00454497 -0.00223116 0.000537439 -0.0226183 -0.00781908 0.0217092 -0.0039897 0.0354714 0.00543511 0.040791 0.00117084 0.0530428 -0.00667955 0.0820314 
