#1 rho_s 
#2 coeffs 
0.874461 17 0.05 0 0 1 0 0 0 0 0 0 0 0 0 0 0 0 0 -0.00723214 8.78786e-05 5.39992 -0.0044699 -0.000383605 0.00155292 0.00405334 0.00260714 -0.00142404 0.00179745 0.000893049 0.0015965 -1.33904 0.00304604 0.00462201 0.00304119 
0.931388 17 0.05 0 1.57956e-07 1.00971 -8.03437e-06 0 0 0 0 0 3.23081e-06 1.6052e-06 2.8696e-06 -0.00240685 5.47507e-06 8.30779e-06 5.46636e-06 -0.00467122 0.00274234 6.12506 -0.00199589 0.00225767 -0.000105181 0.0018404 0.00140792 0.000306563 0.00256385 0.00591486 -0.000979516 -1.39731 0.000729656 -0.000706421 0.00303281 
0.997363 17 0.05 0 2.66041e-06 1.01945 -1.33727e-05 0 0 0 0 0 6.93963e-06 7.56423e-06 3.27523e-06 -0.00471508 8.55373e-06 1.13708e-05 1.05839e-05 -0.00486351 0.00303801 7.0188 -0.00231127 0.00254777 -0.000138394 0.00208157 0.00159237 0.000364995 0.00289511 0.00793968 -0.00102339 -1.4469 0.000882068 -0.000636022 0.00353328 
1.07317 17 0.05 0 5.89034e-06 1.02924 -1.78483e-05 0 0 0 0 0 1.07957e-05 1.56641e-05 2.92093e-06 -0.00690943 1.08737e-05 1.28024e-05 1.56374e-05 -0.00505136 0.00338307 8.12348 -0.0026812 0.00288668 -0.000177525 0.00239631 0.00180515 0.00043698 0.00328392 0.0108922 -0.00106215 -1.47641 0.00104312 -0.000713571 0.0041115 
1.16126 17 0.05 0 9.4354e-06 1.03909 -2.19139e-05 0 0 0 0 0 1.47095e-05 2.55703e-05 2.24051e-06 -0.00897109 1.28349e-05 1.344e-05 2.06855e-05 -0.00521394 0.00379554 9.5121 -0.00311778 0.00328427 -0.000229666 0.00280673 0.00205637 0.000525055 0.00374269 0.015185 -0.00108808 -1.47227 0.00121187 -0.000945419 0.00477813 
1.265 17 0.05 0 1.31236e-05 1.049 -2.57427e-05 0 0 0 0 0 1.8636e-05 3.73634e-05 1.41584e-06 -0.0108773 1.4587e-05 1.35746e-05 2.57339e-05 -0.00534889 0.00428502 11.2918 -0.00364555 0.00375866 -0.000294617 0.00337563 0.00235277 0.000640592 0.00428554 0.0215318 -0.00108699 -1.41239 0.00138692 -0.00141712 0.00555655 
1.38906 17 0.05 0 1.6858e-05 1.05897 -2.94127e-05 0 0 0 0 0 2.25405e-05 5.13197e-05 5.4768e-07 -0.0126009 1.61941e-05 1.33059e-05 3.0766e-05 -0.00542002 0.00488012 13.6244 -0.00429021 0.00433543 -0.000382152 0.0041791 0.00270743 0.000793631 0.0049439 0.0311648 -0.00104404 -1.26006 0.00155705 -0.0022642 0.00647613 
1.54018 17 0.05 0 2.05715e-05 1.06901 -3.29575e-05 0 0 0 0 0 2.63903e-05 6.78745e-05 -2.96904e-07 -0.0141094 1.76797e-05 1.26426e-05 3.57494e-05 -0.00537122 0.00562479 16.7628 -0.0050951 0.00505273 -0.00049952 0.00535693 0.00314056 0.00100227 0.00575627 0.0462642 -0.000923435 -0.952603 0.00169773 -0.00381343 0.00758516 
1.72827 17 0.05 0 2.42103e-05 1.07911 -3.63852e-05 0 0 0 0 0 3.01502e-05 8.76381e-05 -1.06501e-06 -0.0153648 1.90431e-05 1.15232e-05 4.06387e-05 -0.00510875 0.00657924 21.1168 -0.00612346 0.00596968 -0.000661135 0.00717651 0.00368197 0.00129674 0.00678334 0.0708983 -0.000677778 -0.379565 0.00177573 -0.00666034 0.0089407 
1.97017 17 0.05 0 2.77246e-05 1.08925 -3.96856e-05 0 0 0 0 0 3.37794e-05 0.000111448 -1.71135e-06 -0.0163234 2.02672e-05 9.81941e-06 4.53741e-05 -0.00583458 0.000418739 27.4156 -0.00397066 0.00957349 -0.00343906 -0.00154674 0.00515858 -0.00728649 -0.00992095 0.0742835 0.0116996 0.639886 -0.00536236 -0.0485041 0.0070523 
2.28526 17 0.05 0 3.02737e-05 1.09939 -4.246e-05 0 0 0 0 0 3.53109e-05 0.000136315 -9.27903e-07 -0.0169385 2.05695e-05 3.44753e-06 4.94988e-05 -0.00718076 0.00142035 36.7847 -0.00419619 0.0112622 -0.00725428 -0.0165509 0.00456461 -0.00273012 -0.00244313 0.117038 0.0111397 2.52549 -0.00593939 -0.00961998 0.021193 
2.71865 17 0.05 0 3.21659e-05 1.10948 -4.47375e-05 0 0 0 0 0 3.61765e-05 0.000163265 5.3442e-07 -0.0171591 2.02912e-05 -1.78196e-06 5.41155e-05 -0.0141035 0.0025324 51.6518 -0.0052328 0.0137602 -0.00919299 -0.0284199 0.00618085 -0.00302956 -0.00314076 0.213265 0.0149359 6.04737 -0.0075672 -0.0262296 0.0298518 
3.34 17 0.05 0 3.35937e-05 1.11944 -4.65904e-05 0 0 0 0 0 3.65654e-05 0.000194493 2.43565e-06 -0.0169357 1.9639e-05 -6.9101e-06 5.90544e-05 -0.0278178 0.00458165 76.6439 -0.00690341 0.0171076 -0.0121473 -0.0512396 0.00885112 -0.00312089 -0.00431064 0.415999 0.0212558 12.8724 -0.0101189 -0.0635552 0.0440757 
4.28294 17 0.05 0 3.47074e-05 1.12916 -4.80774e-05 0 0 0 0 0 3.66258e-05 0.000232648 4.58074e-06 -0.0162303 1.87795e-05 -1.29679e-05 6.41398e-05 -0.0570087 0.00860177 121.847 -0.00972964 0.0216417 -0.0169712 -0.0984318 0.0135966 -0.00248607 -0.00638697 0.888662 0.0325723 26.8443 -0.0144432 -0.155944 0.0691199 
5.81751 17 0.05 0 3.56234e-05 1.13851 -4.92495e-05 0 0 0 0 0 3.64765e-05 0.000281283 6.80994e-06 -0.0150287 1.7846e-05 -2.11207e-05 6.91895e-05 -0.124473 0.0169954 210.88 -0.0149228 0.0275773 -0.0256055 -0.204628 0.0228753 0.000664117 -0.0103252 2.11966 0.0546992 57.4974 -0.0225014 -0.409102 0.117046 
8.53317 17 0.05 0 3.64262e-05 1.14737 -5.01561e-05 0 0 0 0 0 3.6212e-05 0.000345442 8.99965e-06 -0.0133529 1.69361e-05 -3.28274e-05 7.40283e-05 -0.294478 0.0358795 402.598 -0.025146 0.0337026 -0.0426829 -0.465545 0.0427934 0.0121625 -0.0184815 5.65132 0.101946 129.931 -0.0390197 -1.16332 0.217272 
13.7689 17 0.05 0 3.71702e-05 1.15564 -5.08472e-05 0 0 0 0 0 3.59022e-05 0.000431902 1.10687e-05 -0.011266 1.61088e-05 -4.98849e-05 7.85227e-05 -0.737521 0.0793459 832.566 -0.0461992 0.0333695 -0.078275 -1.12913 0.0870633 0.0498718 -0.0365351 15.1676 0.207504 305.278 -0.0755931 -3.22498 0.435201 
23.7955 17 0.05 0 3.78872e-05 1.16338 -5.13803e-05 0 0 0 0 0 3.55868e-05 0.000543944 1.29988e-05 -0.00885545 1.53727e-05 -7.3113e-05 8.26403e-05 -1.48756 0.143838 1484.07 -0.0830058 0.0358239 -0.125203 -2.21295 0.148583 0.121288 -0.0720739 11.394 0.380599 580.605 -0.145556 -1.95251 0.755107 
32.5098 17 0.05 0 3.8616e-05 1.17106 -5.18593e-05 0 0 0 0 0 3.52431e-05 0.000628719 1.49435e-05 -0.00615019 1.463e-05 -8.96119e-05 8.66396e-05 0.979096 -0.0464688 -190.668 -0.0526424 0.287161 -0.0128157 1.4889 -0.050741 -0.188426 -0.0395834 -111.978 0.0328088 -258.484 -0.0947187 26.5276 -0.0433688 
22.2279 17 0.05 0 3.91465e-05 1.17743 -5.24251e-05 0 0 0 0 0 3.48323e-05 0.000412167 1.67684e-05 -0.0044055 1.37184e-05 -3.51052e-05 9.01033e-05 -2.787 0.0240122 -1799.29 -0.0128734 -0.423407 0.0785079 -3.96315 -0.340284 -2.73562 -0.136246 4.63969 0.170961 -1037.06 -0.0195748 -0.948909 -0.664411 
21.7708 17 0.05 0 3.95171e-05 1.17815 -5.27976e-05 0 0 0 0 0 3.43346e-05 0.000286768 1.82015e-05 -0.00518591 1.31204e-05 -3.14978e-06 9.10519e-05 -2.29123 -0.0212736 -1791.51 -0.0182442 -0.596046 0.101898 -3.15631 -0.337936 -2.45568 -0.278914 4.29715 0.136362 -1029.52 -0.177827 -0.303586 -0.503092 
27.6047 17 0.05 0 3.97582e-05 1.17605 -5.30979e-05 0 0 0 0 0 3.35612e-05 0.000200933 1.94536e-05 -0.00726444 1.24212e-05 1.98806e-05 9.10131e-05 -2.10831 -0.0294015 -1680.71 -0.0312027 -0.553746 0.106701 -2.95351 -0.339881 -2.29615 -0.254401 -4.39791 0.128245 -984.554 -0.15997 -2.99787 -0.450426 
33.163 17 0.05 0 3.9912e-05 1.17221 -5.3377e-05 0 0 0 0 0 3.26174e-05 0.000126981 2.06152e-05 -0.0101897 1.16584e-05 3.43245e-05 9.04003e-05 -0.329237 -0.0207009 -27.1453 -0.0920108 -0.151044 0.0248038 -0.708254 -0.0379531 -0.337181 0.0340752 -0.626499 0.0482146 -177.613 0.0325468 -9.76422 0.15298 
29.7583 17 0.05 0 4.00248e-05 1.16869 -5.37511e-05 0 0 0 0 0 3.18034e-05 5.8897e-05 2.17347e-05 -0.0130825 1.1007e-05 3.4712e-05 9.00426e-05 1.04913 -0.00016211 1377.76 -0.143281 0.139669 -0.0637972 1.05772 0.257178 1.25939 0.276599 3.32955 -0.0119523 503.845 0.188281 -2.90591 0.666519 
26.8379 17 0.05 0 4.01212e-05 1.16738 -5.42487e-05 0 0 0 0 0 3.14505e-05 4.80395e-06 2.26772e-05 -0.0149312 1.06836e-05 3.14375e-05 9.05638e-05 1.17874 0.00510288 1531.02 -0.149555 0.159852 -0.0779994 1.23303 0.298907 1.4286 0.302142 -0.321353 -0.0159608 579.042 0.202588 0.21334 0.723985 
27.3648 17 0.05 0 4.0209e-05 1.16806 -5.48473e-05 0 0 0 0 0 3.15046e-05 -4.15724e-05 2.346e-05 -0.0158244 1.06461e-05 2.89032e-05 9.18558e-05 1.17235 0.00483193 1529.01 -0.152345 0.152397 -0.0777021 1.21684 0.300096 1.41836 0.302968 0.823426 -0.0120434 574.5 0.203204 -0.076781 0.730171 
30.6151 17 0.05 0 4.02898e-05 1.17036 -5.55309e-05 0 0 0 0 0 3.18896e-05 -8.04317e-05 2.41181e-05 -0.0159485 1.0841e-05 2.66435e-05 9.37799e-05 1.00862 2.57054e-05 1340.17 -0.148221 0.119672 -0.0618157 0.987306 0.257666 1.20048 0.273024 13.4316 0.000131119 477.893 0.188859 -3.07466 0.669707 
33.8602 17 0.05 0 4.03605e-05 1.17382 -5.62894e-05 0 0 0 0 0 3.25224e-05 -9.9824e-05 2.46934e-05 -0.0155385 1.12163e-05 2.13312e-05 9.61887e-05 0.0956909 -0.0137736 348.243 -0.107939 -0.0444157 0.00336663 -0.184248 0.051328 0.10276 0.104024 37.6048 0.0394566 1.53242 0.0920737 -7.49172 0.301994 
32.4067 17 0.05 0 4.04096e-05 1.17735 -5.70971e-05 0 0 0 0 0 3.32116e-05 -7.62322e-05 2.52596e-05 -0.015164 1.16584e-05 8.29107e-06 9.87092e-05 -1.30688 -0.0308527 -1079.16 -0.0501278 -0.312973 0.0868457 -1.94812 -0.240101 -1.48778 -0.142655 30.1343 0.0875872 -680.974 -0.0657382 -5.03014 -0.23735 
30.1258 17 0.05 0 4.04198e-05 1.1793 -5.78646e-05 0 0 0 0 0 3.3667e-05 -2.29688e-05 2.58541e-05 -0.0155659 1.19782e-05 -8.6409e-06 0.000100681 -1.8068 -0.0363656 -1564.86 -0.0298911 -0.409112 0.112864 -2.56558 -0.339604 -2.02592 -0.227689 14.7289 0.09992 -910.389 -0.125503 -1.90808 -0.426027 
31.1322 17 0.05 0 4.03911e-05 1.17938 -5.8556e-05 0 0 0 0 0 3.38247e-05 3.80293e-05 2.64685e-05 -0.0168485 1.21243e-05 -2.51774e-05 0.000101939 -1.65469 -0.0376166 -1442.56 -0.0357648 -0.375343 0.108871 -2.37555 -0.32217 -1.86827 -0.205139 11.0423 0.0932805 -849.996 -0.112243 -0.445685 -0.38064 
33.9462 17 0.05 0 4.03287e-05 1.178 -5.91943e-05 0 0 0 0 0 3.37577e-05 0.000102213 2.70971e-05 -0.0188139 1.21398e-05 -4.0038e-05 0.000102657 -0.873389 -0.0340097 -691.641 -0.0706437 -0.23514 0.0694718 -1.4036 -0.179152 -1.01324 -0.0715414 6.30062 0.0682253 -492.158 -0.030095 1.96864 -0.088555 
34.6054 17 0.05 0 4.02384e-05 1.17607 -5.98402e-05 0 0 0 0 0 3.36259e-05 0.000166349 2.77318e-05 -0.0210764 1.21238e-05 -5.14668e-05 0.000103215 0.238138 -0.0217032 481.863 -0.126158 -0.0537924 -0.00264788 -0.0173982 0.065484 0.266717 0.134987 -3.54529 0.0346861 60.3717 0.0955442 3.65742 0.373997 
33.1118 17 0.05 0 4.01347e-05 1.17481 -6.05535e-05 0 0 0 0 0 3.36422e-05 0.000221002 2.83429e-05 -0.0230696 1.22054e-05 -5.81597e-05 0.000104098 0.812961 -0.0111711 1139.2 -0.159325 0.0322804 -0.0480822 0.698241 0.214993 0.9598 0.250512 -7.50942 0.0200806 365.301 0.166881 3.06062 0.639313 
32.5628 17 0.05 0 4.00309e-05 1.17481 -6.1349e-05 0 0 0 0 0 3.39068e-05 0.000262275 2.89082e-05 -0.0244835 1.24448e-05 -6.10769e-05 0.000105525 0.922071 -0.00894319 1275.31 -0.168517 0.042469 -0.0584629 0.829601 0.249135 1.097 0.275694 -9.31666 0.0193874 425.971 0.182364 2.73623 0.700529 
33.7268 17 0.05 0 3.99299e-05 1.17608 -6.22218e-05 0 0 0 0 0 3.44135e-05 0.000289762 2.94295e-05 -0.0253199 1.28372e-05 -6.09727e-05 0.000107482 0.759386 -0.0147443 1085.21 -0.162635 0.0100691 -0.0439894 0.618774 0.202957 0.898038 0.245093 -14.8627 0.0248624 335.537 0.161115 3.41006 0.631736 
35.3721 17 0.05 0 3.98251e-05 1.17827 -6.31626e-05 0 0 0 0 0 3.51073e-05 0.000299804 2.99206e-05 -0.0257398 1.33464e-05 -5.7537e-05 0.000109854 0.226371 -0.0277794 467.709 -0.134742 -0.0724212 0.000571723 -0.0485241 0.0564967 0.260937 0.13873 -23.0388 0.0368481 49.6884 0.0914911 4.2001 0.386529 
35.4764 17 0.05 0 3.97024e-05 1.18073 -6.415e-05 0 0 0 0 0 3.58744e-05 0.000286141 3.0403e-05 -0.026072 1.38992e-05 -5.02648e-05 0.000112389 -0.57999 -0.0405784 -436.124 -0.0899759 -0.1804 0.0618696 -1.04613 -0.147302 -0.676029 -0.0205146 -22.7396 0.0537012 -366.616 -0.00794953 3.15208 0.0172001 
34.5151 17 0.05 0 3.95508e-05 1.18252 -6.51348e-05 0 0 0 0 0 3.65495e-05 0.000251104 3.08938e-05 -0.0267383 1.43924e-05 -4.0532e-05 0.000114705 -1.09397 -0.0455057 -1000.69 -0.060118 -0.237548 0.0986029 -1.67801 -0.269595 -1.26063 -0.12122 -14.2904 0.0637937 -625.375 -0.0673536 1.10493 -0.218456 
34.6543 17 0.05 0 3.93701e-05 1.18313 -6.60752e-05 0 0 0 0 0 3.70333e-05 0.000205619 3.13959e-05 -0.0279534 1.47669e-05 -3.07326e-05 0.000116561 -1.09904 -0.0453437 -1020.6 -0.0584335 -0.226094 0.101194 -1.6857 -0.274244 -1.26939 -0.124166 -7.01266 0.0630734 -632.476 -0.0659005 -0.482017 -0.228954 
35.9027 17 0.05 0 3.91639e-05 1.18267 -6.69737e-05 0 0 0 0 0 3.73439e-05 0.000158042 3.1907e-05 -0.0296622 1.5037e-05 -2.24428e-05 0.000117995 -0.663354 -0.0407587 -558.861 -0.0834703 -0.163013 0.0728052 -1.15805 -0.171264 -0.779544 -0.0395722 0.576668 0.0556115 -419.785 -0.00981649 -2.00743 -0.0343963 
36.5661 17 0.05 0 3.8937e-05 1.18171 -6.78692e-05 0 0 0 0 0 3.75858e-05 0.000115566 3.24244e-05 -0.0316234 1.52717e-05 -1.69277e-05 0.000119258 -0.00788402 -0.0312617 180.114 -0.12541 -0.0845361 0.0225649 -0.365 0.00273408 -0.0237417 0.0953776 8.32339 0.0479693 -84.7434 0.0778934 -2.98959 0.283442 
36.1603 17 0.05 0 3.86995e-05 1.18101 -6.88089e-05 0 0 0 0 0 3.7901e-05 8.52527e-05 3.2943e-05 -0.0334918 1.5563e-05 -1.48992e-05 0.00012069 0.458275 -0.0228994 733.32 -0.159233 -0.038913 -0.0178417 0.196037 0.139524 0.526757 0.197094 11.7107 0.0456642 162.025 0.143518 -2.84625 0.527745 
35.9378 17 0.05 0 3.84618e-05 1.18111 -6.9818e-05 0 0 0 0 0 3.83837e-05 6.96082e-05 3.34574e-05 -0.0350177 1.59703e-05 -1.59222e-05 0.000122514 0.602175 -0.020378 910.228 -0.172415 -0.0298416 -0.0314562 0.364136 0.186335 0.698496 0.231449 12.8642 0.0473746 238.677 0.165912 -2.50518 0.611973 
36.5383 17 0.05 0 3.82273e-05 1.18212 -7.08996e-05 0 0 0 0 0 3.90507e-05 6.84365e-05 3.39682e-05 -0.036152 1.65035e-05 -1.93581e-05 0.000124771 0.479062 -0.0239281 754.754 -0.165561 -0.0430126 -0.0191337 0.207677 0.148949 0.547101 0.206029 14.6917 0.0496868 168.085 0.150783 -2.43183 0.54992 
37.3584 17 0.05 0 3.79915e-05 1.18379 -7.20435e-05 0 0 0 0 0 3.98607e-05 8.21811e-05 3.44796e-05 -0.0370073 1.71371e-05 -2.4912e-05 0.000127363 0.113499 -0.0323308 298.338 -0.139512 -0.0722038 0.0164277 -0.238012 0.0341627 0.107744 0.125096 15.4007 0.0507525 -34.1714 0.100051 -2.14932 0.350897 
37.5052 17 0.05 0 3.77443e-05 1.18561 -7.32245e-05 0 0 0 0 0 4.07239e-05 0.00011033 3.49958e-05 -0.037819 1.78144e-05 -3.21434e-05 0.000130075 -0.356828 -0.0416124 -279.57 -0.105147 -0.106388 0.0607785 -0.803248 -0.112916 -0.446152 0.0204528 11.7092 0.049891 -288.746 0.0322222 -1.20408 0.092242 
37.2521 17 0.05 0 3.74773e-05 1.18698 -7.44042e-05 0 0 0 0 0 4.15282e-05 0.000147886 3.55155e-05 -0.0388519 1.84622e-05 -3.99413e-05 0.000132631 -0.651071 -0.0475059 -641.55 -0.0835885 -0.125397 0.0889531 -1.15368 -0.207687 -0.787499 -0.0455708 5.42687 0.0474331 -447.009 -0.0124913 -0.0381448 -0.072726 
37.497 17 0.05 0 3.71873e-05 1.18755 -7.55554e-05 0 0 0 0 0 4.22075e-05 0.000187379 3.60335e-05 -0.0402443 1.90343e-05 -4.70212e-05 0.000134864 -0.627748 -0.0492708 -628.07 -0.0858011 -0.122449 0.090066 -1.12613 -0.210205 -0.762326 -0.0416751 -0.657575 0.0455012 -439.483 -0.0128602 0.989967 -0.0667127 
38.1668 17 0.05 0 3.68746e-05 1.18742 -7.66835e-05 0 0 0 0 0 4.2778e-05 0.000222365 3.65483e-05 -0.0419555 1.95376e-05 -5.23929e-05 0.000136812 -0.331547 -0.047505 -282.563 -0.11043 -0.106832 0.066174 -0.778033 -0.127461 -0.421103 0.02511 -6.0718 0.0462538 -287.738 0.0272716 1.80535 0.0958915 
38.515 17 0.05 0 3.65414e-05 1.18701 -7.78219e-05 0 0 0 0 0 4.33216e-05 0.000247786 3.70635e-05 -0.0438074 2.00226e-05 -5.53873e-05 0.000138679 0.0574829 -0.0429779 195.305 -0.145229 -0.0925745 0.0300929 -0.324493 -0.0048004 0.034923 0.117302 -9.38641 0.0514669 -81.5063 0.0852628 2.09349 0.325716 
38.4616 17 0.05 0 3.61937e-05 1.18684 -7.90084e-05 0 0 0 0 0 4.39386e-05 0.000261018 3.75854e-05 -0.045575 2.05526e-05 -5.59084e-05 0.000140716 0.324639 -0.0390243 536.271 -0.17179 -0.0873478 0.00307597 -0.0178878 0.0876111 0.352996 0.184261 -9.9924 0.0581674 63.0145 0.128511 1.85553 0.495096 
38.5722 17 0.05 0 3.58375e-05 1.18725 -8.02646e-05 0 0 0 0 0 4.46922e-05 0.00026244 3.81196e-05 -0.0471093 2.11685e-05 -5.44193e-05 0.000143085 0.388031 -0.0387356 617.537 -0.180451 -0.0889408 -0.0031707 0.0484706 0.111416 0.428495 0.202452 -9.37428 0.0618319 95.9614 0.140955 1.43101 0.541168 
39.0352 17 0.05 0 3.54742e-05 1.18828 -8.15926e-05 0 0 0 0 0 4.55889e-05 0.000253769 3.86685e-05 -0.0483953 2.18754e-05 -5.15521e-05 0.000145802 0.260783 -0.0425173 445.111 -0.170313 -0.0916424 0.0121979 -0.106472 0.0642771 0.274597 0.172462 -8.12203 0.0595662 22.3197 0.121667 0.893533 0.462301 
39.4673 17 0.05 0 3.50994e-05 1.18969 -8.29785e-05 0 0 0 0 0 4.65861e-05 0.000237221 3.92298e-05 -0.0495371 2.26462e-05 -4.79975e-05 0.00014876 -0.00101194 -0.0483578 93.996 -0.14593 -0.0910971 0.0428749 -0.414803 -0.0336905 -0.0382746 0.107372 -5.53491 0.051462 -125.239 0.0800192 0.17496 0.291399 
39.5809 17 0.05 0 3.47069e-05 1.19107 -8.43943e-05 0 0 0 0 0 4.76075e-05 0.000216221 3.97949e-05 -0.0507089 2.34325e-05 -4.45811e-05 0.00015176 -0.264068 -0.0532288 -257.722 -0.120534 -0.0858589 0.0735885 -0.721256 -0.132618 -0.348979 0.0409638 -1.64401 0.0414482 -271.892 0.0374443 -0.590689 0.115846 
39.6592 17 0.05 0 3.42931e-05 1.19204 -8.58092e-05 0 0 0 0 0 4.85782e-05 0.000195393 4.03524e-05 -0.0520671 2.41861e-05 -4.21256e-05 0.000154606 -0.379877 -0.0555334 -418.851 -0.109072 -0.0789231 0.0886573 -0.857175 -0.179164 -0.485566 0.0111356 2.37065 0.0352643 -337.936 0.0190891 -1.18933 0.0339877 
40.0008 17 0.05 0 3.38578e-05 1.19247 -8.72091e-05 0 0 0 0 0 4.94689e-05 0.000179133 4.08956e-05 -0.053666 2.48892e-05 -4.12037e-05 0.00015722 -0.29887 -0.055317 -324.884 -0.117717 -0.0754667 0.0824205 -0.769278 -0.1538 -0.393026 0.0317871 5.72465 0.0369109 -297.687 0.0336692 -1.53274 0.0830692 
40.4126 17 0.05 0 3.34026e-05 1.19249 -8.8607e-05 0 0 0 0 0 5.03109e-05 0.000170704 4.14284e-05 -0.0554422 2.55632e-05 -4.20558e-05 0.000159679 -0.0830336 -0.0531612 -48.3148 -0.141912 -0.0795363 0.0600386 -0.530979 -0.074108 -0.14191 0.0893568 7.7901 0.0467357 -183.314 0.0727065 -1.57202 0.230107 
40.6242 17 0.05 0 3.29305e-05 1.19246 -9.0033e-05 0 0 0 0 0 5.11742e-05 0.000171701 4.19637e-05 -0.0572575 2.62555e-05 -4.45737e-05 0.000162166 0.139153 -0.0506474 246.19 -0.169024 -0.0897386 0.0349943 -0.288286 0.0136358 0.11932 0.151273 8.02931 0.0600628 -63.7882 0.114513 -1.30156 0.390919 
40.7516 17 0.05 0 3.24457e-05 1.19271 -9.15154e-05 0 0 0 0 0 5.21263e-05 0.000181587 4.25164e-05 -0.0589753 2.70115e-05 -4.83134e-05 0.000164858 0.260984 -0.0498346 408.772 -0.185945 -0.0991131 0.0212458 -0.159531 0.0631533 0.262737 0.187317 6.84577 0.0695203 0.78528 0.138426 -0.869969 0.484561 
41.0217 17 0.05 0 3.19504e-05 1.19339 -9.30677e-05 0 0 0 0 0 5.31998e-05 0.00019825 4.30953e-05 -0.0605306 2.78522e-05 -5.26807e-05 0.000167844 0.249406 -0.0519147 384.945 -0.18687 -0.101374 0.0248268 -0.178864 0.0546986 0.246646 0.185886 4.88848 0.0695182 -9.54851 0.136477 -0.400557 0.477804 
41.3881 17 0.05 0 3.14428e-05 1.19445 -9.46859e-05 0 0 0 0 0 5.4383e-05 0.000218888 4.36987e-05 -0.0619506 2.87686e-05 -5.70915e-05 0.000171089 0.126506 -0.056394 202.157 -0.173268 -0.094339 0.043876 -0.318775 -0.00546097 0.0979429 0.151811 2.31879 0.0591431 -82.3514 0.111178 0.0773822 0.381698 
41.6546 17 0.05 0 3.0918e-05 1.19564 -9.63513e-05 0 0 0 0 0 5.56294e-05 0.000240251 4.43134e-05 -0.0633323 2.97266e-05 -6.10031e-05 0.000174469 -0.0404992 -0.0614532 -43.9275 -0.153318 -0.0811674 0.0693791 -0.504355 -0.0879378 -0.101721 0.103706 -0.569318 0.0430931 -179.158 0.0755112 0.500981 0.247073 
41.8221 17 0.05 0 3.03714e-05 1.19666 -9.8038e-05 0 0 0 0 0 5.68791e-05 0.00025897 4.49204e-05 -0.0647916 3.06823e-05 -6.3974e-05 0.000177818 -0.157841 -0.0653804 -220.45 -0.139088 -0.0696632 0.0886732 -0.63397 -0.149561 -0.241156 0.0692713 -3.04095 0.0295019 -247.63 0.049248 0.767382 0.148577 
42.0612 17 0.05 0 2.98004e-05 1.19734 -9.97274e-05 0 0 0 0 0 5.80917e-05 0.000272408 4.55046e-05 -0.0664006 3.16053e-05 -6.57767e-05 0.000181025 -0.162956 -0.0673421 -239.524 -0.139201 -0.0675542 0.0930389 -0.642705 -0.160403 -0.248386 0.0676335 -4.54036 0.0260009 -253.921 0.0462392 0.831019 0.138899 
42.3928 17 0.05 0 2.92047e-05 1.19767 -0.00010142 0 0 0 0 0 5.9269e-05 0.000279287 4.60642e-05 -0.0681543 3.24953e-05 -6.64407e-05 0.000184092 -0.0622797 -0.0674645 -107.018 -0.154063 -0.077291 0.0823604 -0.540262 -0.119685 -0.131249 0.0985901 -4.85786 0.0346559 -201.688 0.0669455 0.692174 0.218387 
42.68 17 0.05 0 2.85854e-05 1.19785 -0.000103135 0 0 0 0 0 6.04519e-05 0.000279816 4.6612e-05 -0.0699808 3.33807e-05 -6.62297e-05 0.000187128 0.0806756 -0.0665718 91.0586 -0.176065 -0.0945706 0.0644672 -0.39612 -0.0538328 0.0365267 0.144366 -4.0494 0.0507008 -125.518 0.0993642 0.402174 0.339405 
42.8898 17 0.05 0 2.79452e-05 1.19811 -0.000104899 0 0 0 0 0 6.16952e-05 0.000275506 4.71687e-05 -0.0717852 3.43009e-05 -6.55626e-05 0.000190283 0.189799 -0.0658974 244.249 -0.194456 -0.109988 0.0503925 -0.29051 -0.000691389 0.165051 0.181161 -2.51789 0.0652787 -67.795 0.126233 0.0464199 0.436644 
43.1253 17 0.05 0 2.72866e-05 1.19865 -0.000106728 0 0 0 0 0 6.30375e-05 0.000268601 4.77509e-05 -0.0735009 3.52851e-05 -6.49028e-05 0.000193661 0.220759 -0.0668056 283.015 -0.2015 -0.115433 0.0479838 -0.266724 0.0131647 0.2009 0.193339 -0.751963 0.0695929 -53.704 0.135392 -0.287881 0.465847 
43.4263 17 0.05 0 2.66099e-05 1.19947 -0.000108627 0 0 0 0 0 6.44852e-05 0.000261444 4.83617e-05 -0.0751196 3.6339e-05 -6.46503e-05 0.00019728 0.172015 -0.0694903 201.521 -0.195795 -0.107986 0.0586235 -0.323926 -0.0171642 0.141727 0.179191 0.966381 0.0611469 -84.1053 0.124662 -0.567713 0.420311 
43.7162 17 0.05 0 2.59129e-05 1.20046 -0.000110584 0 0 0 0 0 6.60133e-05 0.000256126 4.8989e-05 -0.0766878 3.74444e-05 -6.51067e-05 0.000201066 0.077046 -0.0731884 49.1364 -0.182034 -0.0913605 0.0775112 -0.426207 -0.0753945 0.0281599 0.148581 2.41247 0.0429111 -139.929 0.101255 -0.744626 0.32833 
43.9497 17 0.05 0 2.51923e-05 1.20141 -0.000112579 0 0 0 0 0 6.75789e-05 0.000254238 4.96097e-05 -0.0782791 3.85693e-05 -6.64254e-05 0.000204897 -0.00898776 -0.0768434 -91.0205 -0.169151 -0.0746877 0.0955774 -0.517467 -0.131483 -0.0743789 0.119936 3.35325 0.0236697 -190.435 0.0784195 -0.789805 0.241458 
44.2781 17 0.05 0 2.44453e-05 1.20217 -0.000114593 0 0 0 0 0 6.91439e-05 0.000256631 5.02009e-05 -0.0799538 3.96843e-05 -6.85864e-05 0.000208663 -0.00902225 -0.215243 -34.3818 -0.0555085 -0.0774156 0.0973834 -0.196708 0.202857 -0.397273 -0.378927 -65.5913 0.127103 -169.767 0.14031 -6.17022 0.375236 
44.5489 17 0.05 0 2.35035e-05 1.20281 -0.000116486 0 0 0 0 0 7.00951e-05 0.000178011 5.08931e-05 -0.0816802 4.08674e-05 -7.81441e-05 0.000212537 -0.189094 -0.147863 -40.1593 0.0169739 -0.141722 0.0332013 -0.221578 0.197457 -0.203589 -0.425267 -44.2743 0.0269696 -171.06 -0.0391925 -2.22255 0.362914 
44.8232 17 0.05 0 2.24669e-05 1.20334 -0.00011818 0 0 0 0 0 7.04297e-05 5.18939e-05 5.15537e-05 -0.0834562 4.18906e-05 -8.95584e-05 0.000216496 -0.156592 -0.143951 -3.39212 0.0171822 -0.122432 0.0313696 -0.160197 0.17291 -0.187175 -0.429875 -25.4474 0.0254961 -157.243 -0.0348186 -0.425827 0.38436 
45.0923 17 0.05 0 2.13482e-05 1.20381 -0.000119693 0 0 0 0 0 7.01962e-05 -9.41172e-05 5.21839e-05 -0.0852615 4.27741e-05 -0.00010043 0.000220563 -0.116477 -0.137932 53.9526 0.0190175 -0.0965785 0.032122 -0.0849015 0.138176 -0.163455 -0.43789 -4.1277 0.029997 -136.525 -0.028644 1.25934 0.416816 
45.3518 17 0.05 0 2.01615e-05 1.20431 -0.00012104 0 0 0 0 0 6.94347e-05 -0.000231573 5.27925e-05 -0.0870683 4.35385e-05 -0.000108697 0.000224771 -0.0841955 -0.132939 99.7379 0.0198886 -0.0759687 0.0316981 -0.0210896 0.107794 -0.144937 -0.444883 15.324 0.0310904 -120.251 -0.0223186 2.51153 0.44546 
45.6116 17 0.05 0 1.89186e-05 1.20489 -0.000122235 0 0 0 0 0 6.81825e-05 -0.000336705 5.33831e-05 -0.088857 4.42026e-05 -0.00011301 0.000229145 -0.0691525 -0.131408 111.733 0.0177811 -0.0679084 0.0273522 0.0143215 0.093059 -0.139443 -0.447439 29.7072 0.0213555 -115.835 -0.0175239 3.16267 0.458587 
45.8775 17 0.05 0 1.76257e-05 1.20556 -0.000123295 0 0 0 0 0 6.64791e-05 -0.000394129 5.39452e-05 -0.0906243 4.47819e-05 -0.000112893 0.000233691 -0.072291 -0.134377 87.3391 0.0125927 -0.0729648 0.0191348 0.0181147 0.0978949 -0.147549 -0.444961 37.1933 0.000361258 -123.733 -0.0156983 3.17909 0.453288 
46.144 17 0.05 0 1.62827e-05 1.20627 -0.000124239 0 0 0 0 0 6.43667e-05 -0.000398519 5.44547e-05 -0.0923833 4.52863e-05 -0.000108716 0.000238388 -0.0874038 -0.141301 42.2697 0.00588096 -0.0859343 0.0100423 -0.0014504 0.118337 -0.163305 -0.440855 37.1791 -0.0245266 -138.296 -0.0173615 2.61985 0.435979 
46.4068 17 0.05 0 1.48845e-05 1.20698 -0.000125085 0 0 0 0 0 6.18859e-05 -0.0003546 5.48845e-05 -0.0941544 4.57208e-05 -0.000101559 0.000243203 -0.104939 -0.150656 1.18245 0.000187236 -0.0991336 0.00446696 -0.0303292 0.14527 -0.178142 -0.440467 30.3459 -0.0426078 -151.17 -0.0219525 1.6444 0.419042 
46.67 17 0.05 0 1.34231e-05 1.20761 -0.000125852 0 0 0 0 0 5.90686e-05 -0.000275499 5.52184e-05 -0.0959541 4.60858e-05 -9.2947e-05 0.000248106 -0.116795 -0.160534 -15.7053 -0.00256306 -0.106518 0.00568127 -0.0545252 0.169082 -0.185336 -0.448554 18.6551 -0.0445249 -155.815 -0.0284068 0.482845 0.413959 
46.9364 17 0.05 0 1.18906e-05 1.20817 -0.00012655 0 0 0 0 0 5.59327e-05 -0.000179553 5.54628e-05 -0.0977868 4.63792e-05 -8.45196e-05 0.000253085 -0.119596 -0.169651 -2.70589 -0.0018557 -0.106096 0.0139993 -0.0669432 0.184391 -0.183204 -0.466255 4.84562 -0.0290784 -150.692 -0.0352574 -0.620252 0.425234 
47.2018 17 0.05 0 1.02805e-05 1.20867 -0.000127183 0 0 0 0 0 5.24819e-05 -8.6327e-05 5.56458e-05 -0.0996439 4.65987e-05 -7.7703e-05 0.000258152 -0.115364 -0.177666 29.8152 0.00101146 -0.100514 0.0262529 -0.0684445 0.19181 -0.17522 -0.490271 -8.24784 -0.00330048 -139.484 -0.0413465 -1.47055 0.448407 
47.4627 17 0.05 0 8.58831e-06 1.20916 -0.000127756 0 0 0 0 0 4.87108e-05 -1.28074e-05 5.58072e-05 -0.101509 4.67428e-05 -7.34721e-05 0.00026333 -0.109128 -0.184813 62.7438 0.00380335 -0.0944472 0.0373549 -0.0645592 0.196392 -0.167277 -0.514006 -18.332 0.0208199 -128.435 -0.0460632 -1.94998 0.473056 
47.722 17 0.05 0 6.81109e-06 1.20969 -0.000128269 0 0 0 0 0 4.46145e-05 2.94168e-05 5.5981e-05 -0.103368 4.68121e-05 -7.22301e-05 0.000268646 -0.105377 -0.191678 79.1199 0.004436 -0.0917168 0.0426155 -0.0614235 0.203864 -0.164054 -0.531015 -24.0474 0.0318298 -122.766 -0.0494338 -2.03546 0.488657 
47.9834 17 0.05 0 4.94641e-06 1.21028 -0.000128728 0 0 0 0 0 4.01975e-05 3.55348e-05 5.61807e-05 -0.105215 4.68088e-05 -7.38233e-05 0.00027411 -0.10578 -0.198526 72.2731 0.00195227 -0.0934918 0.0396855 -0.0611044 0.217154 -0.167048 -0.537868 -25.012 0.0244556 -124.273 -0.0513541 -1.75975 0.490298 
48.2454 17 0.05 0 2.99199e-06 1.2109 -0.000129141 0 0 0 0 0 3.54771e-05 7.48862e-06 5.63944e-05 -0.107054 4.67369e-05 -7.76283e-05 0.000279715 -0.108867 -0.205126 47.7781 -0.00313342 -0.0982687 0.0294808 -0.0612736 0.234811 -0.174236 -0.535396 -21.6371 0.00101708 -130.986 -0.0520188 -1.21686 0.480409 
48.505 17 0.05 0 9.45995e-07 1.21153 -0.000129518 0 0 0 0 0 3.04817e-05 -4.71149e-05 5.65892e-05 -0.108895 4.66016e-05 -8.27155e-05 0.000285437 -0.111365 -0.211071 19.3063 -0.00927724 -0.102774 0.0154329 -0.0577125 0.252102 -0.181679 -0.528318 -14.9857 -0.0310657 -138.654 -0.0510678 -0.525532 0.467351 
48.7622 17 0.05 0 -1.19241e-06 1.21213 -0.000129873 0 0 0 0 0 2.52429e-05 -0.000116885 5.67233e-05 -0.110749 4.64098e-05 -8.80334e-05 0.00029125 -0.110431 -0.215857 1.06437 -0.0147491 -0.104225 0.00184115 -0.0462436 0.263894 -0.185729 -0.522979 -6.58817 -0.0610015 -143.103 -0.048275 0.18381 0.460839 
49.0193 17 0.05 0 -3.42245e-06 1.21267 -0.000130214 0 0 0 0 0 1.97877e-05 -0.000189024 5.67613e-05 -0.112623 4.61702e-05 -9.25952e-05 0.00029714 -0.105157 -0.219561 0.606999 -0.0185119 -0.101945 -0.00811641 -0.026916 0.267882 -0.184976 -0.523997 1.8749 -0.0822632 -142.31 -0.0447966 0.779105 0.466541 
49.2762 17 0.05 0 -5.74201e-06 1.21316 -0.000130548 0 0 0 0 0 1.41314e-05 -0.000251733 5.66828e-05 -0.114514 4.5892e-05 -9.56537e-05 0.000303111 -0.0970482 -0.222911 15.7348 -0.0204861 -0.0968532 -0.0136956 -0.00373729 0.266307 -0.180605 -0.532636 8.91496 -0.0924838 -137.144 -0.0408146 1.17804 0.483662 
49.5312 17 0.05 0 -8.14877e-06 1.21363 -0.000130878 0 0 0 0 0 8.27765e-06 -0.000296172 5.64841e-05 -0.116415 4.55838e-05 -9.6795e-05 0.000309182 -0.0890565 -0.226934 36.785 -0.0215508 -0.0915993 -0.0165348 0.0175482 0.265354 -0.1755 -0.545961 13.5283 -0.0962054 -130.505 -0.0379549 1.3373 0.505559 
49.7843 17 0.05 0 -1.06416e-05 1.2141 -0.000131207 0 0 0 0 0 2.22292e-06 -0.000317605 5.61707e-05 -0.118316 4.52523e-05 -9.59715e-05 0.000315377 -0.0838948 -0.232698 52.3372 -0.0229295 -0.0885042 -0.0194699 0.0311041 0.272315 -0.172497 -0.559564 15.2859 -0.100191 -125.58 -0.0369325 1.25579 0.523651 
50.0368 17 0.05 0 -1.32218e-05 1.2146 -0.000131537 0 0 0 0 0 -4.03635e-06 -0.000315667 5.57474e-05 -0.120211 4.49008e-05 -9.3474e-05 0.000321713 -0.0827202 -0.240897 55.1117 -0.0253141 -0.0886488 -0.0249282 0.0346814 0.292502 -0.173096 -0.569244 14.3028 -0.108958 -124.226 -0.0382692 0.979628 0.531698 
50.2891 17 0.05 0 -1.58943e-05 1.21514 -0.000131871 0 0 0 0 0 -1.04981e-05 -0.000293849 5.52115e-05 -0.1221 4.45291e-05 -8.984e-05 0.000328192 -0.0848468 -0.251331 44.8362 -0.0289128 -0.0915962 -0.0338834 0.0291572 0.327038 -0.177049 -0.573992 11.1103 -0.124287 -126.334 -0.0419788 0.579299 0.528608 
50.5399 17 0.05 0 -1.86666e-05 1.21568 -0.000132213 0 0 0 0 0 -1.71537e-05 -0.000258442 5.45514e-05 -0.123987 4.41335e-05 -8.57353e-05 0.000334799 -0.0882987 -0.263348 27.5449 -0.0330101 -0.0959256 -0.0455157 0.0184944 0.372643 -0.182675 -0.575637 6.49474 -0.143309 -130.185 -0.0470507 0.133846 0.518763 
50.7888 17 0.05 0 -2.15479e-05 1.21621 -0.00013257 0 0 0 0 0 -2.39909e-05 -0.000217203 5.3751e-05 -0.125879 4.3709e-05 -8.18322e-05 0.000341512 -0.0907082 -0.275965 11.9498 -0.0367924 -0.0998832 -0.0579848 0.00782278 0.423367 -0.187768 -0.577969 1.36031 -0.161091 -133.511 -0.0528645 -0.277897 0.509379 
51.0367 17 0.05 0 -2.45477e-05 1.21671 -0.000132945 0 0 0 0 0 -3.09995e-05 -0.000177959 5.27975e-05 -0.127781 4.32497e-05 -7.86972e-05 0.00034831 -0.0905332 -0.288173 4.93391 -0.0394964 -0.102256 -0.0698146 0.00143192 0.473567 -0.191041 -0.584469 -3.41484 -0.173774 -134.665 -0.0576141 -0.593307 0.50674 
51.2847 17 0.05 0 -2.76739e-05 1.21716 -0.000133342 0 0 0 0 0 -3.81765e-05 -0.000147349 5.16861e-05 -0.129694 4.27517e-05 -7.67111e-05 0.000355185 -0.0872671 -0.299516 8.50235 -0.0411419 -0.102859 -0.0807539 0.000930219 0.520562 -0.192129 -0.596275 -7.12077 -0.180718 -133.322 -0.0610796 -0.777418 0.513351 
51.5327 17 0.05 0 -3.09328e-05 1.21759 -0.000133759 0 0 0 0 0 -4.55266e-05 -0.000129911 5.04206e-05 -0.131616 4.22133e-05 -7.60335e-05 0.000362143 -0.0816925 -0.310021 19.369 -0.0422211 -0.102278 -0.0926064 0.00600494 0.565958 -0.191822 -0.611574 -9.33285 -0.184835 -130.456 -0.0628441 -0.811898 0.526933 
51.7804 17 0.05 0 -3.4329e-05 1.218 -0.000134198 0 0 0 0 0 -5.30594e-05 -0.000127638 4.90087e-05 -0.133544 4.16354e-05 -7.6595e-05 0.000369199 -0.0748971 -0.320084 31.2432 -0.0435629 -0.101538 -0.108372 0.0141708 0.615036 -0.191281 -0.626561 -9.92176 -0.19155 -127.678 -0.0630671 -0.720182 0.542167 
52.0286 17 0.05 0 -3.7866e-05 1.21842 -0.000134658 0 0 0 0 0 -6.07834e-05 -0.000140006 4.74532e-05 -0.135473 4.1021e-05 -7.81499e-05 0.000376368 -0.0677347 -0.330113 38.1931 -0.0458399 -0.101258 -0.131524 0.0230931 0.674761 -0.19143 -0.637115 -9.03521 -0.204849 -126.394 -0.0620425 -0.537093 0.553111 
52.2783 17 0.05 0 -4.15471e-05 1.21885 -0.000135141 0 0 0 0 0 -6.86998e-05 -0.000164391 4.57471e-05 -0.137402 4.03748e-05 -8.03407e-05 0.000383661 -0.0602756 -0.340316 37.3541 -0.0493253 -0.101789 -0.164579 0.0312167 0.751409 -0.192734 -0.641015 -7.01997 -0.226994 -127.233 -0.0599792 -0.300765 0.556613 
52.5303 17 0.05 0 -4.53758e-05 1.2193 -0.00013565 0 0 0 0 0 -7.68001e-05 -0.000196749 4.38709e-05 -0.139334 3.97022e-05 -8.27636e-05 0.000391073 -0.0516365 -0.350535 29.8663 -0.0538206 -0.10298 -0.208783 0.0385452 0.849249 -0.194858 -0.638802 -4.32592 -0.255195 -129.937 -0.0571255 -0.0590633 0.552989 
52.7854 17 0.05 0 -4.93553e-05 1.21975 -0.00013619 0 0 0 0 0 -8.50678e-05 -0.000232392 4.17978e-05 -0.141272 3.90098e-05 -8.50417e-05 0.000398591 -0.0403286 -0.360211 19.8431 -0.0586562 -0.104282 -0.263961 0.0458671 0.970358 -0.1972 -0.633305 -1.43603 -0.28417 -133.704 -0.0532543 0.161497 0.54585 
53.0453 17 0.05 0 -5.34877e-05 1.22019 -0.000136765 0 0 0 0 0 -9.34826e-05 -0.000266751 3.9502e-05 -0.143223 3.83047e-05 -8.68625e-05 0.000406199 -0.024414 -0.368767 12.1525 -0.0630454 -0.105459 -0.329712 0.0542675 1.11657 -0.199267 -0.628458 1.20695 -0.307445 -137.723 -0.0481142 0.326916 0.53978 
53.313 17 0.05 0 -5.77735e-05 1.2206 -0.000137379 0 0 0 0 0 -0.000102027 -0.000296023 3.69683e-05 -0.145192 3.75955e-05 -8.80221e-05 0.000413882 -0.00167848 -0.375354 10.1469 -0.0665172 -0.106438 -0.406861 0.0644434 1.29216 -0.20093 -0.627235 3.26314 -0.318819 -141.676 -0.0411624 0.425379 0.53819 
53.5921 17 0.05 0 -6.22101e-05 1.22099 -0.000138034 0 0 0 0 0 -0.000110692 -0.000317609 3.42004e-05 -0.147185 3.68927e-05 -8.84343e-05 0.000421635 0.0304334 -0.379176 14.4039 -0.0688203 -0.107477 -0.498907 0.076628 1.5071 -0.2022 -0.630411 4.52598 -0.314418 -145.992 -0.0330133 0.451926 0.541664 
53.8873 17 0.05 0 -6.67913e-05 1.22136 -0.000138729 0 0 0 0 0 -0.000119473 -0.000330324 3.12253e-05 -0.149206 3.62076e-05 -8.81278e-05 0.000429458 0.0756321 -0.378883 22.9662 -0.0700041 -0.10884 -0.613827 0.0903072 1.77979 -0.20369 -0.636218 4.93715 -0.290844 -151.812 -0.0221505 0.407869 0.547507 
54.206 17 0.05 0 -7.1505e-05 1.22173 -0.000139463 0 0 0 0 0 -0.000128373 -0.000334366 2.80965e-05 -0.151262 3.55548e-05 -8.7235e-05 0.000437357 0.1392 -0.37213 32.6924 -0.0701863 -0.11087 -0.764653 0.105334 2.13983 -0.206021 -0.641242 4.56886 -0.242939 -160.814 -0.00781177 0.320561 0.551163 
54.5594 17 0.05 0 -7.63305e-05 1.22211 -0.000140234 0 0 0 0 0 -0.00013739 -0.000331092 2.48997e-05 -0.153365 3.49529e-05 -8.59418e-05 0.000445333 0.228129 -0.354859 41.1681 -0.0693485 -0.113756 -0.971454 0.121568 2.63121 -0.209264 -0.641626 3.58093 -0.161075 -175.059 0.0115416 0.189674 0.548031 
54.966 17 0.05 0 -8.12328e-05 1.22252 -0.000141035 0 0 0 0 0 -0.000146518 -0.00032268 2.17647e-05 -0.155532 3.44263e-05 -8.4484e-05 0.000453378 0.346822 -0.319844 47.8388 -0.0671989 -0.117618 -1.26364 0.138612 3.31711 -0.213747 -0.633899 2.19485 -0.0258782 -197.032 0.038686 0.0480468 0.534614 
55.4543 17 0.05 0 -8.61527e-05 1.22297 -0.000141863 0 0 0 0 0 -0.000155738 -0.000311719 1.88918e-05 -0.157792 3.40095e-05 -8.30929e-05 0.000461467 0.474951 -0.25562 54.0211 -0.0631222 -0.122479 -1.68245 0.150152 4.28409 -0.219547 -0.6158 0.633039 0.195945 -229.445 0.0764149 -0.089774 0.508861 
56.0494 17 0.05 0 -9.0991e-05 1.22345 -0.000142708 0 0 0 0 0 -0.000165014 -0.000300843 1.65965e-05 -0.160187 3.37503e-05 -8.19738e-05 0.000469557 -0.255066 3.02985 179.766 2.00296 0.224777 2.87284 0.0640851 2.50462 -0.0422715 0.405538 33.7885 11.0902 -245.232 6.41956 -1.74175 0.421186 
56.8294 17 0.05 0 -9.06918e-05 1.22417 -0.000140384 0 0 0 0 0 -0.000172768 -0.000238951 3.16139e-05 -0.162727 4.34089e-05 -8.36471e-05 0.000477514 -0.107529 5.77695 134.898 2.64652 0.187587 4.06239 0.0153612 1.51331 -0.119234 0.304565 28.2109 19.4354 -295.459 7.70679 -3.33611 0.221801 
57.69 17 0.05 0 -8.14891e-05 1.22502 -0.000134193 0 0 0 0 0 -0.0001793 -0.000139437 7.52275e-05 -0.165479 6.40478e-05 -9.03166e-05 0.000485042 0.266747 6.12209 -29.1845 2.7422 0.178311 4.98924 0.0568307 2.06253 -0.141341 0.322694 20.4231 19.8933 -279.949 7.85076 -2.86481 0.0853283 
58.1561 17 0.05 0 -6.36755e-05 1.22575 -0.000124346 0 0 0 0 0 -0.000184698 -1.78527e-05 0.000145495 -0.168398 9.48743e-05 -0.000100787 0.000491974 0.40706 3.00174 -302.877 1.40407 0.1691 4.87354 0.054111 2.2032 -0.135598 0.348667 11.4417 10.0077 -107.835 3.66029 -2.15924 0.00606832 
58.1496 17 0.05 0 -4.29153e-05 1.22593 -0.000113267 0 0 0 0 0 -0.000189031 0.000109757 0.000224532 -0.171203 0.000128411 -0.000113604 0.000498244 0.0695801 -1.15908 -400.63 -0.299437 0.175862 4.08712 -0.00346909 1.95955 -0.113494 0.360211 2.83037 -2.34048 41.5703 -1.44908 -1.41462 0.0729796 
58.1061 17 0.05 0 -2.59905e-05 1.22547 -0.000103736 0 0 0 0 0 -0.000192378 0.000229333 0.000292202 -0.173669 0.000156412 -0.000127379 0.000504015 -0.171038 -3.89274 -246.475 -1.35039 0.20466 3.60769 0.0110859 1.75909 -0.0867204 0.354574 -4.57495 -9.78496 96.136 -4.44642 -0.696628 0.295343 
57.9678 17 0.05 0 -1.68026e-05 1.22467 -9.72439e-05 0 0 0 0 0 -0.000194846 0.000330176 0.000337995 -0.175745 0.000174738 -0.000140914 0.000509692 -0.2938 -5.49566 2.41381 -1.91397 0.244712 3.43948 0.0715192 1.66615 -0.0592704 0.34377 -10.0355 -13.6095 116.879 -5.94698 -0.0512676 0.589797 
57.6777 17 0.05 0 -1.71466e-05 1.22395 -9.43878e-05 0 0 0 0 0 -0.000196535 0.000405527 0.000357966 -0.177439 0.000181943 -0.000153227 0.00051575 -0.356594 -6.03113 213.74 -2.05043 0.279892 3.3312 0.129767 1.59638 -0.0403579 0.335483 -13.2829 -14.4307 121.834 -6.2201 0.468301 0.836008 
57.4309 17 0.05 0 -2.69832e-05 1.22364 -9.50464e-05 0 0 0 0 0 -0.000197531 0.000452613 0.000353214 -0.178776 0.000178627 -0.000163611 0.000522543 -0.369797 -5.48381 318.858 -1.77289 0.298636 3.14006 0.159818 1.49559 -0.0355312 0.332425 -14.9786 -12.492 112.216 -5.3583 0.886035 0.952565 
57.3895 17 0.05 0 -4.45513e-05 1.22386 -9.84497e-05 0 0 0 0 0 -0.000197904 0.00047139 0.000329133 -0.179805 0.000167144 -0.00017158 0.000530185 -0.336436 -4.16268 302.11 -1.2185 0.297365 2.8243 0.154951 1.34633 -0.0448968 0.334401 -15.8551 -8.77576 89.8438 -3.77116 1.25693 0.915361 
57.4891 17 0.05 0 -6.70292e-05 1.22454 -0.000103459 0 0 0 0 0 -0.000197709 0.000463144 0.000293443 -0.180591 0.000150783 -0.000176778 0.00053854 -0.267494 -2.58962 179.32 -0.602101 0.2777 2.39895 0.11867 1.15602 -0.0649169 0.340025 -15.8867 -4.71627 59.3061 -2.06141 1.58247 0.741905 
57.538 17 0.05 0 -9.14692e-05 1.22544 -0.000108946 0 0 0 0 0 -0.00019699 0.000430346 0.000253673 -0.181207 0.000132712 -0.00017895 0.000547271 -0.185604 -1.24008 -3.97226 -0.104257 0.247005 1.93475 0.0642487 0.955712 -0.0889514 0.347276 -14.59 -1.49587 27.3963 -0.718346 1.78487 0.490009 
57.4566 17 0.05 0 -0.000115545 1.22625 -0.000114071 0 0 0 0 0 -0.000195784 0.000377328 0.000215332 -0.18172 0.000115228 -0.000178053 0.000555948 -0.116411 -0.331016 -175.544 0.214305 0.217296 1.54217 0.0130372 0.790691 -0.108662 0.353259 -11.8034 0.510169 1.39826 0.114758 1.79247 0.253066 
