#1 rho_s 
#2 coeffs 
int deriv = 0;
236.235 206.152 0.02 0.0132343 -0.0036511 -0.00328862 1.86859 -0.0151025 0.00869677 0.0392888 0.0108651 -0.00974756 0.00951588 -0.0155885 -0.0462425 0.0253224 0.320578 -0.000565778 0.393577 -0.0193007 -0.00627945 -0.0216111 0.0228098 0.046964 0.00675911 -0.0132726 0.017624 -0.0106915 
242.601 278.203 0.02 0.0232343 -0.0036511 -0.00328862 1.86859 -0.0151025 0.00869677 0.0392888 0.0108651 -0.00974756 0.00951588 -0.0155885 -0.0462425 0.0253224 0.320578 -0.000565778 0.393577 -0.0193007 -0.00627945 -0.0216111 0.0228098 0.046964 0.00675911 -0.0132726 0.017624 -0.0106915 
248.848 193.029 0.02 0.0332343 -0.0036511 -0.00328862 1.86859 -0.0151025 0.00869677 0.0392888 0.0108651 -0.00974756 0.00951588 -0.0155885 -0.0462425 0.0253224 0.320578 -0.000565778 0.393577 -0.0193007 -0.00627945 -0.0216111 0.0228098 0.046964 0.00675911 -0.0132726 0.017624 -0.0106915 
252.576 -126.839 0.02 0.0432343 -0.0036511 -0.00328862 1.86859 -0.0151025 0.00869677 0.0392888 0.0108651 -0.00974756 0.00951588 -0.0155885 -0.0462425 0.0253224 0.320578 -0.000565778 0.393577 -0.0193007 -0.00627945 -0.0216111 0.0228098 0.046964 0.00675911 -0.0132726 0.017624 -0.0106915 
251.226 -677.174 0.02 0.0532343 -0.0036511 -0.00328862 1.86859 -0.0151025 0.00869677 0.0392888 0.0108651 -0.00974756 0.00951588 -0.0155885 -0.0462425 0.0253224 0.320578 -0.000565778 0.393577 -0.0193007 -0.00627945 -0.0216111 0.0228098 0.046964 0.00675911 -0.0132726 0.017624 -0.0106915 
243.071 -1335.77 0.02 0.0632343 -0.0036511 -0.00328862 1.86859 -0.0151025 0.00869677 0.0392888 0.0108651 -0.00974756 0.00951588 -0.0155885 -0.0462425 0.0253224 0.320578 -0.000565778 0.393577 -0.0193007 -0.00627945 -0.0216111 0.0228098 0.046964 0.00675911 -0.0132726 0.017624 -0.0106915 
228.01 -1932.42 0.02 0.0732343 -0.0036511 -0.00328862 1.86859 -0.0151025 0.00869677 0.0392888 0.0108651 -0.00974756 0.00951588 -0.0155885 -0.0462425 0.0253224 0.320578 -0.000565778 0.393577 -0.0193007 -0.00627945 -0.0216111 0.0228098 0.046964 0.00675911 -0.0132726 0.017624 -0.0106915 
207.359 -2373.32 0.02 0.0832343 -0.0036511 -0.00328862 1.86859 -0.0151025 0.00869677 0.0392888 0.0108651 -0.00974756 0.00951588 -0.0155885 -0.0462425 0.0253224 0.320578 -0.000565778 0.393577 -0.0193007 -0.00627945 -0.0216111 0.0228098 0.046964 0.00675911 -0.0132726 0.017624 -0.0106915 
182.79 -2675.05 0.02 0.0932343 -0.0036511 -0.00328862 1.86859 -0.0151025 0.00869677 0.0392888 0.0108651 -0.00974756 0.00951588 -0.0155885 -0.0462425 0.0253224 0.320578 -0.000565778 0.393577 -0.0193007 -0.00627945 -0.0216111 0.0228098 0.046964 0.00675911 -0.0132726 0.017624 -0.0106915 
155.68 -2856.14 0.02 0.103234 -0.0036511 -0.00328862 1.86859 -0.0151025 0.00869677 0.0392888 0.0108651 -0.00974756 0.00951588 -0.0155885 -0.0462425 0.0253224 0.320578 -0.000565778 0.393577 -0.0193007 -0.00627945 -0.0216111 0.0228098 0.046964 0.00675911 -0.0132726 0.017624 -0.0106915 
127.556 -2843.7 0.02 0.113234 -0.0036511 -0.00328862 1.86859 -0.0151025 0.00869677 0.0392888 0.0108651 -0.00974756 0.00951588 -0.0155885 -0.0462425 0.0253224 0.320578 -0.000565778 0.393577 -0.0193007 -0.00627945 -0.0216111 0.0228098 0.046964 0.00675911 -0.0132726 0.017624 -0.0106915 
100.734 -2542.9 0.02 0.123234 -0.0036511 -0.00328862 1.86859 -0.0151025 0.00869677 0.0392888 0.0108651 -0.00974756 0.00951588 -0.0155885 -0.0462425 0.0253224 0.320578 -0.000565778 0.393577 -0.0193007 -0.00627945 -0.0216111 0.0228098 0.046964 0.00675911 -0.0132726 0.017624 -0.0106915 
77.9169 -1973.17 0.02 0.133234 -0.0036511 -0.00328862 1.86859 -0.0151025 0.00869677 0.0392888 0.0108651 -0.00974756 0.00951588 -0.0155885 -0.0462425 0.0253224 0.320578 -0.000565778 0.393577 -0.0193007 -0.00627945 -0.0216111 0.0228098 0.046964 0.00675911 -0.0132726 0.017624 -0.0106915 
60.9659 -1282.8 0.02 0.143234 -0.0036511 -0.00328862 1.86859 -0.0151025 0.00869677 0.0392888 0.0108651 -0.00974756 0.00951588 -0.0155885 -0.0462425 0.0253224 0.320578 -0.000565778 0.393577 -0.0193007 -0.00627945 -0.0216111 0.0228098 0.046964 0.00675911 -0.0132726 0.017624 -0.0106915 
50.1642 -637.523 0.02 0.153234 -0.0036511 -0.00328862 1.86859 -0.0151025 0.00869677 0.0392888 0.0108651 -0.00974756 0.00951588 -0.0155885 -0.0462425 0.0253224 0.320578 -0.000565778 0.393577 -0.0193007 -0.00627945 -0.0216111 0.0228098 0.046964 0.00675911 -0.0132726 0.017624 -0.0106915 
44.5172 -129.751 0.02 0.163234 -0.0036511 -0.00328862 1.86859 -0.0151025 0.00869677 0.0392888 0.0108651 -0.00974756 0.00951588 -0.0155885 -0.0462425 0.0253224 0.320578 -0.000565778 0.393577 -0.0193007 -0.00627945 -0.0216111 0.0228098 0.046964 0.00675911 -0.0132726 0.017624 -0.0106915 
42.522 225.353 0.02 0.173234 -0.0036511 -0.00328862 1.86859 -0.0151025 0.00869677 0.0392888 0.0108651 -0.00974756 0.00951588 -0.0155885 -0.0462425 0.0253224 0.320578 -0.000565778 0.393577 -0.0193007 -0.00627945 -0.0216111 0.0228098 0.046964 0.00675911 -0.0132726 0.017624 -0.0106915 
42.7639 452.566 0.02 0.183234 -0.0036511 -0.00328862 1.86859 -0.0151025 0.00869677 0.0392888 0.0108651 -0.00974756 0.00951588 -0.0155885 -0.0462425 0.0253224 0.320578 -0.000565778 0.393577 -0.0193007 -0.00627945 -0.0216111 0.0228098 0.046964 0.00675911 -0.0132726 0.017624 -0.0106915 
44.1677 585.464 0.02 0.193234 -0.0036511 -0.00328862 1.86859 -0.0151025 0.00869677 0.0392888 0.0108651 -0.00974756 0.00951588 -0.0155885 -0.0462425 0.0253224 0.320578 -0.000565778 0.393577 -0.0193007 -0.00627945 -0.0216111 0.0228098 0.046964 0.00675911 -0.0132726 0.017624 -0.0106915 
46.0196 652.158 0.02 0.203234 -0.0036511 -0.00328862 1.86859 -0.0151025 0.00869677 0.0392888 0.0108651 -0.00974756 0.00951588 -0.0155885 -0.0462425 0.0253224 0.320578 -0.000565778 0.393577 -0.0193007 -0.00627945 -0.0216111 0.0228098 0.046964 0.00675911 -0.0132726 0.017624 -0.0106915 
step:0.01
rho_limit:8039.79
d_min:20.0001
