#1 rho_s 
#2 coeffs 
#x3=1 alpha=0.01
19.315 0.02 0 0 0 1 0 0 0 0 0 0 0 0 0 0 0 0 0 0 0 0 0 0 0 0 0 
19.296 0.02 0.0921965 -0.000330278 0.00028078 0.999984 0.0295525 8.28683e-05 0.0236743 3.69136e-05 1.41786e-05 1.99624e-05 0.000147591 -0.0011941 0.000129761 -3.98445e-05 5.29701e-05 -3.94784e-05 -0.00533498 0.000163118 -0.00460048 -0.000280292 -0.00381931 3.26402e-05 1.68618e-05 2.60837e-05 4.876e-05 
19.787 0.02 0.184393 -0.000660556 0.000561561 0.999968 0.0591049 0.000165737 0.0473486 7.38272e-05 2.83571e-05 3.99247e-05 0.000295183 -0.0023882 0.000259522 -7.9689e-05 0.00010594 -7.89568e-05 -0.01067 0.000326236 -0.00920096 -0.000560584 -0.00763861 6.52804e-05 3.37235e-05 5.21674e-05 9.75201e-05 
20.4175 0.02 0.276589 -0.000990834 0.000842341 0.999952 0.0886574 0.000248605 0.0710229 0.000110741 4.25357e-05 5.98871e-05 0.000442774 -0.0035823 0.000389283 -0.000119534 0.00015891 -0.000118435 -0.0160049 0.000489355 -0.0138014 -0.000840875 -0.0114579 9.79207e-05 5.05853e-05 7.82511e-05 0.00014628 
21.6369 0.02 0.368786 -0.00132111 0.00112312 0.999936 0.11821 0.000331473 0.0946971 0.000147654 5.67142e-05 7.98494e-05 0.000590366 -0.0047764 0.000519043 -0.000159378 0.00021188 -0.000157914 -0.0213399 0.000652473 -0.0184019 -0.00112117 -0.0152772 0.000130561 6.74471e-05 0.000104335 0.00019504 
24.78 0.02 0.460982 -0.00165139 0.0014039 0.999919 0.147762 0.000414342 0.118371 0.000184568 7.08928e-05 9.98118e-05 0.000737957 -0.0059705 0.000648804 -0.000199223 0.000264851 -0.000197392 -0.0266749 0.000815591 -0.0230024 -0.00140146 -0.0190965 0.000163201 8.43089e-05 0.000130419 0.0002438 
28.6527 0.02 0.553179 -0.00198167 0.00168468 0.999903 0.177315 0.00049721 0.142046 0.000221482 8.50713e-05 0.000119774 0.000885549 -0.0071646 0.000778565 -0.000239067 0.000317821 -0.00023687 -0.0320099 0.000978709 -0.0276029 -0.00168175 -0.0229158 0.000195841 0.000101171 0.000156502 0.00029256 
38.8056 0.02 0.645375 -0.00231194 0.00196546 0.999887 0.206867 0.000580078 0.16572 0.000258395 9.92499e-05 0.000139737 0.00103314 -0.0083587 0.000908326 -0.000278912 0.000370791 -0.000276349 -0.0373449 0.00114183 -0.0322034 -0.00196204 -0.0267351 0.000228482 0.000118032 0.000182586 0.00034132 
45.2546 0.02 0.737572 -0.00264222 0.00224624 0.999871 0.23642 0.000662946 0.189394 0.000295309 0.000113428 0.000159699 0.00118073 -0.0095528 0.00103809 -0.000318756 0.000423761 -0.000315827 -0.0426798 0.00130495 -0.0368038 -0.00224233 -0.0305545 0.000261122 0.000134894 0.00020867 0.00039008 
34.5359 0.02 0.829768 -0.0029725 0.00252702 0.999855 0.265972 0.000745815 0.213069 0.000332222 0.000127607 0.000179661 0.00132832 -0.0107469 0.00116785 -0.000358601 0.000476731 -0.000355306 -0.0480148 0.00146806 -0.0414043 -0.00252263 -0.0343738 0.000293762 0.000151756 0.000234753 0.00043884 
53.8975 0.02 0.921965 -0.00330278 0.0028078 0.999839 0.295525 0.000828683 0.236743 0.000369136 0.000141786 0.000199624 0.00147591 -0.011941 0.00129761 -0.000398445 0.000529701 -0.000394784 -0.0533498 0.00163118 -0.0460048 -0.00280292 -0.0381931 0.000326402 0.000168618 0.000260837 0.0004876 
56.6906 0.02 1.01416 -0.00363306 0.00308858 0.999823 0.325077 0.000911551 0.260417 0.00040605 0.000155964 0.000219586 0.00162351 -0.0131351 0.00142737 -0.00043829 0.000582671 -0.000434262 -0.0586848 0.0017943 -0.0506053 -0.00308321 -0.0420124 0.000359042 0.00018548 0.000286921 0.00053636 
54.5387 0.02 1.10636 -0.00396333 0.00336936 0.999807 0.35463 0.00099442 0.284091 0.000442963 0.000170143 0.000239548 0.0017711 -0.0143292 0.00155713 -0.000478134 0.000635641 -0.000473741 -0.0640198 0.00195742 -0.0552058 -0.0033635 -0.0458317 0.000391683 0.000202341 0.000313004 0.00058512 
53.4565 0.02 1.19855 -0.00429361 0.00365015 0.99979 0.384182 0.00107729 0.307766 0.000479877 0.000184321 0.000259511 0.00191869 -0.0155233 0.00168689 -0.000517979 0.000688611 -0.000513219 -0.0693547 0.00212054 -0.0598062 -0.00364379 -0.049651 0.000424323 0.000219203 0.000339088 0.000633881 
37.369 0.02 1.29075 -0.00462389 0.00393093 0.999774 0.413735 0.00116016 0.33144 0.00051679 0.0001985 0.000279473 0.00206628 -0.0167174 0.00181665 -0.000557823 0.000741582 -0.000552698 -0.0746897 0.00228365 -0.0644067 -0.00392409 -0.0534703 0.000456963 0.000236065 0.000365172 0.000682641 
35.7921 0.02 1.38295 -0.00495417 0.00421171 0.999758 0.443287 0.00124302 0.355114 0.000553704 0.000212678 0.000299435 0.00221387 -0.0179115 0.00194641 -0.000597668 0.000794552 -0.000592176 -0.0800247 0.00244677 -0.0690072 -0.00420438 -0.0572896 0.000489603 0.000252927 0.000391256 0.000731401 
26.4383 0.02 1.47514 -0.00528445 0.00449249 0.999742 0.47284 0.00132589 0.378789 0.000590618 0.000226857 0.000319398 0.00236146 -0.0191056 0.00207617 -0.000637512 0.000847522 -0.000631654 -0.0853597 0.00260989 -0.0736077 -0.00448467 -0.0611089 0.000522244 0.000269788 0.000417339 0.000780161 
29.5665 0.02 1.56734 -0.00561472 0.00477327 0.999726 0.502392 0.00140876 0.402463 0.000627531 0.000241035 0.00033936 0.00250905 -0.0202997 0.00220593 -0.000677357 0.000900492 -0.000671133 -0.0906947 0.00277301 -0.0782082 -0.00476496 -0.0649282 0.000554884 0.00028665 0.000443423 0.000828921 
19.588 0.02 1.65954 -0.005945 0.00505405 0.99971 0.531944 0.00149163 0.426137 0.000664445 0.000255214 0.000359322 0.00265665 -0.0214938 0.0023357 -0.000717201 0.000953462 -0.000710611 -0.0960296 0.00293613 -0.0828087 -0.00504525 -0.0687475 0.000587524 0.000303512 0.000469507 0.000877681 
21.7861 0.02 1.75173 -0.00627528 0.00533483 0.999694 0.561497 0.0015745 0.449811 0.000701358 0.000269393 0.000379285 0.00280424 -0.0226879 0.00246546 -0.000757046 0.00100643 -0.000750089 -0.101365 0.00309925 -0.0874091 -0.00532554 -0.0725668 0.000620164 0.000320374 0.00049559 0.000926441 
4.37532 0.02 1.84393 -0.00660556 0.00561561 0.999678 0.591049 0.00165737 0.473486 0.000738272 0.000283571 0.000399247 0.00295183 -0.023882 0.00259522 -0.00079689 0.0010594 -0.000789568 -0.1067 0.00326236 -0.0920096 -0.00560584 -0.0763861 0.000652804 0.000337235 0.000521674 0.000975201 
2.73509 0.02 1.93613 -0.00693583 0.00589639 0.999662 0.620602 0.00174023 0.49716 0.000775186 0.00029775 0.00041921 0.00309942 -0.0250761 0.00272498 -0.000836735 0.00111237 -0.000829046 -0.112035 0.00342548 -0.0966101 -0.00588613 -0.0802054 0.000685445 0.000354097 0.000547758 0.00102396 
13.3325 0.02 2.02832 -0.00726611 0.00617717 0.999645 0.650154 0.0018231 0.520834 0.000812099 0.000311928 0.000439172 0.00324701 -0.0262702 0.00285474 -0.000876579 0.00116534 -0.000868525 -0.11737 0.0035886 -0.101211 -0.00616642 -0.0840247 0.000718085 0.000370959 0.000573842 0.00107272 
4.1008 0.02 2.12052 -0.00759639 0.00645795 0.999629 0.679707 0.00190597 0.544509 0.000849013 0.000326107 0.000459134 0.0033946 -0.0274643 0.0029845 -0.000916424 0.00121831 -0.000908003 -0.122705 0.00375172 -0.105811 -0.00644671 -0.087844 0.000750725 0.000387821 0.000599925 0.00112148 
1.93408 0.02 2.21272 -0.00792667 0.00673873 0.999613 0.709259 0.00198884 0.568183 0.000885926 0.000340285 0.000479097 0.00354219 -0.0286584 0.00311426 -0.000956268 0.00127128 -0.000947481 -0.12804 0.00391484 -0.110412 -0.006727 -0.0916634 0.000783365 0.000404683 0.000626009 0.00117024 
1.28674 0.02 2.30491 -0.00825695 0.00701951 0.999597 0.738812 0.00207171 0.591857 0.00092284 0.000354464 0.000499059 0.00368979 -0.0298525 0.00324402 -0.000996113 0.00132425 -0.00098696 -0.133374 0.00407795 -0.115012 -0.0070073 -0.0954827 0.000816006 0.000421544 0.000652093 0.001219 
1.53619 0.02 2.39711 -0.00858722 0.00730029 0.999581 0.768364 0.00215458 0.615531 0.000959753 0.000368642 0.000519021 0.00383738 -0.0310466 0.00337378 -0.00103596 0.00137722 -0.00102644 -0.138709 0.00424107 -0.119612 -0.00728759 -0.099302 0.000848646 0.000438406 0.000678176 0.00126776 
1.34757 0.02 2.4893 -0.0089175 0.00758107 0.999565 0.797917 0.00223744 0.639206 0.000996667 0.000382821 0.000538984 0.00398497 -0.0322407 0.00350354 -0.0010758 0.00143019 -0.00106592 -0.144044 0.00440419 -0.124213 -0.00756788 -0.103121 0.000881286 0.000455268 0.00070426 0.00131652 
1.63961 0.02 2.5815 -0.00924778 0.00786185 0.999549 0.827469 0.00232031 0.66288 0.00103358 0.000397 0.000558946 0.00413256 -0.0334348 0.0036333 -0.00111565 0.00148316 -0.0011054 -0.149379 0.00456731 -0.128813 -0.00784817 -0.106941 0.000913926 0.00047213 0.000730344 0.00136528 
1.74304 0.02 2.6737 -0.00957806 0.00814263 0.999533 0.857022 0.00240318 0.686554 0.00107049 0.000411178 0.000578908 0.00428015 -0.0346289 0.00376306 -0.00115549 0.00153613 -0.00114487 -0.154714 0.00473043 -0.133414 -0.00812846 -0.11076 0.000946566 0.000488991 0.000756427 0.00141404 
1.89999 0.02 2.76589 -0.00990834 0.00842341 0.999516 0.886574 0.00248605 0.710229 0.00110741 0.000425357 0.000598871 0.00442774 -0.035823 0.00389283 -0.00119534 0.0015891 -0.00118435 -0.160049 0.00489355 -0.138014 -0.00840875 -0.114579 0.000979207 0.000505853 0.000782511 0.0014628 
1.723 0.02 2.85809 -0.0102386 0.00870419 0.9995 0.916127 0.00256892 0.733903 0.00114432 0.000439535 0.000618833 0.00457533 -0.0370171 0.00402259 -0.00123518 0.00164207 -0.00122383 -0.165384 0.00505666 -0.142615 -0.00868905 -0.118398 0.00101185 0.000522715 0.000808595 0.00151156 
1.33175 0.02 2.95029 -0.0105689 0.00898497 0.999484 0.945679 0.00265179 0.757577 0.00118124 0.000453714 0.000638796 0.00472293 -0.0382112 0.00415235 -0.00127502 0.00169504 -0.00126331 -0.170719 0.00521978 -0.147215 -0.00896934 -0.122218 0.00104449 0.000539577 0.000834679 0.00156032 
1.9615 0.02 3.04248 -0.0108992 0.00926575 0.999468 0.975232 0.00273465 0.781251 0.00121815 0.000467892 0.000658758 0.00487052 -0.0394053 0.00428211 -0.00131487 0.00174801 -0.00130279 -0.176054 0.0053829 -0.151816 -0.00924963 -0.126037 0.00107713 0.000556439 0.000860762 0.00160908 
1.0719 0.02 3.13468 -0.0112294 0.00954653 0.999452 1.00478 0.00281752 0.804926 0.00125506 0.000482071 0.00067872 0.00501811 -0.0405994 0.00441187 -0.00135471 0.00180098 -0.00134227 -0.181389 0.00554602 -0.156416 -0.00952992 -0.129856 0.00110977 0.0005733 0.000886846 0.00165784 
1.23218 0.02 3.22688 -0.0115597 0.00982731 0.999436 1.03434 0.00290039 0.8286 0.00129198 0.000496249 0.000698683 0.0051657 -0.0417935 0.00454163 -0.00139456 0.00185395 -0.00138174 -0.186724 0.00570914 -0.161017 -0.00981021 -0.133676 0.00114241 0.000590162 0.00091293 0.0017066 
1.23332 0.02 3.31907 -0.01189 0.0101081 0.99942 1.06389 0.00298326 0.852274 0.00132889 0.000510428 0.000718645 0.00531329 -0.0429876 0.00467139 -0.0014344 0.00190692 -0.00142122 -0.192059 0.00587226 -0.165617 -0.0100905 -0.137495 0.00117505 0.000607024 0.000939013 0.00175536 
1.00812 0.02 3.41127 -0.0122203 0.0103889 0.999404 1.09344 0.00306613 0.875949 0.0013658 0.000524607 0.000738607 0.00546088 -0.0441817 0.00480115 -0.00147425 0.00195989 -0.0014607 -0.197394 0.00603537 -0.170218 -0.0103708 -0.141314 0.00120769 0.000623886 0.000965097 0.00180412 
1.42326 0.02 3.50347 -0.0125506 0.0106697 0.999388 1.12299 0.003149 0.899623 0.00140272 0.000538785 0.00075857 0.00560847 -0.0453758 0.00493091 -0.00151409 0.00201286 -0.00150018 -0.202729 0.00619849 -0.174818 -0.0106511 -0.145134 0.00124033 0.000640747 0.000991181 0.00185288 
1.67372 0.02 3.59566 -0.0128808 0.0109504 0.999371 1.15255 0.00323186 0.923297 0.00143963 0.000552964 0.000778532 0.00575607 -0.0465699 0.00506067 -0.00155394 0.00206583 -0.00153966 -0.208064 0.00636161 -0.179419 -0.0109314 -0.148953 0.00127297 0.000657609 0.00101726 0.00190164 
1.21956 0.02 3.68786 -0.0132111 0.0112312 0.999355 1.1821 0.00331473 0.946971 0.00147654 0.000567142 0.000798494 0.00590366 -0.047764 0.00519043 -0.00159378 0.0021188 -0.00157914 -0.213399 0.00652473 -0.184019 -0.0112117 -0.152772 0.00130561 0.000674471 0.00104335 0.0019504 
