#1 rho_s 
#2 coeffs 
4.41939 0.02 0 0 1 0 0 0 0 0 0 0 0 0 0 0 0 0 
4.59322 0.02 0 6.51166e-05 1.00554 8.01626e-05 0 0 0 0 0 -5.57489e-05 2.01335e-05 -6.83473e-05 -0.00832362 -7.53712e-05 -4.4043e-05 0.000105601 
4.7722 0.02 0 0.000123082 1.01108 0.000162 0 0 0 0 0 -0.00011423 5.10662e-05 -0.000130535 -0.0166613 -0.000152463 -8.61472e-05 0.000244704 
4.962 0.02 0 0.000179257 1.01662 0.000245251 0 0 0 0 0 -0.000173354 8.63235e-05 -0.00019139 -0.0250179 -0.000231305 -0.000128255 0.000398312 
5.16347 0.02 0 0.000234984 1.02216 0.000329926 0 0 0 0 0 -0.000232384 0.000124364 -0.000252142 -0.0333988 -0.000312006 -0.00017091 0.000561895 
5.37769 0.02 0 0.00029084 1.02773 0.000416081 0 0 0 0 0 -0.000290782 0.000164636 -0.000313333 -0.0418094 -0.00039469 -0.00021434 0.000733694 
5.60568 0.02 0 0.000347083 1.03331 0.000503825 0 0 0 0 0 -0.000348093 0.000206931 -0.00037523 -0.0502553 -0.000479518 -0.000258698 0.000912841 
5.95856 0.02 0 0.000403961 1.03891 0.000593308 0 0 0 0 0 -0.000403816 0.000251173 -0.000438086 -0.058742 -0.00056669 -0.000304096 0.00109888 
6.19307 0.02 0 0.000411958 1.04453 0.000639551 0 0 0 0 0 -0.000501464 0.000284146 -0.000453748 -0.0672807 -0.000613617 -0.000345329 0.00130402 
6.48015 0.02 0 0.000371881 1.05019 0.00065477 0 0 0 0 0 -0.000609196 0.000306426 -0.000423351 -0.0758735 -0.000631742 -0.000380921 0.00152643 
6.78823 0.02 0 0.000291793 1.05588 0.000644333 0 0 0 0 0 -0.000726023 0.000320351 -0.00035462 -0.0845249 -0.000626112 -0.000412288 0.00176824 
7.11949 0.02 0 0.000176763 1.06161 0.000611748 0 0 0 0 0 -0.000851657 0.000327579 -0.000252347 -0.0932396 -0.000599981 -0.000440447 0.00203161 
7.47652 0.02 0 2.98032e-05 1.06738 0.000559367 0 0 0 0 0 -0.000986233 0.000329327 -0.000119308 -0.102022 -0.000555478 -0.000466155 0.00231877 
7.86214 0.02 0 -0.00014744 1.07321 0.000488472 0 0 0 0 0 -0.00113045 0.0003265 4.30677e-05 -0.110878 -0.000493719 -0.00048997 0.00263212 
8.40772 0.02 0 -0.000354447 1.07908 0.00039976 0 0 0 0 0 -0.00128527 0.000319798 0.000234459 -0.119811 -0.000415244 -0.000512323 0.00297418 
8.80597 0.02 0 -0.00051166 1.08502 0.000308689 0 0 0 0 0 -0.00141986 0.000312727 0.000381103 -0.128837 -0.000334329 -0.000528454 0.00327598 
9.3004 0.02 0 -0.000627661 1.09101 0.000216778 0 0 0 0 0 -0.00153493 0.000302203 0.000490924 -0.137955 -0.000252401 -0.000535281 0.00355626 
9.84034 0.02 0 -0.000711636 1.09708 0.000123004 0 0 0 0 0 -0.00163495 0.000288473 0.000572437 -0.147169 -0.00016842 -0.000533974 0.00381989 
10.4319 0.02 0 -0.000770975 1.10321 2.65235e-05 0 0 0 0 0 -0.0017236 0.000271731 0.000632444 -0.156485 -8.15165e-05 -0.000525425 0.00407066 
11.0824 0.02 0 -0.000811746 1.10943 -7.34335e-05 0 0 0 0 0 -0.00180387 0.00025213 0.000676493 -0.165906 9.10951e-06 -0.000510343 0.00431144 
11.8008 0.02 0 -0.000838975 1.11572 -0.000177563 0 0 0 0 0 -0.0018783 0.000229799 0.000709158 -0.175438 0.000104196 -0.000489268 0.00454441 
12.7001 0.02 0 -0.000856931 1.12209 -0.000286535 0 0 0 0 0 -0.00194902 0.000204843 0.000734311 -0.185084 0.00020447 -0.000462626 0.00477119 
13.5033 0.02 0 -0.000925945 1.12855 -0.000347238 0 0 0 0 0 -0.00200376 0.000180502 0.000809641 -0.194853 0.000259838 -0.000431181 0.00498975 
14.5003 0.02 0 -0.00104829 1.13509 -0.000359141 0 0 0 0 0 -0.00205827 0.00015473 0.000937004 -0.204745 0.000270055 -0.000400838 0.00517714 
15.6267 0.02 0 -0.00121949 1.14172 -0.000329542 0 0 0 0 0 -0.00211286 0.000127884 0.00111266 -0.214764 0.000241856 -0.000371372 0.00533581 
16.9112 0.02 0 -0.00143614 1.14844 -0.000264391 0 0 0 0 0 -0.00216804 0.000100302 0.00133423 -0.224916 0.000180589 -0.000342587 0.00546718 
18.399 0.02 0 -0.00169546 1.15524 -0.000168687 0 0 0 0 0 -0.00222447 7.23425e-05 0.00160054 -0.235207 9.05807e-05 -0.000314373 0.00557171 
21.013 0.02 0 -0.00199413 1.16212 -4.70307e-05 0 0 0 0 0 -0.00228286 4.44135e-05 0.00191137 -0.245646 -2.44403e-05 -0.000286695 0.00564905 
23.6717 0.02 0 -0.00221478 1.169 -1.18077e-05 0 0 0 0 0 -0.00235956 2.69893e-05 0.00216506 -0.256251 -5.97791e-05 -0.000264893 0.00570571 
26.1475 0.02 0 -0.00234092 1.17514 -4.37934e-05 0 0 0 0 0 -0.00243997 1.91668e-05 0.00236911 -0.266675 -3.55707e-05 -0.000246958 0.00574277 
27.4494 0.02 0 -0.00244895 1.18116 -0.00013612 0 0 0 0 0 -0.00255423 1.62098e-05 0.0025564 -0.275828 4.50031e-05 -0.000227799 0.00578479 
30.0774 0.02 0 -0.00254162 1.18748 -0.000283894 0 0 0 0 0 -0.00269665 1.82478e-05 0.00271482 -0.285319 0.000179198 -0.000207571 0.00582706 
33.4868 0.02 0 -0.00261954 1.19406 -0.000481698 0 0 0 0 0 -0.002865 2.48091e-05 0.00284621 -0.295217 0.000361908 -0.000186366 0.00586902 
37.5294 0.02 0 -0.00268394 1.20085 -0.000725745 0 0 0 0 0 -0.00305892 3.53779e-05 0.00295462 -0.305493 0.000589501 -0.000164079 0.00591096 
43.1224 0.02 0 -0.0027069 1.20781 -0.000880147 0 0 0 0 0 -0.00323305 5.34725e-05 0.00301138 -0.316103 0.000735744 -0.000139672 0.005944 
50.2815 0.02 0 -0.00268321 1.2149 -0.000938711 0 0 0 0 0 -0.00335973 7.91229e-05 0.00301489 -0.326987 0.000794691 -0.000111815 0.00596397 
59.8626 0.02 0 -0.00262268 1.22206 -0.000918207 0 0 0 0 0 -0.00345048 0.000112573 0.00297686 -0.338077 0.00078178 -8.03738e-05 0.0059733 
73.0866 0.02 0 -0.00253413 1.22922 -0.000833824 0 0 0 0 0 -0.00351479 0.000153371 0.00290774 -0.349285 0.000710734 -4.56042e-05 0.00597382 
91.965 0.02 0 -0.00242616 1.23631 -0.000700329 0 0 0 0 0 -0.00356033 0.000200007 0.00281751 -0.360511 0.00059465 -8.27869e-06 0.00596722 
110.867 0.02 0 -0.00230717 1.24325 -0.000532695 0 0 0 0 0 -0.00359322 0.000249401 0.00271571 -0.371647 0.000446645 3.02265e-05 0.00595516 
149.616 0.02 0 -0.00217999 1.25008 -0.000370265 0 0 0 0 0 -0.00361931 0.000296049 0.00260958 -0.382748 0.000303656 7.86494e-05 0.00593038 
207.714 0.02 0 -0.00206556 1.25673 -0.000184787 0 0 0 0 0 -0.00363081 0.000347953 0.00251708 -0.393688 0.000140086 0.000139141 0.00591751 
269.673 0.02 0 -0.00195681 1.26331 1.16614e-05 0 0 0 0 0 -0.00363389 0.000399934 0.00242983 -0.404658 -3.16553e-05 0.00020143 0.00590835 
254.051 0.02 0 -0.00183926 1.27012 0.00023566 0 0 0 0 0 -0.00363714 0.000455993 0.00233141 -0.416087 -0.000225823 0.000237784 0.00589945 
210.969 0.02 0 -0.00175953 1.27317 0.000405801 0 0 0 0 0 -0.00364378 0.000495976 0.00225645 -0.421171 -0.000373547 0.000229881 0.00589896 
210.776 0.02 0 -0.00171344 1.27322 0.000522334 0 0 0 0 0 -0.00365095 0.000519421 0.00220566 -0.421168 -0.000474969 0.000214948 0.005905 
238.342 0.02 0 -0.00168699 1.27145 0.000608276 0 0 0 0 0 -0.00365863 0.000533301 0.00216879 -0.418073 -0.000549685 0.000195545 0.0059151 
270.786 0.02 0 -0.00167189 1.26852 0.0006783 0 0 0 0 0 -0.00366748 0.000542569 0.00213914 -0.413029 -0.000610111 0.000163356 0.00592787 
277.88 0.02 0 -0.00165786 1.26519 0.00075085 0 0 0 0 0 -0.0036779 0.000552304 0.00210801 -0.407316 -0.000672133 0.000110372 0.00594185 
262.329 0.02 0 -0.0016335 1.26247 0.000845023 0 0 0 0 0 -0.00368803 0.00056628 0.00206727 -0.402656 -0.000752735 4.65872e-05 0.00595518 
248.296 0.02 0 -0.00159421 1.26091 0.000967917 0 0 0 0 0 -0.0036953 0.000585515 0.00201498 -0.399992 -0.000858803 -1.2142e-05 0.005967 
244.66 0.02 0 -0.00154059 1.26053 0.00111848 0 0 0 0 0 -0.00369877 0.000609616 0.00195224 -0.39934 -0.000989906 -6.00249e-05 0.00597749 
251.118 0.02 0 -0.00147429 1.26117 0.001294 0 0 0 0 0 -0.00369851 0.00063784 0.00188025 -0.400437 -0.00114385 -9.74613e-05 0.00598702 
264.305 0.02 0 -0.00139695 1.26264 0.0014916 0 0 0 0 0 -0.00369509 0.000669414 0.00179989 -0.402961 -0.00131803 -0.000127936 0.00599588 
276.901 0.02 0 -0.00131063 1.2647 0.0017077 0 0 0 0 0 -0.00368955 0.000703596 0.00171204 -0.406481 -0.00150897 -0.000157948 0.00600448 
278.893 0.02 0 -0.00121906 1.26692 0.00193579 0 0 0 0 0 -0.0036836 0.000739509 0.00161882 -0.410302 -0.00171025 -0.000196882 0.00601353 
269.504 0.02 0 -0.00112927 1.26872 0.0021631 0 0 0 0 0 -0.00367921 0.00077542 0.00152551 -0.413407 -0.00190953 -0.00025189 0.00602388 
261.299 0.02 0 -0.00104877 1.2696 0.00237507 0 0 0 0 0 -0.00367743 0.000808931 0.00143874 -0.414942 -0.00209297 -0.000321754 0.00603604 
262.823 0.02 0 -0.00098021 1.26944 0.00256602 0 0 0 0 0 -0.00367831 0.000838969 0.00136125 -0.414702 -0.00225519 -0.000402234 0.00604996 
271.655 0.02 0 -0.000921473 1.26841 0.00273972 0 0 0 0 0 -0.00368143 0.000866252 0.00129146 -0.412984 -0.0023997 -0.000492087 0.00606538 
279.287 0.02 0 -0.000867342 1.26686 0.00290626 0 0 0 0 0 -0.00368598 0.00089257 0.00122484 -0.410374 -0.00253599 -0.000592117 0.00608205 
279.726 0.02 0 -0.000810967 1.26523 0.00307908 0 0 0 0 0 -0.00369046 0.000919807 0.00115553 -0.407643 -0.00267707 -0.000700866 0.00609972 
275.285 0.02 0 -0.000746403 1.26395 0.00326997 0 0 0 0 0 -0.0036928 0.000949073 0.00107872 -0.405511 -0.00283482 -0.000812718 0.00611815 
271.649 0.02 0 -0.000670501 1.26327 0.00348547 0 0 0 0 0 -0.00369128 0.000980643 0.000992052 -0.404404 -0.00301619 -0.000921723 0.00613726 
271.858 0.02 0 -0.000582562 1.26325 0.00372735 0 0 0 0 0 -0.00368508 0.00101439 0.000895107 -0.404422 -0.00322328 -0.00102501 0.00615708 
275.498 0.02 0 -0.000483374 1.26381 0.00399426 0 0 0 0 0 -0.00367431 0.00105006 0.000788481 -0.405442 -0.0034548 -0.00112311 0.00617778 
279.76 0.02 0 -0.000374837 1.26479 0.00428245 0 0 0 0 0 -0.00365979 0.00108743 0.000673595 -0.407181 -0.00370673 -0.00121911 0.00619957 
281.283 0.02 0 -0.000260171 1.26594 0.0045853 0 0 0 0 0 -0.00364297 0.00112616 0.000553019 -0.409206 -0.00397194 -0.00131751 0.00622265 
279.236 0.02 0 -0.000144016 1.26693 0.00489314 0 0 0 0 0 -0.00362561 0.0011657 0.000430771 -0.410984 -0.00424017 -0.00142205 0.0062471 
276.503 0.02 0 -3.11977e-05 1.26751 0.00519579 0 0 0 0 0 -0.0036092 0.00120523 0.000311321 -0.41204 -0.00450073 -0.001534 0.00627282 
276.312 0.02 0 7.54843e-05 1.26753 0.00548718 0 0 0 0 0 -0.00359443 0.00124419 0.000197436 -0.412144 -0.00474734 -0.00165264 0.00629961 
278.812 0.02 0 0.000176455 1.26703 0.00576815 0 0 0 0 0 -0.00358106 0.00128267 8.8854e-05 -0.411361 -0.00498077 -0.00177703 0.00632745 
281.516 0.02 0 0.000275023 1.26618 0.00604584 0 0 0 0 0 -0.00356795 0.00132133 -1.74481e-05 -0.409993 -0.00520828 -0.00190634 0.00635652 
282.243 0.02 0 0.000376075 1.26525 0.00633101 0 0 0 0 0 -0.00355322 0.00136098 -0.000126005 -0.408474 -0.00544108 -0.00203897 0.00638721 
281.2 0.02 0 0.000484317 1.26447 0.00663437 0 0 0 0 0 -0.00353473 0.0014021 -0.000241163 -0.40723 -0.00569054 -0.00217214 0.0064199 
280.142 0.02 0 0.000602906 1.26403 0.00696342 0 0 0 0 0 -0.00351068 0.0014448 -0.00036582 -0.406552 -0.00596488 -0.00230298 0.00645488 
280.348 0.02 0 0.000733058 1.26397 0.00732141 0 0 0 0 0 -0.00348013 0.00148899 -0.000501104 -0.406547 -0.00626775 -0.00242994 0.00649235 
281.714 0.02 0 0.000874302 1.26428 0.00770761 0 0 0 0 0 -0.00344301 0.00153462 -0.000646594 -0.407152 -0.0065983 -0.00255319 0.00653241 
283.113 0.02 0 0.00102473 1.26482 0.00811781 0 0 0 0 0 -0.00340014 0.00158168 -0.00080051 -0.408166 -0.00695175 -0.00267432 0.00657505 
283.47 0.02 0 0.0011812 1.26542 0.00854477 0 0 0 0 0 -0.00335297 0.00163017 -0.000959848 -0.409293 -0.00731989 -0.00279548 0.0066201 
282.839 0.02 0 0.00133991 1.2659 0.00897964 0 0 0 0 0 -0.00330319 0.00167998 -0.00112086 -0.410211 -0.00769281 -0.00291838 0.00666722 
282.298 0.02 0 0.00149757 1.26612 0.0094147 0 0 0 0 0 -0.0032522 0.00173091 -0.00128021 -0.410671 -0.0080619 -0.00304373 0.00671604 
282.701 0.02 0 0.00165273 1.26601 0.00984653 0 0 0 0 0 -0.00320054 0.00178287 -0.00143636 -0.410577 -0.00842332 -0.00317141 0.00676639 
283.806 0.02 0 0.00180634 1.26562 0.0102775 0 0 0 0 0 -0.00314761 0.00183602 -0.00159019 -0.410004 -0.00877949 -0.00330087 0.00681845 
284.731 0.02 0 0.00196135 1.26507 0.010715 0 0 0 0 0 -0.0030918 0.00189066 -0.00174461 -0.409162 -0.00913834 -0.0034312 0.00687278 
284.962 0.02 0 0.00212158 1.26452 0.0111687 0 0 0 0 0 -0.00303086 0.00194701 -0.00190346 -0.408317 -0.00951048 -0.00356104 0.00693013 
284.796 0.02 0 0.00229041 1.26411 0.0116477 0 0 0 0 0 -0.00296256 0.00200512 -0.00207016 -0.407705 -0.00990587 -0.00368885 0.00699119 
284.835 0.02 0 0.00246989 1.26391 0.0121578 0 0 0 0 0 -0.00288528 0.00206493 -0.00224684 -0.407469 -0.0103311 -0.00381344 0.00705647 
285.349 0.02 0 0.0026605 1.26394 0.0127007 0 0 0 0 0 -0.00279834 0.00212643 -0.00243399 -0.407633 -0.0107881 -0.00393442 0.00712628 
261.158 0.02 0 0.00286122 1.26416 0.0132743 0 0 0 0 0 -0.00270214 0.00218973 -0.00263057 -0.408112 -0.0112741 -0.00405221 0.00720066 
267.13 0.02 0 0.00305013 1.26495 0.0138087 0 0 0 0 0 -0.00261085 0.00223244 -0.00281842 -0.409556 -0.011737 -0.00414768 0.00727564 
269.398 0.02 0 0.00323274 1.26603 0.0143139 0 0 0 0 0 -0.00253533 0.00226107 -0.00300125 -0.411504 -0.0121806 -0.00422053 0.00734666 
268.023 0.02 0 0.00340944 1.26706 0.0147903 0 0 0 0 0 -0.0024702 0.00227628 -0.00317761 -0.413373 -0.012599 -0.00427153 0.00741374 
265.19 0.02 0 0.00357952 1.26771 0.0152347 0 0 0 0 0 -0.0024116 0.00227915 -0.00334488 -0.414585 -0.0129823 -0.00430202 0.00747622 
264.576 0.02 0 0.00374231 1.26778 0.0156444 0 0 0 0 0 -0.00235753 0.0022712 -0.00350117 -0.414812 -0.0133244 -0.00431416 0.00753368 
266.788 0.02 0 0.00389846 1.2673 0.0160224 0 0 0 0 0 -0.00230731 0.00225359 -0.0036471 -0.414086 -0.0136277 -0.00430987 0.00758656 
269.253 0.02 0 0.00405 1.26645 0.016377 0 0 0 0 0 -0.00226098 0.00222685 -0.00378567 -0.412737 -0.0139031 -0.00429043 0.00763626 
269.681 0.02 0 0.0041995 1.26553 0.0167193 0 0 0 0 0 -0.00221898 0.00219148 -0.00392114 -0.411258 -0.0141661 -0.00425713 0.00768484 
268.513 0.02 0 0.0043492 1.26481 0.0170593 0 0 0 0 0 -0.00218169 0.00214848 -0.00405744 -0.410126 -0.0144317 -0.00421186 0.00773448 
267.662 0.02 0 0.00450056 1.26446 0.0174041 0 0 0 0 0 -0.002149 0.0020991 -0.00419722 -0.40964 -0.0147101 -0.00415668 0.00778681 
268.171 0.02 0 0.00465441 1.26454 0.0177569 0 0 0 0 0 -0.00212024 0.00204427 -0.00434163 -0.409873 -0.0150055 -0.00409306 0.00784262 
269.473 0.02 0 0.00481105 1.26496 0.018118 0 0 0 0 0 -0.00209434 0.00198447 -0.00449048 -0.410698 -0.0153164 -0.00402161 0.00790181 
270.199 0.02 0 0.00497017 1.26556 0.0184843 0 0 0 0 0 -0.00207018 0.00191979 -0.00464232 -0.411833 -0.0156361 -0.00394236 0.00796345 
269.701 0.02 0 0.00513081 1.26613 0.0188506 0 0 0 0 0 -0.00204685 0.00185035 -0.00479463 -0.412911 -0.0159547 -0.00385533 0.00802607 
268.803 0.02 0 0.00529171 1.26646 0.019211 0 0 0 0 0 -0.00202384 0.00177662 -0.00494465 -0.413593 -0.0162618 -0.00376101 0.00808814 
268.727 0.02 0 0.00545206 1.26646 0.019562 0 0 0 0 0 -0.00200097 0.00169926 -0.00509071 -0.413694 -0.0165517 -0.00366027 0.00814881 
269.603 0.02 0 0.00561217 1.26613 0.0199049 0 0 0 0 0 -0.00197805 0.00161876 -0.00523318 -0.413238 -0.0168256 -0.00355386 0.00820824 
270.502 0.02 0 0.0057736 1.2656 0.0202452 0 0 0 0 0 -0.00195475 0.00153542 -0.00537445 -0.412433 -0.0170914 -0.00344226 0.00826768 
270.692 0.02 0 0.00593855 1.26504 0.020591 0 0 0 0 0 -0.00193051 0.00144958 -0.00551807 -0.411582 -0.0173607 -0.00332607 0.00832903 
270.392 0.02 0 0.00610916 1.26462 0.02095 0 0 0 0 0 -0.00190468 0.00136175 -0.0056675 -0.410967 -0.017645 -0.00320611 0.0083942 
270.273 0.02 0 0.00628696 1.26443 0.0213273 0 0 0 0 0 -0.00187657 0.00127249 -0.0058251 -0.410759 -0.0179516 -0.00308325 0.00846452 
270.624 0.02 0 0.0064726 1.2645 0.0217246 0 0 0 0 0 -0.00184569 0.0011822 -0.0059917 -0.410986 -0.0182827 -0.00295798 0.00854042 
