#1 rho_s 
#2 coeffs 
108.021 0.02 0 1 0 1 0 0 0 0 0 0 0 0 0 0 0 0 0 0 0 0 0 0 0 0 0 
106.21 0.02 0.00874045 0.999988 4.8716e-05 1.00001 -3.03679e-06 0.00011888 -0.00275697 -0.00012536 -0.00370292 2.23852e-06 -4.86039e-06 1.45905e-05 -4.87355e-05 1.04347e-06 6.43657e-05 9.34135e-06 -0.00103434 4.36596e-05 -9.24718e-06 7.04857e-05 0.000790607 -6.85789e-05 0.00073735 4.94639e-05 -2.5493e-06 
102.228 0.02 0.0174809 0.999975 9.7432e-05 1.00001 -6.07357e-06 0.000237761 -0.00551394 -0.000250721 -0.00740584 4.47705e-06 -9.72079e-06 2.91809e-05 -9.7471e-05 2.08693e-06 0.000128731 1.86827e-05 -0.00206868 8.73192e-05 -1.84944e-05 0.000140971 0.00158121 -0.000137158 0.0014747 9.89278e-05 -5.0986e-06 
93.3182 0.02 0.0262214 0.999963 0.000146148 1.00002 -9.11036e-06 0.000356641 -0.0082709 -0.000376081 -0.0111088 6.71557e-06 -1.45812e-05 4.37714e-05 -0.000146206 3.1304e-06 0.000193097 2.80241e-05 -0.00310302 0.000130979 -2.77415e-05 0.000211457 0.00237182 -0.000205737 0.00221205 0.000148392 -7.64791e-06 
82.4533 0.02 0.0349618 0.99995 0.000194864 1.00003 -1.21471e-05 0.000475522 -0.0110279 -0.000501442 -0.0148117 8.9541e-06 -1.94416e-05 5.83618e-05 -0.000194942 4.17386e-06 0.000257463 3.73654e-05 -0.00413736 0.000174638 -3.69887e-05 0.000281943 0.00316243 -0.000274316 0.0029494 0.000197856 -1.01972e-05 
71.2591 0.02 0.0437023 0.999938 0.00024358 1.00004 -1.51839e-05 0.000594402 -0.0137848 -0.000626802 -0.0185146 1.11926e-05 -2.4302e-05 7.29523e-05 -0.000243677 5.21733e-06 0.000321828 4.67068e-05 -0.0051717 0.000218298 -4.62359e-05 0.000352429 0.00395303 -0.000342894 0.00368675 0.00024732 -1.27465e-05 
63.4802 0.02 0.0524427 0.999925 0.000292296 1.00004 -1.82207e-05 0.000713283 -0.0165418 -0.000752163 -0.0222175 1.34311e-05 -2.91624e-05 8.75427e-05 -0.000292413 6.2608e-06 0.000386194 5.60481e-05 -0.00620604 0.000261958 -5.54831e-05 0.000422914 0.00474364 -0.000411473 0.0044241 0.000296783 -1.52958e-05 
64.1192 0.02 0.0611832 0.999913 0.000341012 1.00005 -2.12575e-05 0.000832163 -0.0192988 -0.000877523 -0.0259204 1.56697e-05 -3.40228e-05 0.000102133 -0.000341148 7.30426e-06 0.00045056 6.53895e-05 -0.00724038 0.000305617 -6.47302e-05 0.0004934 0.00553425 -0.000480052 0.00516145 0.000346247 -1.78451e-05 
67.0396 0.02 0.0699236 0.9999 0.000389728 1.00006 -2.42943e-05 0.000951043 -0.0220557 -0.00100288 -0.0296233 1.79082e-05 -3.88831e-05 0.000116724 -0.000389884 8.34773e-06 0.000514925 7.47308e-05 -0.00827472 0.000349277 -7.39774e-05 0.000563886 0.00632485 -0.000548631 0.0058988 0.000395711 -2.03944e-05 
71.4905 0.02 0.0786641 0.999888 0.000438444 1.00007 -2.73311e-05 0.00106992 -0.0248127 -0.00112824 -0.0333263 2.01467e-05 -4.37435e-05 0.000131314 -0.000438619 9.3912e-06 0.000579291 8.40722e-05 -0.00930906 0.000392936 -8.32246e-05 0.000634372 0.00711546 -0.00061721 0.00663615 0.000445175 -2.29437e-05 
75.9443 0.02 0.0874045 0.999875 0.00048716 1.00007 -3.03679e-05 0.0011888 -0.0275697 -0.0012536 -0.0370292 2.23852e-05 -4.86039e-05 0.000145905 -0.000487355 1.04347e-05 0.000643657 9.34135e-05 -0.0103434 0.000436596 -9.24718e-05 0.000704857 0.00790607 -0.000685789 0.0073735 0.000494639 -2.5493e-05 
82.148 0.02 0.096145 0.999863 0.000535876 1.00008 -3.34046e-05 0.00130768 -0.0303266 -0.00137897 -0.0407321 2.46238e-05 -5.34643e-05 0.000160495 -0.00053609 1.14781e-05 0.000708023 0.000102755 -0.0113777 0.000480255 -0.000101719 0.000775343 0.00869668 -0.000754368 0.00811085 0.000544103 -2.80423e-05 
86.0045 0.02 0.104885 0.99985 0.000584592 1.00009 -3.64414e-05 0.00142657 -0.0330836 -0.00150433 -0.044435 2.68623e-05 -5.83247e-05 0.000175085 -0.000584826 1.25216e-05 0.000772388 0.000112096 -0.0124121 0.000523915 -0.000110966 0.000845829 0.00948728 -0.000822947 0.0088482 0.000593567 -3.05916e-05 
89.5323 0.02 0.113626 0.999838 0.000633308 1.0001 -3.94782e-05 0.00154545 -0.0358406 -0.00162969 -0.0481379 2.91008e-05 -6.31851e-05 0.000189676 -0.000633561 1.35651e-05 0.000836754 0.000121438 -0.0134464 0.000567575 -0.000120213 0.000916315 0.0102779 -0.000891525 0.00958555 0.000643031 -3.31409e-05 
92.9851 0.02 0.122366 0.999825 0.000682024 1.0001 -4.2515e-05 0.00166433 -0.0385976 -0.00175505 -0.0518409 3.13393e-05 -6.80455e-05 0.000204266 -0.000682297 1.46085e-05 0.00090112 0.000130779 -0.0144808 0.000611234 -0.00012946 0.0009868 0.0110685 -0.000960104 0.0103229 0.000692495 -3.56902e-05 
94.9086 0.02 0.131107 0.999813 0.00073074 1.00011 -4.55518e-05 0.00178321 -0.0413545 -0.00188041 -0.0555438 3.35779e-05 -7.29059e-05 0.000218857 -0.000731032 1.5652e-05 0.000965485 0.00014012 -0.0155151 0.000654894 -0.000138708 0.00105729 0.0118591 -0.00102868 0.0110603 0.000741959 -3.82395e-05 
95.3409 0.02 0.139847 0.9998 0.000779456 1.00012 -4.85886e-05 0.00190209 -0.0441115 -0.00200577 -0.0592467 3.58164e-05 -7.77663e-05 0.000233447 -0.000779768 1.66955e-05 0.00102985 0.000149462 -0.0165494 0.000698553 -0.000147955 0.00112777 0.0126497 -0.00109726 0.0117976 0.000791423 -4.07888e-05 
97.1386 0.02 0.148588 0.999788 0.000828172 1.00013 -5.16254e-05 0.00202097 -0.0468685 -0.00213113 -0.0629496 3.80549e-05 -8.26267e-05 0.000248038 -0.000828503 1.77389e-05 0.00109422 0.000158803 -0.0175838 0.000742213 -0.000157202 0.00119826 0.0134403 -0.00116584 0.012535 0.000840887 -4.33381e-05 
