#1 rho_s 
#2 coeffs 
13.6379 0.1 0.725247 0.000385821 -3.25263e-16 6.77686e-17 0.000387364 -2.31048e-18 -0.275988 -8.57257e-19 -4.66754e-16 0.000383423 1.08174e-18 -4.13809e-05 5.41691e-17 3.79446e-17 -1.45847e-18 1.33024e-15 0.00037783 -4.5057e-19 1.35144e-05 1.40857e-18 0.0113228 8.70419e-19 -4.11462e-18 -4.25571e-19 4.32554e-16 
0.97486 0.1 9.72525 6.52037 0.7666 4.26826 -6.70393 -3.24574 -9.27599 0.947756 -0.468595 -7.74117 -4.27009 -7.48749 3.85929 -5.94139 -4.6795 2.43088 -7.9601 -3.03245 -1.58814 3.03728 9.01132 5.07822 -4.2988 3.89648 5.03564 
1.12772 0.1 9.72525 2.79527 0.0883362 1.04245 -3.01278 -0.62528 -9.27599 0.11306 -0.051055 -4.53388 -1.04335 -4.11198 0.855784 -2.19644 -1.26214 0.39171 -4.92596 -0.556997 -0.214888 0.558484 9.01132 1.51078 -1.0576 0.871571 1.48239 
1.11107 0.1 9.72525 0.487578 0.00897564 0.12665 -0.550706 -0.0701525 -9.27599 0.0115393 -0.00515272 -1.18018 -0.126782 -0.967666 0.100303 -0.336802 -0.160059 0.0420736 -1.41121 -0.0616961 -0.0223307 0.061878 9.01132 0.201282 -0.128869 0.102463 0.196381 
0.826284 0.1 8.2736 0.053651 0.000899016 0.0129584 -0.0605874 -0.00710461 -8.14604 0.00115633 -0.00051575 -0.146955 -0.0129722 -0.115914 0.0102137 -0.0358111 -0.0164764 0.00423939 -0.184003 -0.00623865 -0.00222992 0.00625726 7.32188 0.0208762 -0.0131907 0.0104377 0.0203497 
1.21687 0.1 5.06066 0.00617126 9.67372e-05 0.00139737 -0.00624461 -0.000765329 -5.1603 0.000124431 -5.54927e-05 -0.0158927 -0.00139886 -0.0127692 0.00110086 -0.00387751 -0.00177786 0.000456445 -0.0201269 -0.000671941 -0.000227945 0.000673947 3.97433 0.00225438 -0.00142249 0.00112504 0.00219732 
1.81086 0.1 2.8287 0.00183152 2.41526e-05 0.000348954 -0.00127008 -0.000191101 -2.8474 3.10672e-05 -1.38549e-05 -0.00369015 -0.000349326 -0.00322519 0.000274896 -0.000968658 -0.000443995 0.000113968 -0.00475736 -0.00016778 -4.67727e-05 0.000168281 1.82895 0.00056304 -0.000355227 0.000280936 0.000548783 
0.174313 0.1 1.69101 0.000893034 8.47222e-06 0.000122411 -0.000194155 -6.70354e-05 -1.5271 1.08977e-05 -4.86e-06 -0.00104625 -0.000122541 -0.00115865 9.64307e-05 -0.000339826 -0.000155752 3.9978e-05 -0.00142468 -5.88545e-05 -7.63308e-06 5.90303e-05 0.816458 0.000197516 -0.000124611 9.85496e-05 0.000192514 
0.222896 0.1 1.16247 0.000590777 3.42327e-06 4.94617e-05 0.00015238 -2.70864e-05 -0.861371 4.40331e-06 -1.96372e-06 -0.000194346 -4.95144e-05 -0.000492883 3.8964e-05 -0.000137315 -6.29341e-05 1.61535e-05 -0.000350644 -2.37808e-05 4.96958e-06 2.38518e-05 0.369072 7.98098e-05 -5.03508e-05 3.98202e-05 7.77886e-05 
0.07557 0.1 0.922221 0.000473688 1.46756e-06 2.12045e-05 0.000286623 -1.1612e-05 -0.54414 1.88771e-06 -8.41853e-07 0.000135715 -2.12271e-05 -0.000234951 1.6704e-05 -5.88681e-05 -2.69802e-05 6.92505e-06 6.55056e-05 -1.01949e-05 9.85122e-06 1.02254e-05 0.171055 3.4215e-05 -2.15857e-05 1.70711e-05 3.33485e-05 
0.0757321 0.1 0.813299 0.000424241 6.41696e-07 9.27173e-06 0.000343315 -5.0774e-06 -0.396815 8.25406e-07 -3.68102e-07 0.000275109 -9.28161e-06 -0.000126022 7.30389e-06 -2.57404e-05 -1.17972e-05 3.028e-06 0.000241261 -4.45775e-06 1.19127e-05 4.47106e-06 0.0824297 1.49606e-05 -9.43839e-06 7.46438e-06 1.45817e-05 
0.280708 0.1 0.763905 0.000402522 2.78944e-07 4.03041e-06 0.000368216 -2.20714e-06 -0.329232 3.58803e-07 -1.60013e-07 0.000336338 -4.0347e-06 -7.81744e-05 3.17499e-06 -1.11893e-05 -5.12822e-06 1.31627e-06 0.000318463 -1.93778e-06 1.28181e-05 1.94356e-06 0.0424821 6.50337e-06 -4.10286e-06 3.24476e-06 6.33867e-06 
2.07034 0.1 0.741549 0.000392832 1.17107e-07 1.69206e-06 0.000379325 -9.26608e-07 -0.29848 1.50634e-07 -6.71773e-08 0.000363656 -1.69386e-06 -5.68278e-05 1.33294e-06 -4.69755e-06 -2.15295e-06 5.52599e-07 0.000352906 -8.13525e-07 1.32221e-05 8.15954e-07 0.0244516 2.73027e-06 -1.72248e-06 1.36223e-06 2.66112e-06 
23.2553 0.1 0.731639 0.000388565 4.58293e-08 6.6218e-07 0.000384218 -3.62624e-07 -0.284814 5.89498e-08 -2.62895e-08 0.000375687 -6.62885e-07 -4.7426e-05 5.21638e-07 -1.83836e-06 -8.42546e-07 2.16257e-07 0.000368076 -3.18369e-07 1.34e-05 3.1932e-07 0.0164689 1.06848e-06 -6.74083e-07 5.331e-07 1.04142e-06 
9.04294 0.1 0.723924 0.000384614 1.3243e-07 1.56393e-06 0.000386535 -9.35135e-07 -0.274311 3.69497e-07 3.89311e-07 0.000384168 5.22956e-07 -3.8971e-05 -6.00524e-07 -3.77332e-06 -8.38401e-07 1.1167e-07 0.000382594 4.52381e-08 9.78176e-06 1.02256e-06 0.00975568 -7.77039e-07 1.50732e-07 1.36936e-06 -7.76923e-07 
35.862 0.1 0.72879 0.000387107 7.77843e-08 9.94916e-07 0.000385073 -5.73875e-07 -0.280933 1.73539e-07 1.27063e-07 0.000378816 -2.25322e-07 -4.43062e-05 1.07572e-07 -2.55234e-06 -8.41017e-07 1.77665e-07 0.000373433 -1.84202e-07 1.20649e-05 5.7881e-07 0.0139897 3.875e-07 -3.69735e-07 8.41672e-07 3.70468e-07 
1.46384 0.1 0.744086 0.00039411 1.95887e-06 3.82354e-06 0.000377261 2.82634e-06 -0.302055 -2.73981e-06 2.41803e-07 0.000361319 -2.45935e-07 -6.32021e-05 -2.40805e-06 -1.17807e-05 -1.51208e-06 2.75252e-06 0.000346465 9.63756e-07 8.91896e-06 3.68575e-07 0.0259528 -1.76858e-07 -5.80937e-06 2.66274e-06 -5.23952e-06 
13.4843 0.1 0.733313 0.000389174 6.32889e-07 1.82963e-06 0.000382768 4.29519e-07 -0.287185 -6.86183e-07 1.60922e-07 0.000373653 -2.31405e-07 -4.98823e-05 -6.34783e-07 -5.27561e-06 -1.03904e-06 9.37498e-07 0.000365475 1.54557e-07 1.11366e-05 5.1677e-07 0.0175259 2.2096e-07 -1.97496e-06 1.37906e-06 -1.28502e-06 
36.2591 0.1 0.729733 0.000387538 1.93433e-07 1.16882e-06 0.000384593 -3.6483e-07 -0.282237 -5.57357e-09 1.34117e-07 0.000377741 -2.26589e-07 -4.54679e-05 -4.70887e-08 -3.1197e-06 -8.82273e-07 3.35967e-07 0.000371775 -1.13626e-07 1.18715e-05 5.65885e-07 0.0147268 3.52804e-07 -7.04162e-07 9.5363e-07 2.55672e-08 
36.9513 0.1 0.729353 0.000387288 2.04767e-07 1.2056e-06 0.000384786 -3.84957e-07 -0.281723 -1.40513e-08 1.25044e-07 0.000378174 -2.24693e-07 -4.49245e-05 -2.65444e-08 -3.20281e-06 -8.95323e-07 3.81527e-07 0.000372347 -1.40369e-07 1.18895e-05 5.33803e-07 0.0143796 3.9162e-07 -6.87111e-07 9.75728e-07 -1.2317e-08 
36.9643 0.1 0.729334 0.000386735 2.47953e-07 1.19057e-06 0.000384532 -4.17516e-07 -0.28178 -2.53835e-08 1.36747e-07 0.000377729 -2.01682e-07 -4.39898e-05 -5.89718e-08 -3.42477e-06 -8.62567e-07 2.48443e-07 0.000371831 -8.26049e-08 1.22232e-05 5.89653e-07 0.0139623 4.22983e-07 -6.34935e-07 9.95588e-07 2.57461e-08 
35.7954 0.1 0.729999 0.000386726 3.15411e-07 1.20301e-06 0.00038396 -3.81124e-07 -0.282754 -4.22477e-08 1.45635e-07 0.000376979 -2.01061e-07 -4.42028e-05 -3.46918e-08 -3.33268e-06 -9.50924e-07 3.20474e-07 0.000370232 -9.56953e-08 1.23548e-05 6.60945e-07 0.0142044 3.23012e-07 -7.86843e-07 8.73618e-07 6.22738e-08 
36.9721 0.1 0.729401 0.000386734 2.54698e-07 1.19182e-06 0.000384475 -4.13877e-07 -0.281877 -2.70699e-08 1.37636e-07 0.000377654 -2.0162e-07 -4.40111e-05 -5.65438e-08 -3.41557e-06 -8.71403e-07 2.55646e-07 0.000371671 -8.3914e-08 1.22363e-05 5.96782e-07 0.0139865 4.12986e-07 -6.50126e-07 9.83391e-07 2.93989e-08 
36.9794 0.1 0.7294 0.000386715 2.56128e-07 1.19443e-06 0.00038446 -4.13757e-07 -0.281881 -2.88819e-08 1.37899e-07 0.000377637 -2.05147e-07 -4.39749e-05 -5.31925e-08 -3.42532e-06 -8.70446e-07 2.54178e-07 0.000371648 -8.55615e-08 1.22496e-05 5.96577e-07 0.0139672 4.06309e-07 -6.47556e-07 9.76246e-07 2.8397e-08 
36.9857 0.1 0.729434 0.000386606 2.3499e-07 1.1601e-06 0.00038428 -4.20767e-07 -0.281983 -2.06088e-08 1.38325e-07 0.000377347 -1.8276e-07 -4.37717e-05 -5.19752e-08 -3.24566e-06 -8.81383e-07 2.50675e-07 0.000371244 -6.62104e-08 1.23247e-05 5.94945e-07 0.0138841 4.3872e-07 -6.5241e-07 9.4031e-07 1.52975e-08 
18.922 0.1 0.725994 0.000384443 3.09532e-07 1.4405e-06 0.000382249 -4.84661e-07 -0.278077 5.97297e-09 1.34246e-07 0.000376603 -4.40867e-07 -3.97511e-05 3.50076e-08 -3.32871e-06 -8.59028e-07 2.87619e-07 0.000371237 -4.40599e-07 1.27812e-05 5.95107e-07 0.0115708 1.50535e-06 -3.8912e-07 3.12942e-07 6.21645e-09 
36.6905 0.1 0.72909 0.00038639 2.42444e-07 1.18814e-06 0.000384077 -4.27156e-07 -0.281592 -1.79506e-08 1.37917e-07 0.000377273 -2.08571e-07 -4.33696e-05 -4.3277e-08 -3.25397e-06 -8.79147e-07 2.54369e-07 0.000371243 -1.03649e-07 1.23703e-05 5.94961e-07 0.0136527 5.45384e-07 -6.26081e-07 8.77573e-07 1.43894e-08 
36.985 0.1 0.7294 0.000386585 2.35735e-07 1.1629e-06 0.000384259 -4.21406e-07 -0.281944 -2.03429e-08 1.38284e-07 0.00037734 -1.85341e-07 -4.37314e-05 -5.11054e-08 -3.24649e-06 -8.81159e-07 2.51044e-07 0.000371244 -6.99543e-08 1.23292e-05 5.94946e-07 0.013861 4.49387e-07 -6.49777e-07 9.34036e-07 1.52067e-08 
36.9862 0.1 0.72942 0.000386597 2.353e-07 1.16126e-06 0.000384271 -4.21033e-07 -0.281966 -2.04982e-08 1.38308e-07 0.000377344 -1.83833e-07 -4.37549e-05 -5.16136e-08 -3.24601e-06 -8.8129e-07 2.50828e-07 0.000371244 -6.77672e-08 1.23266e-05 5.94946e-07 0.0138745 4.43156e-07 -6.51315e-07 9.37701e-07 1.52597e-08 
36.973 0.1 0.729425 0.000386595 2.35563e-07 1.16136e-06 0.000384261 -4.21115e-07 -0.281975 -2.05205e-08 1.38341e-07 0.000377329 -1.84888e-07 -4.37518e-05 -5.16764e-08 -3.24651e-06 -8.81334e-07 2.51134e-07 0.000371222 -6.86874e-08 1.23292e-05 5.94963e-07 0.0138729 4.45827e-07 -6.51322e-07 9.37575e-07 1.52066e-08 
36.9779 0.1 0.72942 0.000386597 2.35326e-07 1.16127e-06 0.00038427 -4.21041e-07 -0.281967 -2.05005e-08 1.38311e-07 0.000377342 -1.83939e-07 -4.37546e-05 -5.16198e-08 -3.24606e-06 -8.81294e-07 2.50859e-07 0.000371242 -6.78592e-08 1.23268e-05 5.94947e-07 0.0138743 4.43423e-07 -6.51315e-07 9.37689e-07 1.52544e-08 
36.9752 0.1 0.72942 0.000386597 2.35303e-07 1.16126e-06 0.000384271 -4.21034e-07 -0.281967 -2.04985e-08 1.38308e-07 0.000377344 -1.83844e-07 -4.37549e-05 -5.16142e-08 -3.24601e-06 -8.8129e-07 2.50831e-07 0.000371244 -6.77764e-08 1.23266e-05 5.94946e-07 0.0138745 4.43182e-07 -6.51315e-07 9.377e-07 1.52592e-08 
36.9834 0.1 0.72942 0.000386597 2.353e-07 1.16126e-06 0.000384271 -4.21033e-07 -0.281966 -2.04983e-08 1.38308e-07 0.000377344 -1.83834e-07 -4.37549e-05 -5.16136e-08 -3.24601e-06 -8.8129e-07 2.50828e-07 0.000371244 -6.77681e-08 1.23266e-05 5.94946e-07 0.0138745 4.43158e-07 -6.51315e-07 9.37701e-07 1.52597e-08 
36.9774 0.1 0.72942 0.000386597 2.353e-07 1.16126e-06 0.000384271 -4.21033e-07 -0.281966 -2.04982e-08 1.38308e-07 0.000377344 -1.83833e-07 -4.37549e-05 -5.16136e-08 -3.24601e-06 -8.8129e-07 2.50828e-07 0.000371244 -6.77673e-08 1.23266e-05 5.94946e-07 0.0138745 4.43156e-07 -6.51315e-07 9.37701e-07 1.52597e-08 
36.9859 0.1 0.72942 0.000386597 2.353e-07 1.16126e-06 0.000384271 -4.21033e-07 -0.281966 -2.04982e-08 1.38308e-07 0.000377344 -1.83833e-07 -4.37549e-05 -5.16136e-08 -3.24601e-06 -8.8129e-07 2.50828e-07 0.000371244 -6.77672e-08 1.23266e-05 5.94946e-07 0.0138745 4.43156e-07 -6.51315e-07 9.37701e-07 1.52597e-08 
36.9736 0.1 0.72942 0.000386597 2.353e-07 1.16126e-06 0.000384271 -4.21033e-07 -0.281966 -2.04982e-08 1.38308e-07 0.000377344 -1.83833e-07 -4.37549e-05 -5.16136e-08 -3.24601e-06 -8.8129e-07 2.50828e-07 0.000371244 -6.77672e-08 1.23266e-05 5.94946e-07 0.0138745 4.43156e-07 -6.51315e-07 9.37701e-07 1.52597e-08 
36.9805 0.1 0.72942 0.000386597 2.353e-07 1.16126e-06 0.000384271 -4.21033e-07 -0.281966 -2.04982e-08 1.38308e-07 0.000377344 -1.83833e-07 -4.37549e-05 -5.16136e-08 -3.24601e-06 -8.8129e-07 2.50828e-07 0.000371244 -6.77672e-08 1.23266e-05 5.94946e-07 0.0138745 4.43156e-07 -6.51315e-07 9.37701e-07 1.52597e-08 
36.9865 0.1 0.72942 0.000386597 2.353e-07 1.16126e-06 0.000384271 -4.21033e-07 -0.281966 -2.04982e-08 1.38308e-07 0.000377344 -1.83833e-07 -4.37549e-05 -5.16136e-08 -3.24601e-06 -8.8129e-07 2.50828e-07 0.000371244 -6.77672e-08 1.23266e-05 5.94946e-07 0.0138745 4.43156e-07 -6.51315e-07 9.37701e-07 1.52597e-08 
36.9851 0.1 0.72942 0.000386597 2.353e-07 1.16126e-06 0.000384271 -4.21033e-07 -0.281966 -2.04982e-08 1.38308e-07 0.000377344 -1.83833e-07 -4.37549e-05 -5.16136e-08 -3.24601e-06 -8.8129e-07 2.50828e-07 0.000371244 -6.77672e-08 1.23266e-05 5.94946e-07 0.0138745 4.43156e-07 -6.51315e-07 9.37701e-07 1.52597e-08 
36.9762 0.1 0.72942 0.000386597 2.353e-07 1.16126e-06 0.000384271 -4.21033e-07 -0.281966 -2.04982e-08 1.38308e-07 0.000377344 -1.83833e-07 -4.37549e-05 -5.16136e-08 -3.24601e-06 -8.8129e-07 2.50828e-07 0.000371244 -6.77672e-08 1.23266e-05 5.94946e-07 0.0138745 4.43156e-07 -6.51315e-07 9.37701e-07 1.52597e-08 
36.9836 0.1 0.72942 0.000386597 2.353e-07 1.16126e-06 0.000384271 -4.21033e-07 -0.281966 -2.04982e-08 1.38308e-07 0.000377344 -1.83833e-07 -4.37549e-05 -5.16136e-08 -3.24601e-06 -8.8129e-07 2.50828e-07 0.000371244 -6.77672e-08 1.23266e-05 5.94946e-07 0.0138745 4.43156e-07 -6.51315e-07 9.37701e-07 1.52597e-08 
36.9802 0.1 0.72942 0.000386597 2.353e-07 1.16126e-06 0.000384271 -4.21033e-07 -0.281966 -2.04982e-08 1.38308e-07 0.000377344 -1.83833e-07 -4.37549e-05 -5.16136e-08 -3.24601e-06 -8.8129e-07 2.50828e-07 0.000371244 -6.77672e-08 1.23266e-05 5.94946e-07 0.0138745 4.43156e-07 -6.51315e-07 9.37701e-07 1.52597e-08 
36.9751 0.1 0.72942 0.000386597 2.353e-07 1.16126e-06 0.000384271 -4.21033e-07 -0.281966 -2.04982e-08 1.38308e-07 0.000377344 -1.83833e-07 -4.37549e-05 -5.16136e-08 -3.24601e-06 -8.8129e-07 2.50828e-07 0.000371244 -6.77672e-08 1.23266e-05 5.94946e-07 0.0138745 4.43156e-07 -6.51315e-07 9.37701e-07 1.52597e-08 
36.9829 0.1 0.72942 0.000386597 2.353e-07 1.16126e-06 0.000384271 -4.21033e-07 -0.281966 -2.04982e-08 1.38308e-07 0.000377344 -1.83833e-07 -4.37549e-05 -5.16136e-08 -3.24601e-06 -8.8129e-07 2.50828e-07 0.000371244 -6.77672e-08 1.23266e-05 5.94946e-07 0.0138745 4.43156e-07 -6.51315e-07 9.37701e-07 1.52597e-08 
36.981 0.1 0.72942 0.000386597 2.353e-07 1.16126e-06 0.000384271 -4.21033e-07 -0.281966 -2.04982e-08 1.38308e-07 0.000377344 -1.83833e-07 -4.37549e-05 -5.16136e-08 -3.24601e-06 -8.8129e-07 2.50828e-07 0.000371244 -6.77672e-08 1.23266e-05 5.94946e-07 0.0138745 4.43156e-07 -6.51315e-07 9.37701e-07 1.52597e-08 
36.9766 0.1 0.72942 0.000386597 2.353e-07 1.16126e-06 0.000384271 -4.21033e-07 -0.281966 -2.04982e-08 1.38308e-07 0.000377344 -1.83833e-07 -4.37549e-05 -5.16136e-08 -3.24601e-06 -8.8129e-07 2.50828e-07 0.000371244 -6.77672e-08 1.23266e-05 5.94946e-07 0.0138745 4.43156e-07 -6.51315e-07 9.37701e-07 1.52597e-08 
36.9815 0.1 0.72942 0.000386597 2.353e-07 1.16126e-06 0.000384271 -4.21033e-07 -0.281966 -2.04982e-08 1.38308e-07 0.000377344 -1.83833e-07 -4.37549e-05 -5.16136e-08 -3.24601e-06 -8.8129e-07 2.50828e-07 0.000371244 -6.77672e-08 1.23266e-05 5.94946e-07 0.0138745 4.43156e-07 -6.51315e-07 9.37701e-07 1.52597e-08 
36.9856 0.1 0.72942 0.000386597 2.353e-07 1.16126e-06 0.000384271 -4.21033e-07 -0.281966 -2.04982e-08 1.38308e-07 0.000377344 -1.83833e-07 -4.37549e-05 -5.16136e-08 -3.24601e-06 -8.8129e-07 2.50828e-07 0.000371244 -6.77672e-08 1.23266e-05 5.94946e-07 0.0138745 4.43156e-07 -6.51315e-07 9.37701e-07 1.52597e-08 
36.9806 0.1 0.72942 0.000386597 2.353e-07 1.16126e-06 0.000384271 -4.21033e-07 -0.281966 -2.04982e-08 1.38308e-07 0.000377344 -1.83833e-07 -4.37549e-05 -5.16136e-08 -3.24601e-06 -8.8129e-07 2.50828e-07 0.000371244 -6.77672e-08 1.23266e-05 5.94946e-07 0.0138745 4.43156e-07 -6.51315e-07 9.37701e-07 1.52597e-08 
36.9733 0.1 0.72942 0.000386597 2.353e-07 1.16126e-06 0.000384271 -4.21033e-07 -0.281966 -2.04982e-08 1.38308e-07 0.000377344 -1.83833e-07 -4.37549e-05 -5.16136e-08 -3.24601e-06 -8.8129e-07 2.50828e-07 0.000371244 -6.77672e-08 1.23266e-05 5.94946e-07 0.0138745 4.43156e-07 -6.51315e-07 9.37701e-07 1.52597e-08 
36.9854 0.1 0.72942 0.000386597 2.353e-07 1.16126e-06 0.000384271 -4.21033e-07 -0.281966 -2.04982e-08 1.38308e-07 0.000377344 -1.83833e-07 -4.37549e-05 -5.16136e-08 -3.24601e-06 -8.8129e-07 2.50828e-07 0.000371244 -6.77672e-08 1.23266e-05 5.94946e-07 0.0138745 4.43156e-07 -6.51315e-07 9.37701e-07 1.52597e-08 
36.9678 0.1 0.72942 0.000386597 2.353e-07 1.16126e-06 0.000384271 -4.21033e-07 -0.281966 -2.04982e-08 1.38308e-07 0.000377344 -1.83833e-07 -4.37549e-05 -5.16136e-08 -3.24601e-06 -8.8129e-07 2.50828e-07 0.000371244 -6.77672e-08 1.23266e-05 5.94946e-07 0.0138745 4.43156e-07 -6.51315e-07 9.37701e-07 1.52597e-08 
36.9808 0.1 0.72942 0.000386597 2.353e-07 1.16126e-06 0.000384271 -4.21033e-07 -0.281966 -2.04982e-08 1.38308e-07 0.000377344 -1.83833e-07 -4.37549e-05 -5.16136e-08 -3.24601e-06 -8.8129e-07 2.50828e-07 0.000371244 -6.77672e-08 1.23266e-05 5.94946e-07 0.0138745 4.43156e-07 -6.51315e-07 9.37701e-07 1.52597e-08 
36.9816 0.1 0.72942 0.000386597 2.353e-07 1.16126e-06 0.000384271 -4.21033e-07 -0.281966 -2.04982e-08 1.38308e-07 0.000377344 -1.83833e-07 -4.37549e-05 -5.16136e-08 -3.24601e-06 -8.8129e-07 2.50828e-07 0.000371244 -6.77672e-08 1.23266e-05 5.94946e-07 0.0138745 4.43156e-07 -6.51315e-07 9.37701e-07 1.52597e-08 
36.9819 0.1 0.72942 0.000386597 2.353e-07 1.16126e-06 0.000384271 -4.21033e-07 -0.281966 -2.04982e-08 1.38308e-07 0.000377344 -1.83833e-07 -4.37549e-05 -5.16136e-08 -3.24601e-06 -8.8129e-07 2.50828e-07 0.000371244 -6.77672e-08 1.23266e-05 5.94946e-07 0.0138745 4.43156e-07 -6.51315e-07 9.37701e-07 1.52597e-08 
36.9689 0.1 0.72942 0.000386597 2.353e-07 1.16126e-06 0.000384271 -4.21033e-07 -0.281966 -2.04982e-08 1.38308e-07 0.000377344 -1.83833e-07 -4.37549e-05 -5.16136e-08 -3.24601e-06 -8.8129e-07 2.50828e-07 0.000371244 -6.77672e-08 1.23266e-05 5.94946e-07 0.0138745 4.43156e-07 -6.51315e-07 9.37701e-07 1.52597e-08 
36.9842 0.1 0.72942 0.000386597 2.353e-07 1.16126e-06 0.000384271 -4.21033e-07 -0.281966 -2.04982e-08 1.38308e-07 0.000377344 -1.83833e-07 -4.37549e-05 -5.16136e-08 -3.24601e-06 -8.8129e-07 2.50828e-07 0.000371244 -6.77672e-08 1.23266e-05 5.94946e-07 0.0138745 4.43156e-07 -6.51315e-07 9.37701e-07 1.52597e-08 
36.9765 0.1 0.72942 0.000386597 2.353e-07 1.16126e-06 0.000384271 -4.21033e-07 -0.281966 -2.04982e-08 1.38308e-07 0.000377344 -1.83833e-07 -4.37549e-05 -5.16136e-08 -3.24601e-06 -8.8129e-07 2.50828e-07 0.000371244 -6.77672e-08 1.23266e-05 5.94946e-07 0.0138745 4.43156e-07 -6.51315e-07 9.37701e-07 1.52597e-08 
36.9887 0.1 0.72942 0.000386597 2.353e-07 1.16126e-06 0.000384271 -4.21033e-07 -0.281966 -2.04982e-08 1.38308e-07 0.000377344 -1.83833e-07 -4.37549e-05 -5.16136e-08 -3.24601e-06 -8.8129e-07 2.50828e-07 0.000371244 -6.77672e-08 1.23266e-05 5.94946e-07 0.0138745 4.43156e-07 -6.51315e-07 9.37701e-07 1.52597e-08 
