#1 rho_s 
#2 coeffs 
int deriv = 0;
344.697 90.7058 0.02 0.024952 0.101011 -0.101643 1.61261 -0.0380403 0.00105417 0.0812164 0.0093916 0.00495769 0.0855511 -0.0968042 -0.0451337 -0.0184538 0.182916 0.0914557 0.39994 -0.0469415 -0.0697824 -0.174115 0.123422 0.255014 0.0235747 -0.0182964 0.0083429 0.0322651 
348.343 163.668 0.02 0.034952 0.101011 -0.101643 1.61261 -0.0380403 0.00105417 0.0812164 0.0093916 0.00495769 0.0855511 -0.0968042 -0.0451337 -0.0184538 0.182916 0.0914557 0.39994 -0.0469415 -0.0697824 -0.174115 0.123422 0.255014 0.0235747 -0.0182964 0.0083429 0.0322651 
352.778 183.872 0.02 0.044952 0.101011 -0.101643 1.61261 -0.0380403 0.00105417 0.0812164 0.0093916 0.00495769 0.0855511 -0.0968042 -0.0451337 -0.0184538 0.182916 0.0914557 0.39994 -0.0469415 -0.0697824 -0.174115 0.123422 0.255014 0.0235747 -0.0182964 0.0083429 0.0322651 
357.294 145.391 0.02 0.054952 0.101011 -0.101643 1.61261 -0.0380403 0.00105417 0.0812164 0.0093916 0.00495769 0.0855511 -0.0968042 -0.0451337 -0.0184538 0.182916 0.0914557 0.39994 -0.0469415 -0.0697824 -0.174115 0.123422 0.255014 0.0235747 -0.0182964 0.0083429 0.0322651 
361.304 52.8708 0.02 0.064952 0.101011 -0.101643 1.61261 -0.0380403 0.00105417 0.0812164 0.0093916 0.00495769 0.0855511 -0.0968042 -0.0451337 -0.0184538 0.182916 0.0914557 0.39994 -0.0469415 -0.0697824 -0.174115 0.123422 0.255014 0.0235747 -0.0182964 0.0083429 0.0322651 
364.269 -88.6961 0.02 0.074952 0.101011 -0.101643 1.61261 -0.0380403 0.00105417 0.0812164 0.0093916 0.00495769 0.0855511 -0.0968042 -0.0451337 -0.0184538 0.182916 0.0914557 0.39994 -0.0469415 -0.0697824 -0.174115 0.123422 0.255014 0.0235747 -0.0182964 0.0083429 0.0322651 
365.586 -281.356 0.02 0.084952 0.101011 -0.101643 1.61261 -0.0380403 0.00105417 0.0812164 0.0093916 0.00495769 0.0855511 -0.0968042 -0.0451337 -0.0184538 0.182916 0.0914557 0.39994 -0.0469415 -0.0697824 -0.174115 0.123422 0.255014 0.0235747 -0.0182964 0.0083429 0.0322651 
364.636 -511.187 0.02 0.094952 0.101011 -0.101643 1.61261 -0.0380403 0.00105417 0.0812164 0.0093916 0.00495769 0.0855511 -0.0968042 -0.0451337 -0.0184538 0.182916 0.0914557 0.39994 -0.0469415 -0.0697824 -0.174115 0.123422 0.255014 0.0235747 -0.0182964 0.0083429 0.0322651 
361.349 -682.02 0.02 0.104952 0.101011 -0.101643 1.61261 -0.0380403 0.00105417 0.0812164 0.0093916 0.00495769 0.0855511 -0.0968042 -0.0451337 -0.0184538 0.182916 0.0914557 0.39994 -0.0469415 -0.0697824 -0.174115 0.123422 0.255014 0.0235747 -0.0182964 0.0083429 0.0322651 
356.974 -674.038 0.02 0.114952 0.101011 -0.101643 1.61261 -0.0380403 0.00105417 0.0812164 0.0093916 0.00495769 0.0855511 -0.0968042 -0.0451337 -0.0184538 0.182916 0.0914557 0.39994 -0.0469415 -0.0697824 -0.174115 0.123422 0.255014 0.0235747 -0.0182964 0.0083429 0.0322651 
352.901 -622.188 0.02 0.124952 0.101011 -0.101643 1.61261 -0.0380403 0.00105417 0.0812164 0.0093916 0.00495769 0.0855511 -0.0968042 -0.0451337 -0.0184538 0.182916 0.0914557 0.39994 -0.0469415 -0.0697824 -0.174115 0.123422 0.255014 0.0235747 -0.0182964 0.0083429 0.0322651 
348.732 -681.193 0.02 0.134952 0.101011 -0.101643 1.61261 -0.0380403 0.00105417 0.0812164 0.0093916 0.00495769 0.0855511 -0.0968042 -0.0451337 -0.0184538 0.182916 0.0914557 0.39994 -0.0469415 -0.0697824 -0.174115 0.123422 0.255014 0.0235747 -0.0182964 0.0083429 0.0322651 
343.598 -800.168 0.02 0.144952 0.101011 -0.101643 1.61261 -0.0380403 0.00105417 0.0812164 0.0093916 0.00495769 0.0855511 -0.0968042 -0.0451337 -0.0184538 0.182916 0.0914557 0.39994 -0.0469415 -0.0697824 -0.174115 0.123422 0.255014 0.0235747 -0.0182964 0.0083429 0.0322651 
337.242 -911.321 0.02 0.154952 0.101011 -0.101643 1.61261 -0.0380403 0.00105417 0.0812164 0.0093916 0.00495769 0.0855511 -0.0968042 -0.0451337 -0.0184538 0.182916 0.0914557 0.39994 -0.0469415 -0.0697824 -0.174115 0.123422 0.255014 0.0235747 -0.0182964 0.0083429 0.0322651 
329.762 -990.677 0.02 0.164952 0.101011 -0.101643 1.61261 -0.0380403 0.00105417 0.0812164 0.0093916 0.00495769 0.0855511 -0.0968042 -0.0451337 -0.0184538 0.182916 0.0914557 0.39994 -0.0469415 -0.0697824 -0.174115 0.123422 0.255014 0.0235747 -0.0182964 0.0083429 0.0322651 
321.323 -1036.9 0.02 0.174952 0.101011 -0.101643 1.61261 -0.0380403 0.00105417 0.0812164 0.0093916 0.00495769 0.0855511 -0.0968042 -0.0451337 -0.0184538 0.182916 0.0914557 0.39994 -0.0469415 -0.0697824 -0.174115 0.123422 0.255014 0.0235747 -0.0182964 0.0083429 0.0322651 
312.025 -1056.75 0.02 0.184952 0.101011 -0.101643 1.61261 -0.0380403 0.00105417 0.0812164 0.0093916 0.00495769 0.0855511 -0.0968042 -0.0451337 -0.0184538 0.182916 0.0914557 0.39994 -0.0469415 -0.0697824 -0.174115 0.123422 0.255014 0.0235747 -0.0182964 0.0083429 0.0322651 
301.942 -1059.37 0.02 0.194952 0.101011 -0.101643 1.61261 -0.0380403 0.00105417 0.0812164 0.0093916 0.00495769 0.0855511 -0.0968042 -0.0451337 -0.0184538 0.182916 0.0914557 0.39994 -0.0469415 -0.0697824 -0.174115 0.123422 0.255014 0.0235747 -0.0182964 0.0083429 0.0322651 
291.163 -1051.93 0.02 0.204952 0.101011 -0.101643 1.61261 -0.0380403 0.00105417 0.0812164 0.0093916 0.00495769 0.0855511 -0.0968042 -0.0451337 -0.0184538 0.182916 0.0914557 0.39994 -0.0469415 -0.0697824 -0.174115 0.123422 0.255014 0.0235747 -0.0182964 0.0083429 0.0322651 
279.853 -1035.42 0.02 0.214952 0.101011 -0.101643 1.61261 -0.0380403 0.00105417 0.0812164 0.0093916 0.00495769 0.0855511 -0.0968042 -0.0451337 -0.0184538 0.182916 0.0914557 0.39994 -0.0469415 -0.0697824 -0.174115 0.123422 0.255014 0.0235747 -0.0182964 0.0083429 0.0322651 
step:0.01
rho_limit:8039.83
d_min:20
