#1 rho_s 
#2 coeffs 
28.6677 0.17 0.05 
0.161676 0.05 0.05 
0.339611 0.13151 0.05 
3.78676 0.158548 0.05 
55.5338 0.167114 0.05 
52.455 0.168402 0.05 
58.1567 0.167609 0.05 
58.1561 0.167661 0.05 
58.1572 0.167634 0.05 
58.1515 0.167626 0.05 
58.189 0.167633 0.05 
0.161682 0.05 0.05 
2.15612 0.155267 0.05 
57.8375 0.167432 0.05 
58.1346 0.167614 0.05 
58.1664 0.167633 0.05 
58.1715 0.167633 0.05 
58.1426 0.167633 0.05 
58.1951 0.167633 0.05 
0.161675 0.05 0.05 
1.20387 0.150611 0.05 
55.1276 0.167049 0.05 
58.1622 0.167601 0.05 
58.1937 0.16763 0.05 
58.1912 0.167633 0.05 
58.1518 0.167633 0.05 
58.1266 0.167633 0.05 
58.1364 0.167633 0.05 
58.1407 0.167633 0.05 
58.1331 0.167633 0.05 
