#1 rho_s 
#2 coeffs 
74.5441 0.02 0 0 0 0 1 0 0 0 1 0 0 0 0 0 0 0 0 0 0 0 0 0 0 0 0 
77.2141 0.02 -0.0111283 -0.00165639 0.00222567 0.00276045 1.00114 0.00126305 0.00219456 -0.00376067 0.999121 0.00265329 0.00506864 -0.00262373 -0.000942832 0.000211699 -0.00522186 -0.000799337 0.00011778 -0.00394671 0.00076961 0.00266969 0.00455339 0.00110036 -0.000460879 3.46609e-05 0.0111489 
75.482 0.02 -0.0222566 -0.00331278 0.00445135 0.0055209 1.00228 0.00252611 0.00438912 -0.00752135 0.998241 0.00530657 0.0101373 -0.00524747 -0.00188566 0.000423398 -0.0104437 -0.00159867 0.000235561 -0.00789341 0.00153922 0.00533938 0.00910678 0.00220072 -0.000921757 6.93218e-05 0.0222978 
75.9347 0.02 -0.0333849 -0.00496917 0.00667702 0.00828135 1.00342 0.00378916 0.00658369 -0.011282 0.997362 0.00795986 0.0152059 -0.0078712 -0.0028285 0.000635097 -0.0156656 -0.00239801 0.000353341 -0.0118401 0.00230883 0.00800907 0.0136602 0.00330107 -0.00138264 0.000103983 0.0334466 
78.1504 0.02 -0.0445132 -0.00662556 0.00890269 0.0110418 1.00455 0.00505221 0.00877825 -0.0150427 0.996483 0.0106131 0.0202746 -0.0104949 -0.00377133 0.000846795 -0.0208874 -0.00319735 0.000471121 -0.0157868 0.00307844 0.0106788 0.0182136 0.00440143 -0.00184351 0.000138644 0.0445955 
75.8492 0.02 -0.0556415 -0.00828195 0.0111284 0.0138022 1.00569 0.00631527 0.0109728 -0.0188034 0.995604 0.0132664 0.0253432 -0.0131187 -0.00471416 0.00105849 -0.0261093 -0.00399668 0.000588902 -0.0197335 0.00384805 0.0133484 0.0227669 0.00550179 -0.00230439 0.000173304 0.0557444 
75.8227 0.02 -0.0667698 -0.00993834 0.013354 0.0165627 1.00683 0.00757832 0.0131674 -0.022564 0.994724 0.0159197 0.0304118 -0.0157424 -0.00565699 0.00127019 -0.0313312 -0.00479602 0.000706682 -0.0236802 0.00461766 0.0160181 0.0273203 0.00660215 -0.00276527 0.000207965 0.0668933 
73.6688 0.02 -0.077898 -0.0115947 0.0155797 0.0193231 1.00797 0.00884137 0.0153619 -0.0263247 0.993845 0.018573 0.0354805 -0.0183661 -0.00659983 0.00148189 -0.036553 -0.00559536 0.000824462 -0.0276269 0.00538727 0.0186878 0.0318737 0.00770251 -0.00322615 0.000242626 0.0780422 
75.0513 0.02 -0.0890263 -0.0132511 0.0178054 0.0220836 1.00911 0.0101044 0.0175565 -0.0300854 0.992966 0.0212263 0.0405491 -0.0209899 -0.00754266 0.00169359 -0.0417749 -0.00639469 0.000942242 -0.0315737 0.00615688 0.0213575 0.0364271 0.00880286 -0.00368703 0.000277287 0.089191 
74.5847 0.02 -0.100155 -0.0149075 0.0200311 0.024844 1.01025 0.0113675 0.0197511 -0.0338461 0.992087 0.0238796 0.0456178 -0.0236136 -0.00848549 0.00190529 -0.0469968 -0.00719403 0.00106002 -0.0355204 0.00692649 0.0240272 0.0409805 0.00990322 -0.00414791 0.000311948 0.10034 
75.541 0.02 -0.111283 -0.0165639 0.0222567 0.0276045 1.01138 0.0126305 0.0219456 -0.0376067 0.991207 0.0265329 0.0506864 -0.0262373 -0.00942832 0.00211699 -0.0522186 -0.00799337 0.0011778 -0.0394671 0.0076961 0.0266969 0.0455339 0.0110036 -0.00460879 0.000346609 0.111489 
74.8989 0.02 -0.122411 -0.0182203 0.0244824 0.0303649 1.01252 0.0138936 0.0241402 -0.0413674 0.990328 0.0291861 0.0557551 -0.0288611 -0.0103712 0.00232869 -0.0574405 -0.0087927 0.00129558 -0.0434138 0.00846571 0.0293666 0.0500873 0.0121039 -0.00506966 0.00038127 0.122638 
69.1789 0.02 -0.13354 -0.0198767 0.0267081 0.0331254 1.01366 0.0151566 0.0263347 -0.0451281 0.989449 0.0318394 0.0608237 -0.0314848 -0.011314 0.00254039 -0.0626623 -0.00959204 0.00141336 -0.0473605 0.00923532 0.0320363 0.0546407 0.0132043 -0.00553054 0.000415931 0.133787 
73.8731 0.02 -0.144668 -0.0215331 0.0289337 0.0358858 1.0148 0.0164197 0.0285293 -0.0488888 0.98857 0.0344927 0.0658923 -0.0341085 -0.0122568 0.00275209 -0.0678842 -0.0103914 0.00153114 -0.0513072 0.0100049 0.034706 0.0591941 0.0143047 -0.00599142 0.000450591 0.144935 
66.3978 0.02 -0.155796 -0.0231894 0.0311594 0.0386463 1.01594 0.0176827 0.0307239 -0.0526494 0.98769 0.037146 0.070961 -0.0367323 -0.0131997 0.00296378 -0.0731061 -0.0111907 0.00164892 -0.0552539 0.0107745 0.0373757 0.0637474 0.015405 -0.0064523 0.000485252 0.156084 
69.615 0.02 -0.166924 -0.0248458 0.0333851 0.0414067 1.01708 0.0189458 0.0329184 -0.0564101 0.986811 0.0397993 0.0760296 -0.039356 -0.0141425 0.00317548 -0.0783279 -0.0119901 0.0017667 -0.0592006 0.0115441 0.0400453 0.0683008 0.0165054 -0.00691318 0.000519913 0.167233 
71.6877 0.02 -0.178053 -0.0265022 0.0356108 0.0441672 1.01821 0.0202089 0.035113 -0.0601708 0.985932 0.0424526 0.0810983 -0.0419797 -0.0150853 0.00338718 -0.0835498 -0.0127894 0.00188448 -0.0631473 0.0123138 0.042715 0.0728542 0.0176057 -0.00737406 0.000554574 0.178382 
68.9595 0.02 -0.189181 -0.0281586 0.0378364 0.0469276 1.01935 0.0214719 0.0373076 -0.0639315 0.985053 0.0451059 0.0861669 -0.0446035 -0.0160281 0.00359888 -0.0887717 -0.0135887 0.00200227 -0.067094 0.0130834 0.0453847 0.0774076 0.0187061 -0.00783493 0.000589235 0.189531 
67.5491 0.02 -0.200309 -0.029815 0.0400621 0.0496881 1.02049 0.022735 0.0395021 -0.0676921 0.984173 0.0477591 0.0912355 -0.0472272 -0.016971 0.00381058 -0.0939935 -0.0143881 0.00212005 -0.0710407 0.013853 0.0480544 0.081961 0.0198064 -0.00829581 0.000623896 0.20068 
65.0907 0.02 -0.211438 -0.0314714 0.0422878 0.0524485 1.02163 0.023998 0.0416967 -0.0714528 0.983294 0.0504124 0.0963042 -0.0498509 -0.0179138 0.00402228 -0.0992154 -0.0151874 0.00223783 -0.0749874 0.0146226 0.0507241 0.0865144 0.0209068 -0.00875669 0.000658557 0.211829 
65.8525 0.02 -0.222566 -0.0331278 0.0445135 0.055209 1.02277 0.0252611 0.0438912 -0.0752135 0.982415 0.0530657 0.101373 -0.0524747 -0.0188566 0.00423398 -0.104437 -0.0159867 0.00235561 -0.0789341 0.0153922 0.0533938 0.0910678 0.0220072 -0.00921757 0.000693218 0.222978 
62.4859 0.02 -0.233694 -0.0347842 0.0467391 0.0579694 1.02391 0.0265241 0.0460858 -0.0789742 0.981536 0.055719 0.106441 -0.0550984 -0.0197995 0.00444568 -0.109659 -0.0167861 0.00247339 -0.0828808 0.0161618 0.0560635 0.0956212 0.0231075 -0.00967845 0.000727879 0.234126 
61.988 0.02 -0.244822 -0.0364406 0.0489648 0.0607299 1.02504 0.0277872 0.0482804 -0.0827348 0.980656 0.0583723 0.11151 -0.0577221 -0.0207423 0.00465737 -0.114881 -0.0175854 0.00259117 -0.0868275 0.0169314 0.0587332 0.100175 0.0242079 -0.0101393 0.000762539 0.245275 
62.6071 0.02 -0.255951 -0.038097 0.0511905 0.0634903 1.02618 0.0290502 0.0504749 -0.0864955 0.979777 0.0610256 0.116579 -0.0603459 -0.0216851 0.00486907 -0.120103 -0.0183847 0.00270895 -0.0907743 0.017701 0.0614029 0.104728 0.0253082 -0.0106002 0.0007972 0.256424 
62.2183 0.02 -0.267079 -0.0397533 0.0534161 0.0662508 1.02732 0.0303133 0.0526695 -0.0902562 0.978898 0.0636789 0.121647 -0.0629696 -0.022628 0.00508077 -0.125325 -0.0191841 0.00282673 -0.094721 0.0184706 0.0640726 0.109281 0.0264086 -0.0110611 0.000831861 0.267573 
60.9799 0.02 -0.278207 -0.0414097 0.0556418 0.0690112 1.02846 0.0315763 0.054864 -0.0940169 0.978019 0.0663321 0.126716 -0.0655933 -0.0235708 0.00529247 -0.130547 -0.0199834 0.00294451 -0.0986677 0.0192402 0.0667422 0.113835 0.0275089 -0.011522 0.000866522 0.278722 
59.5791 0.02 -0.289336 -0.0430661 0.0578675 0.0717717 1.0296 0.0328394 0.0570586 -0.0977775 0.977139 0.0689854 0.131785 -0.0682171 -0.0245136 0.00550417 -0.135768 -0.0207828 0.00306229 -0.102614 0.0200099 0.0694119 0.118388 0.0286093 -0.0119828 0.000901183 0.289871 
57.4691 0.02 -0.300464 -0.0447225 0.0600932 0.0745321 1.03074 0.0341024 0.0592532 -0.101538 0.97626 0.0716387 0.136853 -0.0708408 -0.0254565 0.00571587 -0.14099 -0.0215821 0.00318007 -0.106561 0.0207795 0.0720816 0.122941 0.0297097 -0.0124437 0.000935844 0.30102 
58.2846 0.02 -0.311592 -0.0463789 0.0623188 0.0772926 1.03187 0.0353655 0.0614477 -0.105299 0.975381 0.074292 0.141922 -0.0734645 -0.0263993 0.00592757 -0.146212 -0.0223814 0.00329785 -0.110508 0.0215491 0.0747513 0.127495 0.03081 -0.0129046 0.000970505 0.312169 
53.8205 0.02 -0.32272 -0.0480353 0.0645445 0.080053 1.03301 0.0366286 0.0636423 -0.10906 0.974502 0.0769453 0.146991 -0.0760883 -0.0273421 0.00613927 -0.151434 -0.0231808 0.00341563 -0.114454 0.0223187 0.077421 0.132048 0.0319104 -0.0133655 0.00100517 0.323318 
52.077 0.02 -0.333849 -0.0496917 0.0667702 0.0828135 1.03415 0.0378916 0.0658369 -0.11282 0.973622 0.0795986 0.152059 -0.078712 -0.028285 0.00635097 -0.156656 -0.0239801 0.00353341 -0.118401 0.0230883 0.0800907 0.136602 0.0330107 -0.0138264 0.00103983 0.334466 
52.138 0.02 -0.344977 -0.0513481 0.0689958 0.0855739 1.03529 0.0391547 0.0680314 -0.116581 0.972743 0.0822519 0.157128 -0.0813357 -0.0292278 0.00656266 -0.161878 -0.0247794 0.00365119 -0.122348 0.0238579 0.0827604 0.141155 0.0341111 -0.0142872 0.00107449 0.345615 
50.5271 0.02 -0.356105 -0.0530045 0.0712215 0.0883344 1.03643 0.0404177 0.070226 -0.120342 0.971864 0.0849051 0.162197 -0.0839595 -0.0301706 0.00677436 -0.1671 -0.0255788 0.00376897 -0.126295 0.0246275 0.0854301 0.145708 0.0352115 -0.0147481 0.00110915 0.356764 
46.5271 0.02 -0.367234 -0.0546608 0.0734472 0.0910948 1.03757 0.0416808 0.0724205 -0.124102 0.970985 0.0875584 0.167265 -0.0865832 -0.0311135 0.00698606 -0.172321 -0.0263781 0.00388675 -0.130241 0.0253971 0.0880998 0.150262 0.0363118 -0.015209 0.00114381 0.367913 
45.9868 0.02 -0.378362 -0.0563172 0.0756729 0.0938553 1.0387 0.0429438 0.0746151 -0.127863 0.970105 0.0902117 0.172334 -0.0892069 -0.0320563 0.00719776 -0.177543 -0.0271774 0.00400453 -0.134188 0.0261667 0.0907695 0.154815 0.0374122 -0.0156699 0.00117847 0.379062 
45.2003 0.02 -0.38949 -0.0579736 0.0778985 0.0966157 1.03984 0.0442069 0.0768097 -0.131624 0.969226 0.092865 0.177402 -0.0918307 -0.0329991 0.00740946 -0.182765 -0.0279768 0.00412231 -0.138135 0.0269363 0.0934391 0.159369 0.0385125 -0.0161307 0.00121313 0.390211 
50.2521 0.02 -0.400619 -0.05963 0.0801242 0.0993762 1.04098 0.0454699 0.0790042 -0.135384 0.968347 0.0955183 0.182471 -0.0944544 -0.033942 0.00762116 -0.187987 -0.0287761 0.00424009 -0.142081 0.0277059 0.0961088 0.163922 0.0396129 -0.0165916 0.00124779 0.40136 
41.5129 0.02 -0.411747 -0.0612864 0.0823499 0.102137 1.04212 0.046733 0.0811988 -0.139145 0.967468 0.0981716 0.18754 -0.0970781 -0.0348848 0.00783286 -0.193209 -0.0295755 0.00435787 -0.146028 0.0284756 0.0987785 0.168475 0.0407132 -0.0170525 0.00128245 0.412509 
47.9146 0.02 -0.422875 -0.0629428 0.0845756 0.104897 1.04326 0.047996 0.0833934 -0.142906 0.966588 0.100825 0.192608 -0.0997019 -0.0358276 0.00804456 -0.198431 -0.0303748 0.00447565 -0.149975 0.0292452 0.101448 0.173029 0.0418136 -0.0175134 0.00131711 0.423657 
43.5334 0.02 -0.434003 -0.0645992 0.0868012 0.107658 1.0444 0.0492591 0.0855879 -0.146666 0.965709 0.103478 0.197677 -0.102326 -0.0367705 0.00825626 -0.203653 -0.0311741 0.00459343 -0.153922 0.0300148 0.104118 0.177582 0.042914 -0.0179743 0.00135177 0.434806 
37.8035 0.02 -0.445132 -0.0662556 0.0890269 0.110418 1.04553 0.0505221 0.0877825 -0.150427 0.96483 0.106131 0.202746 -0.104949 -0.0377133 0.00846795 -0.208874 -0.0319735 0.00471121 -0.157868 0.0307844 0.106788 0.182136 0.0440143 -0.0184351 0.00138644 0.445955 
